1395
1321
1283
1257
1257
1332
1418
1503
1556
1588
1612
1636
1649
1655
1662
1664
1672
1670
1674
1672
1679
1674
1677
1680
1683
1681
1680
1681
1681
1683
1683
1683
1683
1692
1688
1688
1683
1692
1692
1689
1689
1690
1688
1692
1686
1688
1689
1687
1690
1689
1688
1686
1687
1686
1679
1677
1677
1669
1668
1660
1657
1656
1650
1650
1650
1645
1645
1638
1640
1635
1632
1627
1631
1627
1628
1629
1629
1627
1630
1631
1631
1630
1630
1631
1629
1630
1630
1634
1629
1630
1630
1630
1627
1631
1634
1636
1637
1631
1630
1630
1630
1635
1637
1638
1640
1637
1640
1640
1637
1636
1636
1638
1640
1643
1641
1641
1640
1637
1640
1638
1641
1640
1642
1641
1642
1642
1640
1641
1640
1644
1640
1638
1632
1631
1627
1625
1624
1624
1624
1630
1634
1630
1635
1636
1636
1634
1635
1634
1631
1631
1632
1632
1632
1635
1635
1636
1636
1637
1635
1636
1634
1635
1632
1636
1631
1634
1636
1637
1636
1631
1628
1627
1625
1606
1560
1492
1442
1376
1314
1287
1262
1275
1350
1435
1508
1556
1585
1608
1635
1643
1654
1659
1662
1668
1670
1674
1676
1677
1681
1681
1679
1675
1674
1681
1681
1680
1683
1687
1679
1659
1672
1679
1683
1683
1688
1688
1688
1687
1692
1688
1690
1692
1692
1692
1688
1688
1683
1687
1686
1685
1680
1679
1677
1677
1674
1669
1663
1664
1659
1657
1654
1653
1644
1643
1642
1640
1637
1631
1630
1627
1630
1625
1631
1629
1630
1629
1634
1630
1636
1635
1632
1630
1631
1629
1630
1630
1631
1636
1634
1631
1630
1634
1629
1635
1632
1635
1631
1638
1640
1641
1637
1640
1644
1641
1642
1640
1643
1643
1643
1649
1645
1648
1641
1641
1643
1643
1643
1645
1648
1645
1647
1645
1644
1645
1643
1644
1641
1640
1636
1640
1636
1638
1640
1634
1641
1636
1640
1635
1635
1629
1631
1623
1624
1624
1627
1625
1631
1632
1635
1631
1631
1636
1634
1636
1632
1631
1627
1632
1631
1631
1634
1631
1631
1631
1632
1631
1635
1634
1636
1632
1635
1629
1631
1630
1630
1624
1625
1615
1586
1540
1506
1441
1356
1305
1267
1255
1321
1402
1485
1540
1574
1602
1624
1638
1643
1654
1662
1666
1670
1669
1670
1669
1674
1679
1679
1672
1677
1679
1677
1679
1680
1674
1679
1681
1679
1679
1685
1681
1683
1685
1688
1692
1683
1687
1687
1687
1683
1683
1681
1682
1685
1680
1679
1680
1677
1674
1677
1676
1669
1667
1664
1656
1654
1649
1650
1648
1647
1641
1638
1636
1631
1630
1625
1624
1622
1622
1622
1629
1624
1627
1627
1631
1630
1635
1629
1630
1627
1630
1631
1635
1632
1630
1631
1630
1635
1630
1632
1630
1632
1636
1636
1635
1635
1636
1636
1641
1640
1641
1640
1640
1641
1643
1643
1642
1645
1640
1645
1649
1645
1644
1643
1645
1644
1648
1645
1645
1649
1645
1647
1645
1643
1641
1645
1643
1642
1640
1636
1643
1636
1643
1643
1642
1640
1640
1640
1635
1632
1624
1693
1673
1662
1653
1648
1641
1641
1638
1638
1635
1636
1634
1630
1632
1630
1627
1622
1623
1624
1629
1625
1630
1631
1635
1635
1634
1631
1632
1636
1635
1635
1631
1631
1630
1632
1630
1634
1630
1635
1631
1635
1627
1631
1629
1631
1634
1636
1634
1632
1628
1627
1614
1582
1550
1499
1422
1373
1314
1270
1270
1339
1416
1494
1548
1577
1603
1617
1641
1645
1655
1660
1664
1668
1675
1674
1669
1669
1673
1673
1679
1677
1674
1677
1680
1679
1677
1680
1675
1680
1685
1680
1679
1683
1685
1683
1688
1688
1687
1681
1681
1680
1679
1683
1681
1680
1680
1683
1677
1676
1674
1673
1672
1673
1664
1660
1657
1653
1654
1643
1643
1638
1640
1630
1631
1629
1627
1624
1627
1627
1627
1622
1622
1621
1621
1624
1622
1621
1617
1624
1622
1624
1622
1627
1624
1629
1627
1624
1621
1627
1621
1624
1624
1629
1631
1627
1629
1631
1630
1630
1634
1632
1635
1634
1635
1634
1641
1641
1643
1643
1640
1640
1640
1641
1640
1641
1641
1640
1640
1638
1638
1634
1634
1631
1636
1636
1638
1634
1636
1635
1635
1631
1630
1630
1631
1632
1636
1632
1631
1631
1629
1628
1627
1630
1627
1627
1629
1630
1627
1625
1630
1632
1634
1631
1631
1630
1629
1624
1634
1628
1627
1627
1630
1627
1631
1629
1630
1630
1629
1630
1629
1627
1630
1631
1631
1630
1630
1630
1628
1630
1628
1636
1630
1629
1629
1630
1630
1630
1629
1629
1623
1628
1627
1630
1628
1627
1631
1634
1631
1630
1629
1625
1630
1622
1621
1622
1625
1630
1630
1627
1627
1619
1618
1615
1616
1616
1615
1617
1622
1621
1621
1622
1627
1627
1627
1623
1624
1621
1627
1623
1625
1623
1624
1627
1623
1625
1630
1629
1625
1622
1627
1615
1683
1661
1644
1638
1617
1590
1544
1488
1417
1353
1302
1268
1255
1302
1388
1476
1537
1573
1597
1617
1635
1650
1657
1657
1662
1669
1669
1673
1675
1674
1673
1674
1677
1674
1674
1674
1676
1679
1683
1681
1681
1686
1683
1679
1682
1683
1687
1689
1693
1687
1689
1687
1687
1688
1688
1692
1692
1687
1688
1690
1680
1679
1679
1675
1674
1674
1670
1669
1664
1662
1662
1655
1648
1643
1643
1641
1636
1638
1632
1631
1624
1625
1627
1625
1624
1624
1623
1627
1629
1630
1623
1630
1625
1628
1624
1627
1623
1631
1629
1629
1628
1630
1628
1631
1631
1631
1631
1628
1630
1631
1638
1634
1635
1632
1636
1637
1637
1638
1638
1643
1640
1640
1640
1642
1640
1640
1644
1641
1640
1640
1641
1640
1636
1635
1631
1640
1637
1641
1637
1634
1630
1636
1638
1637
1636
1631
1635
1630
1631
1625
1629
1622
1627
1624
1629
1629
1630
1629
1631
1632
1632
1630
1628
1630
1631
1631
1629
1631
1625
1631
1631
1635
1630
1631
1627
1634
1631
1627
1627
1631
1630
1629
1629
1623
1624
1617
1597
1567
1518
1460
1391
1325
1264
1243
1266
1343
1431
1515
1559
1589
1612
1631
1645
1650
1654
1662
1664
1667
1669
1673
1673
1674
1673
1674
1676
1677
1679
1674
1677
1680
1683
1681
1681
1677
1681
1683
1683
1685
1688
1689
1688
1690
1690
1687
1685
1689
1692
1688
1686
1683
1687
1680
1683
1679
1677
1674
1676
1669
1667
1660
1657
1655
1654
1650
1645
1641
1635
1635
1634
1634
1628
1627
1627
1630
1627
1627
1625
1625
1624
1630
1629
1629
1630
1630
1632
1630
1631
1631
1634
1628
1635
1631
1634
1630
1630
1631
1631
1635
1632
1635
1635
1641
1635
1637
1634
1640
1632
1635
1636
1631
1694
1676
1669
1662
1657
1645
1647
1643
1642
1644
1645
1640
1637
1641
1642
1643
1640
1640
1638
1634
1630
1630
1627
1625
1631
1631
1635
1632
1635
1635
1636
1634
1631
1631
1631
1635
1634
1635
1630
1632
1634
1636
1632
1635
1635
1636
1635
1636
1635
1635
1635
1636
1641
1635
1634
1629
1630
1625
1616
1593
1553
1480
1432
1373
1309
1261
1241
1286
1373
1460
1526
1564
1592
1621
1641
1649
1656
1660
1668
1674
1673
1674
1673
1681
1673
1674
1674
1674
1677
1680
1681
1680
1683
1686
1680
1681
1686
1687
1683
1682
1687
1686
1692
1689
1692
1693
1692
1690
1694
1689
1683
1687
1688
1687
1686
1683
1682
1681
1679
1674
1668
1664
1662
1662
1660
1654
1650
1643
1637
1636
1635
1625
1631
1627
1629
1625
1624
1622
1625
1623
1627
1630
1625
1625
1624
1627
1630
1628
1625
1625
1629
1629
1628
1623
1624
1625
1624
1630
1627
1630
1628
1631
1631
1636
1632
1636
1636
1634
1635
1635
1635
1632
1635
1638
1642
1643
1643
1641
1638
1640
1641
1641
1641
1642
1645
1643
1645
1642
1643
1638
1638
1641
1637
1638
1635
1640
1632
1635
1627
1627
1622
1627
1629
1632
1631
1632
1634
1634
1631
1630
1635
1631
1634
1632
1636
1629
1631
1635
1638
1636
1634
1635
1634
1635
1634
1636
1631
1630
1631
1635
1629
1632
1628
1631
1621
1604
1572
1520
1448
1395
1326
1289
1251
1281
1351
1436
1511
1556
1584
1608
1630
1642
1654
1660
1663
1672
1670
1674
1676
1674
1673
1674
1677
1680
1679
1682
1686
1689
1683
1683
1679
1677
1682
1685
1685
1683
1688
1683
1692
1689
1696
1690
1690
1690
1692
1687
1687
1689
1688
1688
1688
1686
1681
1680
1676
1677
1675
1669
1663
1661
1647
1660
1653
1649
1648
1641
1641
1636
1634
1630
1630
1629
1629
1628
1627
1629
1630
1629
1631
1628
1627
1627
1631
1629
1631
1629
1631
1630
1634
1630
1631
1625
1624
1630
1631
1634
1634
1636
1636
1638
1632
1635
1634
1634
1635
1640
1636
1635
1640
1640
1642
1641
1645
1641
1637
1641
1641
1643
1640
1642
1640
1643
1641
1641
1641
1636
1641
1642
1642
1636
1636
1631
1631
1630
1629
1623
1629
1629
1630
1632
1631
1629
1630
1631
1631
1635
1629
1631
1628
1631
1630
1630
1627
1630
1631
1635
1634
1635
1630
1630
1634
1631
1627
1624
1628
1628
1627
1625
1623
1612
1586
1551
1511
1445
1378
1308
1275
1262
1289
1371
1450
1521
1558
1590
1611
1624
1641
1649
1654
1655
1657
1662
1662
1663
1669
1669
1668
1668
1673
1672
1676
1670
1673
1672
1674
1677
1677
1677
1675
1679
1681
1679
1680
1683
1679
1677
1679
1683
1683
1681
1682
1685
1681
1685
1681
1676
1677
1677
1674
1670
1668
1666
1664
1662
1657
1655
1650
1645
1641
1640
1631
1631
1627
1628
1621
1622
1621
1625
1621
1624
1621
1623
1619
1622
1622
1625
1624
1622
1622
1623
1624
1624
1627
1619
1621
1619
1622
1621
1621
1625
1629
1627
1629
1625
1629
1623
1625
1629
1631
1631
1631
1632
1635
1635
1635
1636
1631
1634
1635
1636
1630
1637
1640
1641
1637
1640
1634
1632
1631
1637
1641
1636
1638
1635
1635
1631
1627
1624
1623
1622
1630
1627
1631
1627
1631
1631
1632
1631
1635
1631
1631
1631
1627
1627
1624
1631
1635
1631
1631
1631
1630
1631
1630
1632
1631
1629
1627
1627
1630
1634
1631
1630
1628
1622
1597
1548
1506
1460
1393
1339
1275
1254
1276
1353
1432
1513
1556
1585
1611
1612
1677
1679
1673
1672
1673
1673
1679
1673
1672
1669
1672
1679
1677
1679
1677
1683
1683
1675
1675
1675
1674
1679
1681
1681
1681
1689
1683
1686
1687
1688
1687
1683
1683
1688
1686
1686
1682
1687
1687
1686
1680
1675
1676
1673
1670
1669
1662
1660
1660
1656
1655
1650
1648
1640
1641
1634
1632
1631
1624
1622
1630
1631
1625
1625
1624
1627
1624
1621
1623
1621
1627
1627
1627
1622
1627
1623
1630
1625
1627
1623
1622
1623
1627
1629
1629
1627
1631
1625
1627
1624
1623
1625
1629
1631
1635
1634
1631
1635
1631
1632
1631
1637
1636
1640
1640
1637
1640
1636
1635
1631
1636
1630
1634
1631
1634
1632
1631
1627
1629
1622
1624
1625
1629
1627
1625
1624
1627
1630
1629
1630
1627
1627
1624
1627
1627
1625
1622
1624
1627
1631
1625
1627
1627
1631
1627
1631
1627
1625
1622
1625
1624
1622
1617
1622
1616
1602
1558
1518
1460
1393
1337
1281
1262
1251
1320
1404
1489
1540
1571
1599
1621
1632
1648
1654
1655
1660
1663
1664
1667
1664
1668
1668
1668
1672
1672
1668
1664
1674
1674
1675
1677
1679
1674
1677
1675
1675
1674
1677
1680
1679
1680
1676
1679
1680
1677
1677
1679
1677
1676
1677
1674
1673
1672
1664
1664
1663
1660
1655
1654
1650
1648
1643
1643
1636
1630
1628
1627
1621
1622
1612
1617
1616
1619
1618
1617
1619
1621
1621
1621
1618
1618
1616
1621
1624
1624
1624
1619
1622
1621
1621
1617
1619
1622
1619
1621
1624
1622
1625
1627
1628
1627
1624
1624
1625
1629
1630
1631
1629
1631
1631
1635
1631
1634
1630
1636
1638
1635
1636
1635
1640
1640
1642
1635
1635
1632
1636
1635
1636
1631
1625
1621
1623
1624
1622
1622
1625
1624
1628
1624
1623
1640
1692
1669
1664
1655
1647
1642
1632
1634
1629
1629
1624
1628
1627
1627
1630
1629
1624
1629
1629
1627
1623
1624
1622
1624
1622
1623
1615
1595
1564
1521
1467
1389
1324
1273
1243
1261
1337
1418
1492
1539
1570
1598
1619
1634
1645
1654
1659
1662
1664
1666
1669
1669
1669
1669
1667
1669
1674
1675
1676
1675
1675
1674
1674
1677
1677
1677
1679
1680
1679
1681
1683
1677
1679
1680
1680
1683
1682
1681
1683
1685
1682
1679
1680
1677
1673
1673
1669
1662
1662
1660
1659
1653
1650
1645
1637
1637
1635
1635
1625
1625
1617
1621
1621
1617
1616
1617
1622
1618
1616
1617
1615
1614
1617
1617
1617
1616
1623
1624
1624
1621
1617
1617
1616
1618
1621
1622
1621
1621
1622
1624
1622
1622
1622
1622
1624
1625
1624
1624
1625
1630
1630
1634
1631
1630
1630
1635
1635
1634
1630
1631
1632
1635
1640
1634
1631
1628
1630
1629
1634
1627
1627
1629
1631
1630
1635
1634
1630
1625
1627
1627
1622
1625
1624
1624
1621
1621
1618
1614
1619
1617
1616
1616
1619
1619
1621
1618
1624
1622
1623
1622
1625
1622
1617
1614
1622
1622
1622
1619
1623
1621
1616
1621
1621
1617
1617
1617
1622
1621
1622
1619
1621
1611
1602
1570
1512
1450
1404
1338
1300
1260
1273
1332
1414
1488
1538
1565
1590
1611
1632
1640
1644
1650
1655
1661
1664
1664
1669
1667
1664
1668
1668
1666
1668
1667
1668
1669
1670
1674
1673
1673
1679
1679
1674
1674
1676
1679
1677
1679
1677
1677
1677
1679
1679
1676
1677
1676
1676
1674
1673
1668
1673
1663
1660
1657
1655
1649
1645
1649
1645
1642
1636
1635
1629
1628
1621
1622
1616
1616
1617
1622
1618
1621
1615
1616
1612
1614
1614
1616
1611
1623
1630
1623
1625
1622
1622
1618
1624
1618
1622
1619
1622
1621
1624
1617
1624
1618
1622
1619
1628
1622
1629
1623
1629
1625
1629
1627
1627
1625
1629
1631
1630
1632
1636
1643
1636
1640
1634
1636
1632
1635
1635
1634
1628
1630
1627
1635
1634
1635
1631
1634
1632
1638
1634
1629
1627
1629
1627
1629
1627
1628
1630
1629
1632
1630
1627
1624
1625
1627
1627
1621
1622
1622
1622
1622
1623
1623
1621
1621
1622
1619
1617
1617
1617
1616
1617
1616
1614
1616
1617
1622
1622
1622
1617
1624
1622
1624
1622
1624
1625
1627
1622
1624
1622
1623
1622
1622
1621
1627
1624
1624
1622
1624
1622
1621
1614
1615
1603
1580
1530
1498
1428
1364
1313
1276
1251
1302
1378
1456
1522
1558
1586
1610
1624
1638
1649
1649
1655
1656
1662
1663
1664
1666
1662
1663
1668
1672
1672
1669
1669
1669
1674
1675
1673
1670
1673
1670
1677
1681
1676
1673
1680
1681
1679
1680
1677
1681
1683
1683
1679
1679
1686
1677
1676
1677
1674
1673
1669
1664
1662
1655
1654
1651
1649
1648
1642
1641
1635
1634
1625
1624
1622
1619
1617
1619
1619
1617
1616
1616
1616
1616
1619
1617
1615
1617
1618
1621
1618
1618
1617
1619
1621
1621
1622
1624
1622
1622
1621
1625
1621
1624
1621
1627
1627
1629
1627
1627
1636
1629
1631
1630
1631
1630
1632
1635
1635
1632
1636
1636
1637
1640
1640
1635
1635
1635
1635
1638
1637
1636
1632
1634
1632
1632
1631
1631
1634
1634
1635
1635
1634
1631
1629
1627
1629
1625
1625
1628
1632
1629
1627
1631
1629
1624
1629
1627
1630
1625
1627
1629
1631
1629
1628
1627
1627
1627
1627
1628
1625
1629
1630
1631
1625
1630
1625
1627
1624
1622
1621
1623
1623
1619
1668
1650
1640
1631
1627
1622
1624
1621
1616
1619
1621
1622
1622
1622
1622
1625
1628
1625
1623
1622
1624
1623
1623
1624
1624
1622
1625
1627
1625
1627
1627
1622
1622
1624
1630
1623
1619
1615
1605
1577
1516
1473
1399
1338
1289
1272
1242
1296
1370
1467
1534
1570
1597
1618
1635
1645
1653
1655
1661
1664
1664
1669
1672
1673
1669
1674
1679
1673
1673
1673
1674
1677
1680
1676
1677
1677
1680
1679
1681
1681
1677
1681
1682
1683
1679
1683
1682
1681
1682
1681
1677
1683
1679
1676
1679
1679
1669
1673
1670
1664
1666
1660
1656
1653
1651
1650
1641
1636
1637
1635
1629
1624
1621
1621
1616
1618
1616
1621
1617
1621
1617
1623
1618
1622
1618
1619
1617
1621
1623
1624
1618
1622
1621
1619
1621
1619
1619
1622
1622
1624
1621
1624
1624
1630
1627
1628
1627
1630
1629
1631
1630
1630
1631
1631
1638
1637
1636
1635
1637
1635
1635
1638
1631
1632
1631
1635
1634
1635
1632
1636
1634
1634
1631
1631
1630
1627
1631
1630
1631
1624
1624
1622
1625
1622
1621
1615
1615
1622
1624
1622
1625
1621
1627
1624
1625
1624
1627
1619
1624
1627
1630
1624
1624
1621
1622
1624
1625
1622
1625
1625
1630
1625
1621
1622
1623
1622
1623
1624
1623
1623
1619
1603
1574
1534
1464
1409
1328
1276
1243
1250
1303
1390
1469
1530
1561
1584
1608
1631
1643
1648
1651
1656
1662
1664
1668
1668
1666
1669
1668
1672
1668
1669
1670
1673
1672
1673
1674
1674
1679
1682
1680
1679
1679
1682
1679
1682
1685
1681
1679
1681
1683
1682
1683
1686
1683
1680
1680
1679
1676
1675
1674
1673
1674
1663
1663
1660
1655
1649
1645
1649
1645
1641
1640
1635
1629
1627
1625
1624
1622
1622
1612
1608
1609
1616
1619
1622
1621
1622
1622
1624
1624
1623
1622
1622
1624
1627
1624
1623
1624
1627
1624
1627
1625
1623
1623
1625
1629
1630
1629
1630
1636
1636
1636
1636
1640
1632
1635
1636
1640
1635
1635
1636
1638
1640
1640
1641
1636
1641
1636
1643
1636
1636
1636
1638
1637
1632
1630
1631
1631
1632
1635
1634
1630
1623
1624
1619
1622
1622
1627
1624
1627
1624
1627
1627
1627
1630
1630
1624
1625
1627
1624
1624
1628
1624
1622
1624
1625
1622
1623
1619
1623
1624
1630
1627
1630
1624
1627
1622
1629
1621
1617
1598
1566
1527
1470
1398
1331
1272
1243
1260
1340
1417
1494
1545
1577
1597
1619
1631
1640
1653
1654
1662
1660
1662
1662
1663
1667
1664
1664
1664
1669
1672
1673
1672
1673
1673
1675
1672
1669
1673
1676
1676
1680
1681
1675
1677
1683
1679
1677
1679
1681
1683
1683
1680
1677
1677
1674
1670
1673
1669
1670
1667
1663
1660
1660
1655
1650
1644
1641
1637
1636
1631
1624
1624
1623
1622
1622
1622
1622
1617
1617
1621
1615
1614
1612
1615
1615
1617
1619
1617
1621
1618
1623
1618
1621
1621
1622
1617
1615
1614
1617
1616
1622
1621
1623
1619
1622
1624
1624
1624
1625
1625
1627
1629
1631
1635
1630
1634
1632
1635
1631
1635
1634
1635
1637
1635
1632
1630
1631
1631
1631
1635
1632
1630
1631
1631
1634
1635
1631
1627
1627
1624
1624
1621
1621
1621
1623
1623
1630
1623
1624
1623
1629
1628
1630
1624
1630
1625
1631
1629
1630
1627
1625
1627
1630
1627
1627
1625
1627
1629
1631
1627
1623
1622
1623
1625
1622
1622
1619
1606
1583
1544
1488
1422
1357
1316
1270
1262
1312
1389
1466
1525
1565
1588
1617
1631
1641
1650
1655
1692
1693
1685
1679
1674
1674
1673
1674
1674
1676
1673
1670
1672
1679
1677
1675
1679
1679
1679
1679
1677
1677
1681
1681
1682
1683
1687
1687
1686
1685
1682
1688
1687
1679
1676
1681
1679
1680
1681
1677
1675
1674
1670
1666
1660
1654
1654
1649
1648
1643
1641
1636
1636
1631
1632
1630
1623
1624
1624
1625
1629
1623
1624
1622
1623
1622
1624
1622
1621
1627
1627
1624
1622
1621
1624
1622
1625
1627
1625
1623
1625
1625
1628
1630
1630
1630
1631
1634
1631
1631
1629
1634
1634
1635
1631
1632
1634
1634
1636
1638
1642
1641
1641
1636
1637
1635
1635
1640
1637
1641
1636
1640
1632
1636
1631
1637
1636
1636
1631
1634
1631
1635
1634
1627
1629
1622
1624
1621
1618
1623
1629
1624
1627
1624
1624
1621
1629
1623
1631
1629
1628
1624
1630
1623
1630
1624
1624
1627
1630
1624
1622
1623
1624
1627
1624
1627
1627
1629
1627
1624
1617
1616
1605
1583
1544
1489
1437
1367
1319
1270
1275
1313
1392
1475
1539
1570
1601
1621
1631
1645
1654
1655
1666
1663
1660
1663
1669
1667
1669
1673
1672
1670
1677
1673
1673
1673
1674
1677
1677
1677
1679
1681
1683
1682
1682
1683
1682
1680
1683
1686
1685
1683
1689
1683
1688
1685
1677
1679
1682
1681
1675
1677
1674
1669
1669
1664
1660
1659
1649
1650
1643
1642
1643
1635
1631
1631
1627
1630
1629
1625
1623
1624
1624
1625
1624
1623
1627
1625
1624
1627
1627
1624
1625
1624
1627
1624
1625
1624
1630
1627
1631
1631
1634
1631
1640
1632
1631
1629
1634
1634
1635
1636
1634
1636
1635
1640
1640
1638
1638
1640
1640
1640
1641
1641
1643
1642
1642
1642
1644
1645
1643
1647
1643
1641
1640
1640
1638
1635
1634
1631
1629
1625
1627
1629
1635
1628
1637
1630
1634
1631
1635
1631
1631
1632
1638
1632
1631
1634
1634
1637
1631
1638
1628
1640
1631
1638
1635
1635
1630
1636
1631
1635
1634
1632
1630
1625
1621
1602
1564
1506
1468
1393
1343
1279
1259
1270
1347
1431
1507
1554
1583
1611
1636
1644
1655
1661
1662
1669
1675
1673
1673
1674
1679
1679
1679
1676
1679
1683
1683
1687
1683
1681
1683
1683
1690
1689
1687
1687
1690
1689
1692
1688
1688
1690
1693
1693
1692
1692
1690
1688
1686
1686
1687
1683
1677
1674
1676
1673
1669
1666
1662
1660
1655
1655
1653
1645
1643
1641
1637
1629
1631
1630
1631
1628
1629
1627
1625
1624
1628
1625
1624
1622
1630
1623
1636
1631
1630
1625
1629
1630
1631
1630
1625
1630
1630
1630
1627
1632
1624
1631
1627
1635
1631
1637
1637
1641
1636
1638
1637
1636
1636
1638
1641
1643
1643
1643
1641
1643
1640
1641
1640
1640
1640
1642
1643
1641
1641
1638
1642
1637
1638
1636
1635
1632
1635
1631
1627
1627
1629
1630
1630
1631
1630
1631
1630
1635
1631
1631
1632
1631
1631
1631
1632
1635
1635
1630
1631
1632
1631
1627
1631
1635
1635
1632
1631
1632
1634
1630
1630
1632
1624
1627
1622
1597
1563
1511
1451
1385
1338
1280
1256
1270
1357
1447
1514
1561
1589
1617
1631
1640
1651
1657
1663
1668
1674
1674
1673
1675
1679
1676
1681
1677
1679
1679
1679
1679
1685
1681
1681
1686
1690
1688
1687
1688
1688
1690
1688
1687
1693
1692
1692
1696
1695
1692
1692
1688
1688
1688
1688
1688
1686
1681
1680
1677
1669
1668
1668
1662
1659
1656
1655
1645
1645
1641
1640
1635
1631
1630
1631
1632
1635
1632
1632
1629
1630
1631
1631
1629
1627
1629
1630
1573
1591
1605
1611
1618
1624
1631
1629
1632
1632
1635
1631
1636
1635
1635
1635
1635
1636
1632
1637
1635
1640
1635
1637
1643
1643
1642
1642
1644
1643
1645
1649
1645
1650
1649
1650
1649
1649
1648
1650
1649
1644
1645
1642
1642
1638
1641
1642
1642
1643
1643
1642
1636
1634
1631
1631
1627
1631
1629
1631
1635
1638
1638
1636
1636
1640
1640
1637
1640
1634
1635
1631
1640
1635
1636
1634
1636
1637
1640
1638
1637
1634
1632
1632
1635
1631
1630
1634
1631
1629
1625
1615
1586
1544
1501
1460
1384
1322
1282
1275
1306
1385
1460
1526
1564
1592
1616
1636
1645
1656
1663
1669
1670
1669
1673
1673
1674
1679
1679
1673
1674
1681
1680
1677
1679
1680
1681
1685
1683
1686
1683
1685
1687
1686
1688
1688
1687
1688
1692
1693
1688
1688
1690
1690
1690
1692
1688
1685
1683
1686
1683
1680
1676
1672
1668
1669
1661
1654
1650
1649
1645
1643
1641
1634
1632
1631
1635
1631
1631
1630
1629
1630
1627
1630
1630
1623
1630
1628
1631
1629
1627
1629
1629
1630
1624
1629
1628
1630
1630
1635
1631
1631
1629
1631
1631
1634
1630
1634
1631
1634
1635
1636
1635
1635
1641
1641
1641
1640
1640
1643
1644
1645
1644
1644
1650
1648
1645
1643
1641
1641
1641
1641
1643
1649
1644
1643
1638
1643
1641
1637
1637
1635
1638
1631
1632
1625
1627
1627
1632
1631
1636
1635
1635
1632
1636
1636
1636
1638
1634
1638
1638
1637
1635
1635
1632
1635
1635
1636
1636
1635
1636
1638
1635
1632
1641
1634
1636
1635
1632
1631
1634
1625
1612
1577
1530
1461
1392
1335
1290
1264
1302
1371
1447
1521
1567
1589
1612
1635
1642
1654
1661
1662
1667
1674
1674
1679
1679
1677
1677
1681
1681
1631
1599
1630
1644
1659
1664
1669
1674
1680
1686
1687
1687
1690
1688
1687
1688
1692
1687
1685
1689
1690
1690
1687
1688
1688
1686
1687
1679
1680
1680
1676
1673
1674
1669
1664
1664
1660
1656
1653
1650
1641
1642
1641
1635
1637
1631
1631
1630
1627
1630
1631
1631
1634
1636
1635
1635
1634
1630
1630
1629
1634
1631
1631
1630
1635
1631
1635
1628
1634
1630
1631
1636
1636
1637
1635
1636
1637
1637
1635
1636
1636
1640
1637
1641
1643
1642
1645
1643
1645
1641
1640
1641
1640
1643
1643
1645
1645
1645
1648
1645
1645
1642
1643
1641
1638
1637
1632
1636
1636
1641
1637
1636
1635
1635
1638
1635
1635
1632
1630
1627
1624
1622
1624
1622
1629
1628
1634
1630
1630
1625
1631
1631
1634
1631
1630
1635
1630
1631
1630
1629
1628
1634
1630
1636
1634
1636
1630
1635
1631
1634
1628
1630
1631
1630
1631
1629
1622
1609
1579
1522
1479
1401
1332
1290
1270
1273
1338
1418
1498
1551
1588
1614
1636
1649
1655
1662
1669
1669
1670
1669
1668
1676
1675
1668
1673
1677
1679
1679
1679
1676
1677
1680
1683
1680
1679
1680
1683
1685
1687
1689
1685
1688
1692
1692
1690
1688
1687
1689
1683
1686
1689
1687
1683
1683
1685
1682
1683
1676
1670
1668
1666
1661
1659
1651
1654
1651
1649
1644
1637
1632
1631
1629
1629
1634
1624
1630
1630
1632
1630
1630
1625
1629
1628
1630
1627
1630
1630
1632
1631
1627
1628
1625
1629
1627
1625
1631
1634
1631
1636
1632
1635
1634
1634
1636
1638
1641
1638
1641
1641
1642
1643
1643
1648
1643
1647
1642
1643
1644
1647
1649
1649
1649
1644
1645
1643
1648
1651
1644
1643
1640
1641
1641
1642
1643
1642
1643
1638
1635
1550
1578
1597
1612
1616
1628
1629
1631
1635
1636
1638
1636
1634
1630
1631
1632
1636
1632
1634
1631
1629
1630
1627
1623
1622
1624
1628
1630
1630
1631
1630
1631
1631
1634
1634
1635
1631
1635
1630
1631
1632
1635
1631
1634
1636
1631
1635
1631
1640
1636
1635
1632
1637
1630
1634
1628
1630
1622
1622
1598
1552
1506
1438
1365
1308
1281
1262
1299
1378
1456
1526
1564
1592
1616
1635
1650
1653
1662
1664
1668
1670
1670
1673
1672
1673
1673
1679
1679
1679
1679
1685
1679
1679
1680
1683
1679
1680
1681
1681
1681
1682
1687
1688
1692
1688
1686
1681
1686
1683
1683
1683
1687
1681
1679
1677
1676
1677
1672
1669
1669
1669
1662
1662
1659
1654
1650
1645
1642
1635
1631
1630
1631
1624
1622
1624
1621
1617
1621
1621
1623
1618
1623
1624
1622
1622
1622
1624
1622
1623
1628
1623
1623
1625
1625
1628
1624
1623
1622
1629
1625
1630
1625
1628
1629
1634
1629
1631
1631
1631
1631
1636
1636
1635
1636
1636
1641
1640
1640
1638
1641
1641
1642
1641
1640
1643
1636
1645
1648
1643
1647
1645
1647
1643
1641
1641
1641
1640
1636
1641
1637
1636
1632
1634
1634
1634
1631
1631
1632
1625
1630
1627
1627
1624
1630
1624
1628
1625
1630
1624
1627
1623
1625
1624
1624
1627
1631
1624
1619
1616
1608
1583
1540
1508
1442
1370
1318
1274
1253
1290
1367
1449
1511
1553
1583
1606
1621
1632
1643
1650
1651
1660
1662
1662
1669
1673
1670
1669
1669
1669
1676
1677
1674
1679
1674
1682
1686
1682
1681
1681
1685
1682
1683
1680
1687
1688
1690
1692
1692
1688
1687
1687
1692
1688
1686
1687
1683
1686
1681
1679
1674
1673
1672
1673
1668
1663
1660
1653
1650
1648
1662
1643
1641
1640
1638
1635
1631
1630
1628
1630
1630
1630
1630
1627
1624
1630
1627
1623
1622
1627
1625
1630
1628
1631
1630
1630
1632
1634
1629
1630
1631
1634
1631
1631
1632
1634
1635
1634
1640
1635
1635
1640
1641
1636
1638
1643
1641
1643
1641
1644
1640
1643
1641
1648
1642
1641
1643
1641
1642
1641
1643
1638
1640
1638
1640
1641
1636
1638
1638
1640
1635
1638
1634
1635
1635
1635
1634
1631
1630
1631
1634
1634
1635
1635
1631
1631
1635
1635
1632
1628
1631
1631
1635
1631
1632
1629
1630
1630
1631
1630
1630
1624
1630
1631
1631
1628
1628
1629
1628
1629
1627
1629
1625
1630
1628
1629
1623
1629
1627
1627
1623
1627
1623
1625
1622
1630
1630
1627
1627
1625
1627
1627
1630
1625
1625
1624
1625
1624
1630
1623
1629
1624
1624
1624
1630
1627
1630
1629
1631
1630
1630
1624
1630
1624
1630
1627
1627
1624
1628
1629
1623
1623
1627
1624
1625
1625
1629
1630
1628
1628
1631
1629
1625
1624
1624
1624
1625
1625
1622
1625
1624
1630
1625
1630
1627
1631
1622
1630
1627
1624
1621
1627
1625
1625
1623
1624
1622
1621
1617
1621
1615
1612
1616
1617
1617
1622
1619
1621
1622
1624
1619
1624
1621
1625
1623
1624
1623
1623
1624
1627
1625
1623
1622
1624
1622
1625
1627
1627
1627
1623
1622
1615
1583
1546
1490
1442
1369
1313
1270
1253
1289
1370
1450
1518
1556
1589
1612
1630
1642
1651
1659
1662
1664
1669
1677
1676
1672
1674
1673
1674
1681
1679
1673
1676
1677
1677
1679
1685
1681
1686
1683
1686
1683
1687
1683
1686
1685
1692
1688
1686
1685
1689
1688
1688
1685
1686
1686
1688
1680
1680
1683
1681
1677
1677
1669
1666
1667
1699
1715
1692
1677
1668
1659
1649
1645
1640
1636
1635
1631
1634
1630
1631
1628
1629
1624
1630
1625
1624
1629
1629
1630
1629
1630
1629
1634
1630
1630
1629
1630
1628
1632
1636
1632
1632
1636
1638
1637
1636
1635
1638
1638
1641
1641
1643
1642
1642
1641
1648
1645
1640
1645
1642
1643
1645
1645
1649
1645
1650
1650
1653
1650
1645
1645
1641
1643
1641
1643
1640
1642
1644
1644
1645
1641
1641
1637
1643
1638
1637
1635
1637
1640
1637
1641
1640
1641
1638
1640
1638
1638
1635
1636
1638
1634
1636
1630
1638
1634
1640
1634
1635
1630
1631
1634
1638
1640
1635
1636
1634
1631
1624
1627
1624
1624
1622
1631
1631
1631
1630
1631
1631
1634
1635
1631
1634
1631
1634
1635
1636
1634
1640
1635
1636
1640
1636
1636
1634
1640
1638
1635
1631
1635
1631
1630
1630
1624
1611
1588
1550
1498
1435
1372
1309
1255
1259
1308
1380
1475
1540
1582
1612
1630
1647
1662
1667
1664
1673
1674
1674
1679
1679
1681
1683
1685
1685
1688
1690
1690
1683
1683
1687
1688
1688
1688
1692
1694
1695
1694
1696
1696
1692
1696
1695
1696
1700
1694
1698
1699
1700
1696
1695
1694
1694
1688
1692
1688
1683
1680
1679
1673
1673
1667
1666
1660
1660
1655
1655
1650
1650
1645
1645
1644
1640
1640
1636
1636
1636
1636
1635
1636
1637
1641
1641
1640
1641
1642
1643
1640
1635
1641
1638
1642
1640
1644
1644
1643
1647
1647
1645
1642
1643
1644
1651
1650
1649
1649
1649
1649
1650
1649
1650
1654
1659
1657
1659
1660
1653
1649
1653
1651
1655
1651
1650
1650
1650
1654
1657
1656
1655
1653
1655
1649
1649
1649
1649
1650
1645
1654
1649
1647
1648
1654
1648
1645
1648
1648
1650
1650
1651
1645
1640
1640
1637
1637
1630
1636
1624
1638
1643
1643
1649
1643
1645
1643
1645
1643
1643
1643
1643
1642
1645
1648
1645
1644
1649
1647
1645
1641
1642
1643
1641
1648
1643
1644
1641
1642
1643
1637
1621
1584
1534
1480
1397
1338
1280
1249
1256
1347
1428
1508
1556
1591
1619
1641
1651
1663
1672
1677
1683
1687
1681
1688
1689
1693
1692
1693
1692
1692
1688
1694
1693
1692
1693
1694
1694
1693
1700
1700
1702
1702
1702
1702
1699
1700
1702
1699
1705
1700
1698
1702
1702
1702
1699
1700
1696
1695
1694
1694
1688
1683
1675
1679
1677
1673
1673
1666
1666
1663
1660
1653
1653
1645
1648
1645
1641
1638
1641
1641
1641
1641
1638
1640
1644
1643
1638
1641
1636
1636
1640
1638
1643
1641
1641
1638
1641
1641
1643
1645
1641
1644
1643
1645
1647
1641
1643
1641
1642
1640
1642
1645
1643
1650
1649
1653
1650
1654
1655
1650
1650
1654
1655
1651
1650
1651
1649
1648
1653
1650
1655
1651
1651
1651
1649
1649
1648
1645
1647
1648
1649
1648
1648
1642
1642
1645
1642
1643
1642
1641
1641
1641
1640
1641
1641
1638
1644
1641
1641
1638
1638
1638
1640
1642
1637
1636
1636
1637
1638
1640
1638
1638
1640
1636
1641
1640
1636
1635
1635
1636
1635
1640
1637
1643
1636
1640
1637
1631
1631
1631
1629
1635
1636
1631
1638
1634
1634
1636
1634
1631
1636
1641
1640
1643
1640
1641
1641
1640
1641
1638
1638
1636
1637
1635
1640
1638
1640
1640
1641
1641
1630
1635
1624
1608
1572
1512
1464
1393
1337
1292
1264
1275
1353
1428
1506
1556
1588
1614
1636
1648
1663
1668
1674
1675
1681
1677
1681
1686
1681
1680
1686
1689
1692
1692
1687
1689
1690
1688
1689
1692
1692
1693
1676
1714
1705
1700
1699
1696
1694
1692
1692
1693
1695
1698
1695
1696
1696
1693
1693
1692
1690
1688
1686
1685
1682
1677
1675
1674
1673
1669
1666
1662
1656
1650
1650
1647
1644
1641
1641
1636
1638
1634
1640
1640
1634
1638
1638
1638
1637
1636
1637
1638
1638
1638
1641
1637
1637
1638
1640
1636
1637
1636
1640
1638
1641
1640
1638
1638
1638
1642
1641
1642
1643
1643
1648
1641
1644
1641
1645
1643
1650
1649
1648
1649
1649
1650
1650
1650
1653
1647
1648
1650
1649
1649
1645
1650
1648
1649
1657
1648
1648
1643
1648
1643
1641
1636
1641
1643
1642
1645
1641
1643
1641
1641
1641
1638
1640
1640
1641
1641
1641
1641
1636
1637
1640
1643
1637
1638
1635
1640
1638
1635
1634
1637
1637
1636
1641
1635
1635
1636
1636
1635
1636
1635
1636
1636
1636
1640
1636
1635
1635
1634
1635
1636
1634
1634
1634
1636
1640
1635
1634
1635
1636
1637
1636
1636
1635
1636
1631
1636
1634
1638
1635
1635
1631
1636
1636
1636
1638
1636
1640
1635
1634
1630
1634
1637
1635
1635
1631
1631
1629
1625
1621
1621
1624
1625
1625
1630
1624
1631
1630
1627
1631
1631
1630
1630
1630
1631
1636
1631
1630
1629
1635
1629
1631
1630
1634
1632
1635
1632
1631
1630
1629
1627
1621
1595
1556
1499
1460
1385
1331
1280
1269
1294
1378
1460
1522
1560
1592
1616
1635
1649
1657
1659
1668
1673
1681
1674
1677
1679
1679
1676
1677
1677
1679
1679
1682
1680
1688
1681
1680
1681
1679
1686
1688
1681
1681
1689
1692
1687
1688
1689
1692
1688
1692
1692
1689
1687
1692
1693
1689
1683
1680
1683
1680
1679
1675
1677
1673
1673
1669
1664
1660
1659
1654
1650
1644
1643
1643
1640
1641
1635
1631
1627
1630
1630
1635
1631
1631
1628
1634
1630
1634
1631
1631
1627
1631
1631
1636
1636
1634
1635
1630
1632
1635
1635
1631
1636
1635
1636
1636
1638
1640
1640
1643
1642
1641
1638
1643
1643
1644
1642
1643
1643
1647
1649
1645
1649
1649
1648
1654
1651
1643
1641
1642
1649
1642
1645
1643
1643
1640
1643
1647
1641
1643
1643
1647
1642
1647
1643
1641
1638
1640
1642
1637
1636
1635
1640
1640
1638
1641
1635
1638
1632
1641
1636
1638
1635
1635
1635
1634
1635
1634
1635
1631
1632
1629
1627
1624
1623
1622
1627
1628
1632
1630
1631
1630
1635
1632
1632
1635
1635
1635
1631
1631
1632
1635
1635
1641
1631
1635
1631
1635
1631
1627
1627
1624
1631
1631
1632
1628
1625
1617
1591
1550
1488
1424
1357
1305
1267
1248
1283
1366
1459
1531
1573
1596
1624
1640
1645
1659
1670
1668
1673
1673
1674
1677
1677
1674
1679
1679
1680
1681
1679
1681
1681
1686
1683
1686
1686
1688
1687
1687
1686
1692
1687
1692
1693
1696
1693
1693
1689
1695
1694
1694
1692
1689
1690
1689
1692
1688
1680
1682
1679
1677
1669
1668
1663
1662
1659
1659
1656
1645
1644
1645
1642
1637
1636
1635
1635
1635
1632
1632
1627
1630
1631
1630
1627
1629
1630
1634
1632
1636
1638
1635
1636
1635
1636
1638
1636
1635
1634
1635
1636
1638
1630
1636
1635
1641
1640
1640
1641
1641
1641
1637
1640
1640
1641
1641
1644
1648
1643
1647
1649
1648
1647
1644
1643
1641
1642
1640
1647
1642
1642
1645
1641
1643
1641
1643
1640
1643
1642
1645
1643
1636
1641
1640
1640
1641
1641
1641
1642
1641
1635
1635
1631
1636
1636
1640
1631
1636
1632
1632
1630
1631
1630
1628
1627
1631
1636
1631
1635
1636
1636
1637
1623
1627
1630
1630
1631
1635
1638
1635
1636
1636
1638
1637
1636
1636
1636
1637
1637
1640
1638
1636
1632
1634
1632
1623
1603
1563
1520
1470
1380
1321
1274
1242
1256
1348
1434
1508
1550
1584
1612
1634
1645
1659
1662
1668
1674
1674
1679
1679
1680
1681
1687
1681
1679
1682
1688
1685
1683
1683
1687
1688
1688
1692
1688
1687
1690
1693
1694
1695
1696
1694
1693
1690
1693
1693
1693
1693
1693
1692
1694
1693
1690
1689
1689
1688
1680
1674
1676
1675
1673
1673
1666
1664
1660
1650
1653
1649
1643
1637
1638
1635
1635
1637
1634
1631
1632
1635
1632
1631
1632
1636
1631
1636
1631
1634
1631
1631
1635
1634
1630
1630
1635
1636
1635
1632
1632
1636
1640
1635
1638
1636
1634
1635
1636
1638
1635
1635
1636
1640
1641
1643
1641
1640
1642
1640
1640
1640
1640
1641
1641
1648
1648
1653
1645
1645
1642
1642
1640
1637
1640
1640
1640
1643
1641
1640
1636
1637
1641
1637
1635
1636
1640
1640
1638
1636
1641
1637
1638
1636
1637
1634
1635
1638
1636
1636
1632
1635
1630
1635
1635
1638
1634
1635
1635
1636
1632
1634
1631
1631
1634
1632
1635
1631
1632
1634
1636
1634
1634
1635
1631
1635
1635
1634
1632
1635
1632
1632
1625
1629
1625
1627
1631
1636
1636
1631
1631
1630
1628
1625
1622
1622
1624
1623
1629
1629
1631
1627
1631
1631
1635
1631
1631
1631
1632
1634
1635
1636
1631
1631
1635
1636
1632
1635
1632
1638
1634
1631
1631
1630
1625
1630
1617
1598
1563
1518
1450
1403
1340
1283
1255
1281
1359
1440
1508
1560
1586
1611
1631
1641
1653
1662
1664
1673
1676
1674
1676
1676
1677
1679
1680
1681
1680
1685
1683
1688
1687
1687
1683
1688
1689
1688
1680
1668
1679
1682
1681
1685
1692
1687
1688
1698
1694
1694
1693
1690
1689
1692
1693
1688
1683
1686
1683
1687
1681
1680
1673
1673
1668
1662
1663
1660
1655
1651
1649
1644
1641
1643
1640
1641
1637
1632
1629
1630
1631
1632
1634
1643
1635
1631
1631
1631
1635
1629
1631
1635
1637
1634
1634
1634
1632
1634
1635
1634
1634
1634
1636
1637
1636
1637
1631
1635
1638
1636
1635
1638
1641
1641
1645
1643
1647
1642
1642
1643
1645
1644
1643
1645
1642
1649
1645
1645
1644
1642
1644
1643
1641
1641
1641
1641
1642
1641
1635
1638
1636
1644
1643
1643
1642
1640
1641
1644
1650
1642
1638
1641
1640
1640
1640
1640
1632
1636
1632
1636
1635
1637
1635
1636
1634
1632
1631
1627
1630
1627
1627
1627
1628
1627
1631
1630
1629
1623
1629
1627
1627
1624
1621
1622
1616
1592
1554
1518
1459
1389
1321
1269
1260
1302
1378
1451
1526
1560
1585
1605
1623
1635
1642
1653
1661
1660
1664
1668
1664
1669
1672
1672
1674
1677
1674
1674
1673
1670
1673
1683
1680
1675
1683
1687
1687
1686
1683
1686
1680
1683
1683
1686
1681
1689
1688
1689
1692
1688
1686
1682
1687
1686
1682
1681
1677
1673
1669
1668
1664
1664
1663
1660
1660
1653
1645
1641
1643
1638
1635
1634
1631
1630
1629
1630
1630
1630
1627
1629
1627
1630
1627
1624
1621
1623
1617
1629
1625
1628
1622
1630
1630
1630
1628
1627
1625
1628
1630
1631
1630
1630
1635
1635
1635
1634
1635
1632
1640
1640
1635
1634
1632
1632
1635
1640
1637
1641
1640
1641
1641
1640
1635
1640
1643
1640
1640
1641
1640
1637
1638
1638
1635
1635
1635
1641
1640
1637
1634
1638
1632
1635
1631
1636
1635
1632
1631
1636
1636
1634
1636
1630
1614
1618
1622
1624
1630
1625
1630
1629
1629
1627
1630
1629
1631
1625
1627
1629
1630
1630
1628
1623
1624
1619
1622
1616
1621
1616
1621
1622
1625
1632
1627
1616
1625
1625
1627
1624
1629
1628
1630
1632
1631
1631
1629
1634
1630
1631
1623
1628
1627
1628
1628
1631
1628
1630
1625
1627
1621
1597
1564
1520
1448
1372
1305
1267
1232
1256
1334
1417
1508
1551
1584
1602
1622
1638
1645
1654
1662
1668
1670
1673
1677
1674
1673
1674
1672
1679
1676
1674
1676
1677
1679
1679
1677
1675
1679
1685
1680
1680
1683
1688
1683
1686
1683
1683
1685
1687
1687
1686
1682
1685
1679
1681
1683
1681
1679
1679
1676
1673
1668
1664
1663
1660
1654
1655
1650
1648
1644
1643
1641
1636
1630
1627
1618
1623
1623
1622
1622
1621
1622
1617
1621
1618
1623
1621
1623
1621
1623
1625
1624
1623
1624
1624
1625
1625
1627
1624
1627
1625
1630
1630
1631
1630
1624
1624
1627
1630
1627
1629
1629
1632
1632
1638
1634
1635
1632
1635
1634
1635
1635
1635
1632
1631
1631
1630
1631
1631
1635
1636
1634
1629
1628
1624
1623
1623
1624
1624
1629
1627
1630
1631
1630
1629
1630
1631
1627
1630
1630
1629
1630
1630
1630
1629
1627
1624
1627
1630
1631
1631
1627
1629
1630
1627
1630
1624
1623
1621
1622
1617
1614
1591
1553
1501
1442
1380
1319
1270
1244
1262
1335
1423
1495
1544
1577
1606
1628
1636
1645
1649
1657
1662
1664
1667
1669
1668
1668
1670
1669
1664
1669
1673
1677
1679
1679
1679
1679
1683
1681
1677
1677
1680
1686
1686
1683
1682
1687
1685
1688
1686
1687
1686
1686
1690
1688
1683
1680
1679
1680
1679
1679
1675
1669
1668
1667
1663
1660
1657
1655
1645
1645
1641
1635
1630
1635
1634
1635
1630
1627
1625
1625
1625
1627
1624
1625
1625
1627
1627
1627
1625
1627
1627
1629
1627
1632
1624
1627
1624
1627
1623
1624
1622
1628
1627
1629
1630
1628
1628
1630
1631
1631
1631
1630
1635
1636
1640
1637
1638
1635
1631
1635
1632
1635
1635
1638
1636
1638
1636
1640
1640
1640
1635
1638
1636
1637
1638
1632
1635
1624
1627
1624
1624
1617
1627
1623
1629
1624
1631
1630
1630
1627
1635
1628
1632
1631
1631
1623
1628
1630
1631
1631
1628
1630
1630
1631
1628
1627
1622
1623
1623
1627
1622
1623
1625
1628
1622
1617
1602
1564
1518
1467
1403
1338
1293
1261
1263
1312
1395
1472
1526
1563
1593
1616
1632
1642
1644
1653
1657
1662
1666
1664
1664
1670
1672
1673
1672
1670
1673
1668
1670
1673
1669
1668
1673
1674
1676
1674
1675
1682
1679
1680
1679
1679
1677
1681
1683
1682
1681
1681
1679
1680
1676
1677
1680
1676
1674
1676
1677
1667
1662
1657
1654
1655
1649
1650
1649
1645
1641
1640
1631
1624
1624
1622
1623
1622
1622
1623
1622
1621
1621
1621
1615
1617
1619
1622
1621
1622
1619
1622
1622
1621
1621
1621
1616
1619
1621
1621
1621
1621
1618
1622
1622
1624
1622
1625
1623
1624
1624
1623
1625
1627
1629
1630
1631
1629
1630
1630
1634
1631
1630
1630
1635
1635
1638
1631
1630
1632
1631
1632
1631
1629
1624
1624
1624
1622
1624
1622
1623
1623
1624
1630
1624
1625
1627
1629
1624
1627
1625
1627
1627
1631
1627
1627
1624
1624
1627
1629
1629
1631
1629
1625
1625
1625
1625
1622
1624
1624
1624
1622
1622
1611
1584
1537
1485
1440
1370
1320
1272
1272
1301
1376
1450
1515
1554
1584
1606
1627
1640
1650
1655
1659
1656
1708
1694
1682
1681
1674
1677
1679
1677
1677
1672
1670
1673
1675
1675
1679
1676
1675
1677
1679
1683
1682
1685
1683
1681
1683
1685
1683
1682
1683
1681
1683
1679
1677
1680
1679
1681
1679
1679
1674
1672
1673
1668
1663
1660
1653
1651
1649
1642
1641
1640
1636
1635
1634
1631
1631
1624
1624
1623
1624
1622
1624
1621
1622
1624
1625
1624
1621
1622
1623
1624
1623
1621
1619
1619
1617
1622
1622
1623
1623
1627
1627
1624
1622
1622
1625
1627
1627
1625
1627
1625
1631
1630
1636
1630
1634
1632
1631
1631
1631
1630
1630
1631
1635
1636
1634
1634
1636
1634
1632
1640
1635
1631
1634
1632
1630
1624
1623
1618
1617
1621
1624
1625
1623
1627
1629
1628
1627
1630
1627
1629
1629
1629
1627
1624
1624
1630
1625
1622
1625
1624
1622
1624
1627
1616
1622
1621
1622
1622
1624
1624
1624
1623
1622
1614
1596
1564
1512
1474
1397
1334
1289
1255
1263
1332
1414
1496
1544
1577
1602
1622
1641
1644
1650
1656
1657
1662
1663
1662
1662
1664
1668
1669
1670
1669
1669
1673
1674
1669
1673
1669
1670
1675
1676
1674
1674
1676
1679
1680
1680
1679
1681
1681
1679
1680
1679
1680
1674
1677
1677
1679
1677
1676
1672
1669
1670
1667
1661
1655
1655
1654
1643
1643
1641
1643
1632
1635
1630
1630
1628
1629
1622
1622
1619
1617
1617
1622
1623
1627
1621
1621
1622
1624
1621
1622
1621
1622
1622
1623
1621
1622
1621
1622
1625
1624
1621
1622
1621
1623
1624
1624
1624
1627
1627
1630
1629
1630
1631
1631
1631
1632
1634
1635
1636
1634
1636
1635
1634
1630
1635
1636
1640
1636
1635
1635
1631
1628
1627
1627
1622
1624
1630
1634
1629
1631
1629
1634
1635
1631
1631
1634
1635
1616
1625
1617
1619
1621
1622
1629
1629
1629
1630
1631
1630
1630
1628
1624
1624
1622
1622
1623
1622
1617
1622
1612
1593
1550
1509
1454
1378
1318
1276
1247
1255
1340
1428
1502
1548
1578
1602
1624
1641
1650
1659
1659
1662
1664
1664
1664
1666
1667
1669
1673
1673
1677
1674
1674
1676
1677
1674
1676
1676
1676
1677
1682
1679
1680
1679
1682
1681
1681
1681
1681
1685
1685
1682
1681
1682
1679
1674
1679
1677
1673
1674
1672
1670
1666
1660
1659
1660
1653
1650
1643
1642
1636
1635
1627
1625
1618
1621
1619
1625
1624
1622
1619
1622
1621
1623
1619
1617
1617
1622
1617
1622
1622
1622
1622
1625
1622
1622
1617
1617
1616
1621
1618
1623
1621
1622
1624
1627
1630
1630
1629
1628
1627
1630
1625
1627
1623
1629
1630
1634
1628
1629
1631
1634
1636
1635
1634
1627
1630
1631
1634
1631
1631
1630
1627
1627
1623
1622
1624
1623
1623
1624
1624
1625
1624
1624
1627
1627
1625
1627
1627
1630
1630
1627
1627
1629
1627
1624
1623
1627
1622
1622
1624
1628
1625
1624
1622
1625
1622
1623
1621
1624
1611
1602
1570
1528
1460
1392
1332
1305
1253
1247
1313
1395
1474
1532
1565
1593
1611
1627
1640
1643
1649
1660
1664
1667
1664
1668
1664
1664
1669
1669
1669
1669
1674
1670
1673
1675
1680
1682
1679
1676
1679
1680
1682
1681
1682
1683
1681
1683
1683
1681
1687
1690
1688
1683
1681
1682
1680
1679
1679
1679
1673
1674
1669
1664
1663
1660
1660
1655
1650
1641
1638
1636
1635
1635
1635
1631
1625
1624
1624
1622
1625
1625
1624
1625
1624
1627
1622
1621
1622
1627
1624
1627
1629
1630
1629
1631
1628
1628
1624
1627
1627
1630
1627
1629
1628
1627
1629
1625
1676
1657
1648
1643
1642
1640
1641
1640
1641
1636
1641
1640
1641
1640
1641
1648
1642
1642
1641
1644
1641
1641
1638
1640
1640
1636
1637
1635
1632
1630
1631
1622
1630
1630
1631
1627
1631
1631
1635
1631
1634
1631
1634
1632
1638
1636
1631
1631
1632
1635
1631
1631
1630
1635
1632
1636
1635
1636
1634
1635
1634
1631
1629
1630
1628
1627
1622
1612
1583
1531
1493
1435
1367
1299
1260
1261
1314
1388
1464
1527
1560
1590
1616
1631
1640
1650
1659
1663
1664
1668
1673
1669
1674
1673
1669
1674
1674
1673
1675
1674
1675
1676
1679
1681
1681
1686
1681
1680
1685
1687
1683
1685
1681
1687
1687
1688
1687
1683
1685
1688
1687
1683
1683
1681
1676
1677
1679
1673
1673
1664
1660
1663
1662
1657
1650
1650
1649
1641
1641
1636
1630
1625
1629
1630
1625
1622
1623
1623
1625
1623
1624
1621
1624
1624
1624
1623
1624
1624
1631
1630
1630
1630
1624
1625
1623
1625
1623
1624
1622
1627
1627
1630
1628
1631
1627
1634
1632
1636
1636
1636
1634
1635
1636
1636
1637
1636
1638
1637
1641
1640
1640
1642
1641
1641
1637
1641
1641
1636
1641
1636
1637
1631
1638
1635
1638
1631
1631
1625
1625
1623
1624
1627
1625
1627
1625
1630
1628
1631
1631
1634
1632
1636
1632
1635
1631
1632
1631
1632
1631
1630
1630
1631
1631
1627
1628
1629
1630
1627
1629
1627
1631
1623
1631
1624
1611
1591
1560
1513
1451
1388
1328
1283
1249
1288
1367
1448
1521
1559
1586
1611
1630
1641
1654
1663
1666
1669
1673
1668
1670
1674
1673
1673
1674
1677
1677
1679
1677
1677
1683
1680
1679
1682
1683
1686
1681
1682
1686
1688
1687
1688
1687
1689
1694
1693
1690
1687
1688
1688
1685
1688
1680
1664
1667
1670
1670
1669
1668
1667
1668
1662
1661
1660
1653
1651
1643
1642
1634
1631
1631
1634
1631
1632
1630
1628
1625
1627
1629
1627
1627
1630
1630
1631
1631
1630
1631
1630
1631
1632
1631
1630
1630
1631
1636
1635
1632
1631
1631
1635
1635
1635
1640
1636
1636
1640
1643
1641
1641
1641
1643
1643
1643
1641
1644
1643
1644
1645
1642
1641
1641
1641
1643
1643
1638
1641
1641
1643
1645
1641
1636
1637
1642
1641
1643
1640
1634
1630
1627
1624
1625
1627
1627
1631
1630
1635
1635
1631
1631
1631
1634
1635
1630
1635
1635
1638
1634
1635
1636
1636
1635
1635
1635
1631
1632
1635
1638
1635
1632
1627
1629
1627
1631
1624
1627
1604
1579
1528
1473
1405
1328
1275
1243
1254
1327
1410
1492
1550
1586
1608
1627
1644
1655
1660
1666
1674
1672
1669
1675
1677
1674
1676
1679
1681
1682
1683
1682
1683
1682
1682
1683
1688
1688
1687
1687
1688
1692
1688
1688
1692
1693
1692
1690
1694
1690
1693
1693
1696
1690
1688
1689
1688
1687
1683
1680
1680
1680
1676
1670
1662
1655
1649
1653
1649
1647
1641
1637
1638
1638
1636
1631
1630
1627
1630
1629
1629
1627
1630
1627
1632
1632
1631
1630
1631
1630
1630
1634
1629
1630
1630
1634
1631
1635
1632
1637
1636
1640
1640
1638
1635
1638
1640
1638
1640
1641
1642
1643
1645
1647
1645
1644
1644
1645
1645
1648
1649
1649
1651
1648
1647
1645
1643
1645
1642
1647
1645
1645
1648
1645
1643
1640
1641
1640
1640
1642
1641
1643
1637
1634
1636
1636
1630
1635
1631
1635
1635
1637
1640
1636
1635
1638
1640
1638
1640
1641
1643
1642
1642
1642
1638
1640
1636
1640
1640
1640
1640
1638
1637
1640
1643
1640
1638
1685
1673
1659
1645
1621
1592
1546
1499
1419
1358
1285
1251
1256
1315
1404
1479
1537
1573
1602
1627
1645
1651
1662
1669
1675
1677
1677
1680
1681
1686
1687
1683
1682
1688
1687
1688
1687
1689
1695
1692
1693
1696
1698
1695
1698
1701
1699
1695
1695
1696
1695
1696
1699
1700
1698
1696
1701
1699
1695
1695
1695
1689
1690
1689
1686
1681
1675
1677
1673
1673
1667
1666
1660
1655
1654
1643
1643
1640
1641
1643
1637
1636
1635
1635
1635
1636
1636
1634
1634
1631
1636
1640
1635
1635
1636
1636
1636
1635
1637
1632
1636
1635
1635
1634
1632
1636
1640
1642
1640
1643
1640
1640
1641
1641
1643
1641
1644
1645
1648
1645
1645
1649
1643
1649
1650
1645
1648
1650
1655
1654
1648
1649
1644
1643
1642
1645
1643
1643
1645
1649
1654
1654
1653
1650
1649
1645
1649
1649
1645
1640
1645
1643
1642
1640
1641
1641
1641
1642
1643
1642
1637
1641
1637
1640
1637
1636
1635
1635
1637
1636
1641
1634
1635
1636
1638
1635
1638
1637
1636
1638
1636
1635
1631
1625
1610
1577
1546
1492
1435
1365
1309
1262
1276
1340
1416
1496
1541
1577
1601
1622
1636
1642
1654
1657
1656
1664
1672
1675
1676
1675
1677
1674
1680
1679
1674
1677
1682
1682
1686
1687
1687
1687
1688
1690
1685
1689
1688
1689
1692
1696
1690
1692
1692
1698
1695
1690
1688
1688
1690
1687
1687
1686
1681
1680
1677
1675
1673
1669
1663
1660
1657
1654
1654
1644
1645
1635
1637
1630
1629
1625
1627
1622
1627
1627
1629
1622
1624
1625
1629
1624
1624
1625
1628
1627
1627
1627
1628
1627
1631
1630
1630
1631
1629
1631
1628
1632
1629
1628
1625
1636
1638
1638
1636
1641
1640
1637
1637
1640
1641
1641
1630
1629
1631
1635
1637
1641
1637
1641
1640
1645
1643
1645
1644
1643
1642
1641
1643
1640
1643
1640
1641
1642
1644
1641
1640
1641
1636
1638
1636
1640
1638
1643
1637
1641
1640
1642
1644
1640
1636
1638
1641
1640
1641
1632
1635
1643
1642
1640
1637
1638
1631
1631
1632
1631
1630
1632
1632
1640
1635
1637
1638
1640
1641
1641
1636
1635
1638
1638
1640
1638
1636
1636
1640
1640
1636
1637
1635
1642
1637
1641
1640
1636
1638
1640
1640
1636
1631
1622
1597
1558
1513
1459
1399
1335
1281
1280
1316
1388
1461
1526
1567
1593
1619
1640
1649
1660
1669
1672
1675
1674
1676
1674
1675
1679
1681
1683
1680
1687
1687
1686
1681
1687
1686
1685
1685
1687
1685
1686
1686
1692
1690
1689
1693
1695
1693
1692
1693
1692
1690
1692
1687
1688
1687
1683
1688
1682
1681
1677
1677
1673
1677
1672
1668
1663
1657
1657
1650
1650
1645
1638
1634
1631
1634
1631
1631
1631
1631
1625
1629
1627
1631
1629
1630
1629
1627
1630
1630
1631
1635
1635
1631
1630
1629
1631
1630
1631
1630
1631
1632
1632
1635
1637
1637
1636
1640
1641
1640
1640
1640
1641
1637
1641
1641
1641
1642
1645
1649
1648
1650
1649
1645
1649
1645
1649
1643
1643
1648
1643
1645
1644
1648
1643
1648
1645
1644
1643
1643
1645
1640
1640
1637
1635
1636
1636
1645
1642
1641
1635
1635
1628
1630
1624
1629
1627
1638
1635
1636
1635
1632
1636
1635
1640
1640
1638
1636
1640
1637
1642
1636
1635
1636
1636
1636
1637
1636
1635
1640
1636
1640
1636
1636
1638
1640
1635
1631
1625
1611
1574
1530
1487
1417
1357
1302
1286
1289
1356
1431
1511
1559
1593
1618
1638
1651
1659
1667
1675
1677
1677
1681
1677
1681
1692
1683
1680
1683
1683
1683
1687
1687
1687
1687
1688
1693
1692
1688
1694
1696
1696
1692
1693
1693
1695
1693
1694
1696
1695
1695
1699
1699
1695
1695
1693
1694
1689
1686
1688
1683
1680
1683
1679
1677
1670
1669
1663
1659
1651
1650
1645
1645
1641
1648
1642
1636
1635
1638
1640
1642
1640
1634
1640
1634
1638
1632
1638
1640
1642
1641
1640
1640
1637
1638
1638
1644
1641
1640
1634
1637
1640
1640
1641
1641
1642
1640
1647
1649
1645
1648
1650
1657
1659
1654
1655
1653
1651
1653
1651
1656
1654
1650
1655
1650
1649
1648
1649
1649
1645
1650
1645
1644
1643
1645
1643
1640
1641
1641
1645
1637
1641
1640
1638
1637
1640
1640
1631
1635
1632
1640
1635
1640
1641
1643
1631
1630
1610
1571
1530
1468
1410
1345
1292
1267
1272
1328
1408
1494
1541
1573
1598
1622
1636
1647
1654
1662
1668
1673
1680
1679
1679
1682
1687
1683
1680
1683
1683
1686
1688
1687
1687
1690
1689
1692
1695
1696
1693
1698
1695
1696
1696
1699
1698
1694
1700
1699
1698
1699
1703
1698
1694
1695
1693
1688
1687
1681
1681
1681
1674
1670
1668
1667
1667
1664
1655
1653
1643
1647
1641
1638
1635
1638
1638
1636
1640
1636
1635
1634
1635
1635
1635
1635
1641
1640
1640
1643
1641
1637
1638
1643
1641
1641
1643
1642
1643
1641
1643
1644
1642
1643
1641
1648
1643
1647
1645
1649
1651
1650
1650
1645
1649
1650
1653
1651
1648
1650
1650
1654
1656
1654
1654
1650
1650
1654
1650
1648
1644
1649
1649
1649
1650
1650
1653
1650
1651
1654
1645
1649
1649
1647
1649
1645
1650
1647
1649
1643
1645
1645
1643
1645
1643
1642
1641
1641
1638
1635
1637
1641
1641
1640
1641
1642
1643
1616
1560
1592
1612
1625
1630
1631
1632
1635
1638
1643
1643
1641
1645
1645
1649
1645
1643
1643
1642
1644
1645
1643
1641
1636
1635
1624
1603
1565
1502
1444
1389
1330
1280
1256
1292
1380
1461
1534
1574
1601
1625
1654
1661
1672
1674
1681
1688
1688
1688
1688
1690
1692
1693
1692
1698
1693
1696
1699
1701
1701
1699
1702
1700
1701
1706
1705
1698
1700
1702
1702
1707
1709
1706
1706
1709
1706
1707
1706
1705
1703
1701
1699
1698
1699
1694
1694
1692
1687
1686
1682
1679
1677
1673
1664
1660
1659
1654
1650
1649
1649
1643
1645
1645
1642
1641
1641
1642
1641
1640
1640
1640
1641
1641
1647
1645
1644
1643
1641
1642
1643
1645
1640
1643
1641
1641
1643
1642
1645
1643
1643
1643
1650
1649
1648
1649
1650
1654
1654
1655
1654
1655
1655
1660
1655
1655
1655
1654
1656
1655
1657
1659
1660
1660
1661
1659
1660
1654
1656
1660
1657
1655
1654
1650
1649
1643
1643
1641
1644
1642
1645
1645
1645
1642
1645
1650
1650
1649
1649
1649
1645
1648
1649
1645
1645
1649
1649
1651
1649
1645
1648
1644
1645
1643
1643
1645
1647
1649
1643
1644
1644
1641
1636
1624
1589
1544
1489
1429
1352
1312
1266
1264
1326
1409
1487
1551
1588
1611
1636
1653
1662
1670
1677
1681
1681
1688
1694
1688
1688
1689
1692
1692
1698
1693
1696
1696
1699
1698
1700
1699
1696
1698
1702
1703
1700
1701
1707
1706
1706
1711
1706
1703
1707
1707
1707
1708
1706
1703
1701
1705
1701
1696
1696
1695
1694
1687
1687
1683
1681
1679
1674
1668
1666
1662
1657
1655
1653
1650
1650
1648
1649
1644
1647
1643
1648
1643
1645
1651
1643
1645
1648
1651
1649
1651
1649
1649
1648
1645
1649
1653
1648
1683
1693
1681
1674
1664
1667
1660
1659
1654
1657
1659
1651
1655
1657
1657
1664
1664
1668
1673
1673
1669
1673
1668
1674
1670
1669
1668
1673
1668
1668
1668
1664
1667
1662
1664
1664
1661
1660
1659
1656
1660
1662
1663
1660
1655
1657
1656
1660
1661
1660
1662
1655
1654
1653
1653
1650
1650
1655
1655
1651
1649
1648
1643
1623
1589
1548
1503
1422
1360
1305
1285
1313
1384
1464
1528
1570
1602
1623
1640
1654
1664
1673
1674
1679
1686
1687
1686
1689
1693
1693
1695
1698
1699
1702
1695
1699
1698
1698
1701
1700
1701
1700
1703
1703
1702
1707
1706
1709
1711
1709
1705
1706
1702
1701
1705
1703
1702
1702
1706
1699
1698
1688
1698
1693
1683
1681
1683
1675
1673
1674
1668
1668
1661
1657
1654
1653
1648
1648
1643
1645
1645
1654
1645
1649
1648
1643
1649
1644
1648
1648
1649
1651
1650
1650
1649
1649
1649
1651
1653
1653
1649
1645
1645
1650
1649
1650
1651
1654
1655
1655
1660
1657
1653
1655
1660
1660
1657
1655
1659
1660
1664
1662
1664
1660
1661
1661
1659
1659
1660
1660
1659
1659
1659
1659
1659
1660
1656
1659
1653
1656
1657
1657
1659
1656
1654
1653
1651
1654
1651
1655
1657
1654
1659
1655
1654
1653
1649
1650
1653
1653
1650
1648
1650
1653
1650
1650
1649
1647
1643
1648
1648
1645
1649
1645
1650
1654
1650
1654
1649
1649
1650
1650
1655
1653
1655
1653
1654
1650
1650
1654
1653
1659
1657
1655
1651
1649
1651
1653
1649
1650
1647
1645
1617
1582
1535
1475
1416
1348
1289
1272
1309
1389
1473
1541
1586
1614
1640
1655
1670
1677
1686
1687
1692
1696
1692
1695
1698
1698
1694
1698
1700
1701
1700
1705
1706
1705
1701
1706
1706
1709
1692
1699
1701
1705
1707
1708
1711
1709
1707
1709
1706
1706
1712
1713
1711
1706
1705
1702
1703
1700
1695
1692
1690
1688
1687
1682
1677
1675
1674
1673
1664
1662
1655
1655
1649
1649
1647
1641
1645
1644
1645
1641
1642
1641
1644
1643
1645
1647
1641
1643
1642
1650
1645
1649
1647
1648
1648
1645
1643
1647
1649
1650
1647
1644
1644
1649
1648
1649
1650
1654
1651
1654
1655
1655
1654
1654
1655
1656
1657
1659
1660
1656
1659
1660
1660
1660
1662
1660
1660
1660
1659
1661
1654
1655
1656
1654
1657
1654
1651
1647
1647
1643
1643
1645
1643
1649
1653
1647
1650
1650
1653
1653
1650
1650
1649
1649
1645
1651
1650
1650
1645
1649
1649
1647
1645
1648
1650
1651
1649
1645
1647
1643
1649
1647
1648
1645
1640
1627
1602
1560
1511
1449
1378
1319
1286
1270
1305
1379
1469
1543
1579
1612
1632
1650
1663
1673
1677
1685
1687
1687
1687
1689
1692
1693
1693
1690
1695
1696
1698
1695
1696
1700
1699
1698
1700
1699
1702
1701
1706
1706
1701
1703
1703
1701
1707
1709
1706
1706
1706
1706
1708
1703
1698
1700
1698
1694
1688
1688
1686
1682
1681
1677
1674
1673
1668
1662
1662
1654
1651
1650
1645
1649
1649
1645
1643
1642
1643
1643
1642
1643
1641
1645
1642
1645
1642
1648
1648
1650
1651
1649
1649
1643
1649
1654
1650
1650
1647
1653
1651
1649
1655
1650
1654
1655
1651
1660
1655
1655
1659
1657
1660
1657
1659
1659
1656
1660
1660
1662
1661
1661
1666
1664
1662
1661
1662
1656
1660
1662
1659
1659
1659
1659
1662
1661
1662
1659
1660
1657
1657
1659
1650
1653
1654
1655
1654
1654
1653
1655
1650
1656
1654
1654
1649
1650
1653
1653
1654
1653
1654
1653
1651
1629
1638
1636
1630
1605
1559
1511
1441
1367
1319
1280
1272
1302
1383
1463
1535
1578
1608
1634
1649
1660
1667
1673
1679
1683
1683
1692
1693
1695
1698
1696
1696
1695
1699
1696
1700
1699
1705
1701
1702
1705
1708
1705
1711
1708
1707
1711
1709
1707
1712
1712
1707
1711
1709
1707
1707
1705
1706
1707
1707
1703
1702
1699
1695
1692
1690
1688
1689
1682
1676
1673
1668
1668
1663
1659
1654
1657
1649
1644
1643
1636
1643
1643
1645
1645
1644
1648
1641
1648
1643
1644
1643
1645
1647
1648
1645
1642
1645
1645
1643
1644
1642
1645
1645
1645
1649
1645
1649
1649
1653
1655
1654
1655
1653
1651
1650
1651
1655
1655
1657
1664
1661
1660
1654
1655
1660
1660
1660
1661
1657
1660
1660
1660
1660
1654
1655
1657
1651
1651
1649
1653
1648
1644
1649
1644
1642
1642
1644
1650
1650
1651
1649
1649
1645
1650
1650
1647
1647
1647
1650
1650
1649
1649
1648
1649
1649
1649
1649
1645
1650
1649
1651
1649
1649
1649
1649
1648
1644
1645
1628
1603
1564
1512
1450
1389
1330
1294
1272
1327
1402
1480
1539
1578
1605
1627
1645
1659
1667
1673
1679
1686
1682
1683
1688
1692
1689
1692
1692
1690
1690
1694
1693
1695
1693
1696
1698
1695
1698
1700
1698
1705
1706
1706
1703
1702
1703
1705
1711
1703
1702
1709
1708
1701
1706
1701
1698
1692
1698
1692
1688
1687
1688
1685
1677
1675
1672
1668
1668
1667
1662
1659
1649
1649
1644
1644
1641
1641
1640
1637
1645
1642
1645
1642
1642
1642
1643
1643
1640
1643
1641
1645
1650
1644
1645
1643
1643
1643
1642
1643
1643
1645
1645
1648
1645
1648
1645
1648
1645
1648
1650
1650
1654
1654
1657
1656
1654
1655
1604
1573
1601
1617
1630
1643
1647
1655
1653
1653
1649
1649
1653
1650
1650
1654
1650
1650
1642
1642
1637
1636
1638
1643
1643
1642
1648
1644
1648
1648
1647
1642
1641
1641
1641
1643
1642
1643
1649
1649
1649
1644
1645
1641
1645
1642
1644
1643
1641
1648
1643
1648
1645
1645
1643
1643
1623
1598
1553
1494
1435
1370
1325
1286
1274
1332
1406
1488
1545
1579
1606
1624
1642
1654
1664
1669
1677
1680
1679
1685
1681
1680
1683
1686
1685
1685
1687
1687
1688
1689
1689
1692
1689
1693
1696
1694
1696
1694
1696
1696
1698
1698
1698
1695
1695
1694
1698
1698
1694
1694
1698
1698
1689
1687
1688
1686
1685
1683
1680
1674
1669
1663
1660
1660
1655
1653
1645
1643
1641
1641
1635
1631
1631
1630
1631
1631
1634
1631
1635
1635
1636
1634
1632
1634
1635
1634
1636
1636
1630
1631
1628
1635
1630
1631
1632
1636
1634
1637
1641
1638
1642
1641
1645
1640
1641
1635
1640
1640
1642
1645
1645
1649
1649
1645
1645
1644
1645
1647
1649
1649
1645
1654
1648
1651
1649
1643
1641
1641
1644
1643
1645
1641
1642
1641
1636
1641
1638
1635
1636
1641
1641
1638
1636
1634
1636
1636
1640
1636
1636
1635
1635
1638
1631
1632
1632
1635
1632
1638
1635
1634
1628
1630
1631
1631
1630
1631
1631
1635
1635
1628
1614
1584
1537
1477
1418
1335
1290
1261
1268
1324
1403
1492
1539
1578
1603
1629
1640
1650
1655
1667
1669
1670
1670
1673
1674
1676
1680
1677
1679
1686
1683
1681
1687
1689
1685
1680
1688
1688
1687
1685
1689
1695
1692
1692
1692
1693
1693
1694
1699
1695
1694
1692
1694
1696
1692
1693
1694
1688
1687
1686
1680
1677
1675
1669
1664
1660
1659
1653
1650
1650
1636
1675
1660
1653
1643
1637
1631
1630
1630
1630
1630
1630
1631
1625
1625
1631
1631
1629
1630
1630
1632
1631
1635
1631
1631
1627
1631
1631
1631
1634
1635
1636
1636
1637
1636
1636
1632
1637
1641
1643
1641
1645
1643
1642
1647
1642
1643
1644
1645
1647
1649
1649
1645
1647
1643
1645
1645
1640
1645
1645
1648
1647
1644
1636
1635
1634
1631
1631
1631
1631
1635
1637
1634
1636
1631
1636
1636
1636
1635
1638
1632
1635
1636
1636
1635
1631
1635
1635
1640
1635
1636
1635
1636
1640
1638
1632
1632
1634
1635
1635
1634
1630
1617
1593
1545
1501
1434
1373
1293
1253
1254
1281
1365
1445
1526
1567
1593
1618
1636
1645
1659
1662
1662
1673
1676
1676
1676
1676
1677
1675
1680
1680
1687
1686
1680
1681
1686
1687
1687
1692
1687
1687
1683
1689
1695
1692
1688
1693
1695
1696
1688
1692
1692
1693
1689
1693
1692
1688
1688
1690
1683
1681
1680
1679
1673
1673
1666
1660
1655
1650
1651
1645
1645
1642
1638
1635
1634
1632
1624
1624
1622
1627
1630
1634
1629
1631
1630
1631
1630
1630
1627
1631
1635
1631
1632
1629
1632
1631
1632
1634
1631
1631
1631
1631
1635
1631
1631
1634
1632
1635
1638
1640
1636
1641
1635
1641
1640
1640
1641
1640
1644
1649
1649
1648
1643
1647
1645
1648
1643
1642
1641
1643
1642
1643
1643
1640
1641
1637
1631
1629
1628
1630
1630
1632
1634
1637
1635
1636
1637
1638
1636
1641
1638
1637
1640
1631
1635
1630
1635
1634
1640
1632
1636
1636
1637
1635
1631
1635
1631
1632
1632
1636
1630
1631
1632
1630
1605
1578
1537
1473
1403
1335
1299
1253
1261
1321
1404
1482
1537
1571
1602
1624
1641
1653
1660
1663
1669
1674
1674
1654
1662
1674
1677
1676
1680
1682
1681
1680
1680
1685
1692
1686
1685
1690
1688
1689
1690
1692
1693
1690
1690
1695
1692
1692
1694
1694
1695
1692
1692
1690
1688
1688
1687
1687
1683
1682
1681
1675
1674
1669
1662
1660
1654
1654
1651
1645
1642
1644
1642
1640
1640
1631
1630
1628
1631
1630
1630
1625
1630
1625
1624
1624
1628
1627
1628
1632
1632
1629
1631
1623
1630
1628
1625
1624
1627
1627
1634
1632
1635
1631
1632
1631
1630
1630
1632
1636
1636
1636
1640
1641
1642
1645
1645
1645
1645
1644
1643
1643
1642
1641
1641
1643
1643
1648
1643
1641
1641
1643
1640
1640
1640
1635
1635
1636
1642
1637
1638
1631
1630
1624
1628
1627
1629
1627
1630
1634
1631
1634
1630
1634
1629
1628
1630
1634
1628
1630
1628
1632
1631
1635
1634
1630
1630
1630
1627
1624
1627
1627
1631
1628
1631
1627
1631
1621
1628
1624
1618
1584
1535
1496
1431
1370
1318
1269
1259
1309
1382
1464
1522
1564
1592
1617
1632
1644
1644
1659
1661
1661
1668
1669
1669
1673
1673
1669
1673
1677
1675
1674
1676
1673
1677
1679
1681
1679
1680
1680
1681
1683
1683
1686
1681
1683
1686
1685
1680
1683
1680
1683
1686
1683
1681
1686
1680
1675
1674
1673
1670
1666
1664
1660
1659
1647
1645
1643
1640
1637
1635
1636
1629
1630
1624
1627
1621
1621
1616
1621
1621
1624
1623
1624
1623
1627
1627
1627
1622
1622
1621
1622
1622
1624
1622
1627
1625
1634
1623
1624
1627
1632
1622
1627
1631
1631
1629
1631
1632
1632
1632
1631
1634
1634
1636
1636
1637
1634
1638
1641
1642
1641
1640
1641
1643
1643
1641
1641
1640
1636
1641
1640
1640
1635
1636
1634
1637
1635
1636
1631
1631
1627
1632
1629
1625
1627
1627
1627
1630
1624
1627
1624
1628
1631
1629
1627
1630
1631
1630
1630
1630
1628
1630
1629
1625
1627
1627
1629
1631
1628
1630
1629
1627
1625
1624
1630
1624
1621
1610
1593
1563
1508
1457
1385
1328
1283
1270
1281
1353
1429
1503
1548
1580
1604
1627
1641
1650
1656
1664
1662
1669
1664
1670
1669
1669
1669
1674
1674
1673
1675
1676
1674
1675
1675
1677
1680
1682
1683
1681
1679
1683
1682
1680
1683
1686
1688
1687
1683
1687
1683
1681
1680
1686
1680
1681
1682
1680
1675
1672
1670
1664
1662
1657
1655
1653
1649
1648
1643
1637
1631
1630
1624
1622
1617
1622
1617
1617
1614
1621
1616
1619
1619
1619
1617
1621
1618
1621
1619
1621
1621
1622
1621
1621
1624
1624
1622
1621
1616
1621
1619
1622
1622
1622
1622
1623
1622
1622
1624
1627
1627
1630
1628
1630
1630
1629
1630
1631
1634
1631
1635
1631
1635
1631
1632
1632
1636
1632
1636
1634
1632
1627
1627
1628
1628
1630
1627
1623
1624
1622
1619
1617
1614
1619
1619
1622
1617
1618
1621
1622
1624
1624
1621
1622
1619
1622
1618
1617
1621
1621
1619
1622
1621
1618
1616
1622
1621
1617
1619
1617
1616
1616
1621
1616
1614
1608
1603
1577
1545
1496
1422
1359
1296
1262
1245
1274
1350
1445
1516
1558
1586
1605
1624
1632
1647
1651
1653
1662
1663
1664
1662
1663
1664
1667
1664
1668
1668
1669
1669
1672
1670
1669
1672
1672
1672
1673
1674
1675
1680
1679
1681
1679
1687
1679
1679
1679
1681
1674
1679
1676
1676
1677
1673
1673
1669
1663
1664
1662
1656
1655
1654
1650
1644
1641
1636
1636
1624
1623
1619
1623
1615
1617
1616
1617
1612
1616
1615
1612
1611
1616
1615
1614
1616
1612
1616
1615
1622
1619
1618
1616
1616
1621
1688
1662
1645
1635
1630
1624
1624
1621
1622
1622
1623
1622
1622
1619
1623
1624
1627
1630
1628
1622
1629
1629
1631
1630
1631
1629
1631
1627
1631
1631
1631
1629
1629
1624
1627
1627
1627
1624
1625
1627
1627
1622
1622
1622
1622
1623
1621
1624
1624
1628
1627
1622
1624
1617
1621
1617
1622
1612
1621
1621
1622
1621
1622
1617
1621
1618
1622
1617
1617
1615
1621
1617
1621
1616
1614
1612
1611
1612
1593
1566
1521
1470
1408
1331
1288
1249
1237
1286
1376
1460
1516
1550
1583
1609
1621
1635
1641
1649
1653
1657
1655
1655
1661
1660
1660
1662
1660
1663
1664
1666
1668
1669
1669
1668
1672
1669
1673
1673
1673
1673
1676
1675
1674
1672
1675
1670
1674
1674
1674
1677
1677
1674
1673
1672
1669
1664
1662
1662
1659
1659
1651
1650
1650
1649
1641
1635
1627
1623
1619
1622
1615
1611
1612
1612
1611
1604
1606
1610
1616
1603
1615
1609
1614
1608
1611
1604
1612
1608
1608
1610
1611
1614
1611
1619
1611
1618
1611
1612
1608
1612
1612
1615
1617
1621
1617
1616
1619
1621
1621
1618
1617
1619
1619
1621
1621
1623
1621
1622
1623
1630
1627
1629
1622
1622
1622
1627
1623
1622
1622
1622
1624
1622
1622
1622
1615
1618
1608
1605
1606
1603
1611
1612
1615
1611
1616
1612
1616
1612
1616
1611
1616
1616
1622
1616
1614
1612
1612
1611
1611
1616
1611
1615
1614
1618
1616
1617
1615
1614
1611
1615
1611
1611
1606
1603
1592
1556
1496
1447
1389
1322
1281
1249
1251
1327
1405
1481
1530
1560
1586
1606
1625
1636
1645
1648
1650
1650
1651
1655
1654
1657
1662
1657
1662
1662
1662
1660
1663
1664
1668
1661
1638
1650
1659
1664
1669
1668
1669
1674
1672
1673
1672
1669
1674
1675
1674
1673
1672
1667
1668
1667
1667
1662
1657
1659
1657
1655
1655
1649
1645
1641
1638
1631
1627
1622
1617
1617
1616
1614
1611
1611
1603
1603
1603
1608
1602
1609
1606
1608
1606
1605
1610
1609
1611
1610
1614
1610
1610
1611
1612
1612
1610
1610
1611
1616
1615
1615
1608
1610
1611
1612
1612
1614
1617
1617
1624
1617
1623
1622
1617
1622
1623
1625
1623
1624
1623
1627
1624
1623
1625
1621
1622
1619
1624
1622
1624
1622
1623
1622
1624
1621
1621
1612
1611
1610
1611
1603
1605
1611
1611
1612
1612
1612
1611
1612
1615
1615
1611
1616
1616
1615
1608
1614
1611
1614
1614
1616
1616
1612
1611
1611
1612
1611
1612
1606
1610
1605
1608
1605
1604
1603
1597
1579
1546
1487
1437
1364
1313
1270
1251
1256
1333
1411
1485
1528
1559
1584
1604
1618
1631
1640
1641
1645
1645
1648
1650
1649
1650
1659
1659
1660
1654
1655
1650
1655
1663
1663
1662
1664
1666
1661
1664
1664
1664
1663
1664
1668
1672
1669
1669
1668
1669
1670
1670
1664
1664
1660
1662
1664
1660
1656
1659
1650
1650
1644
1640
1635
1634
1632
1627
1624
1617
1616
1614
1612
1615
1606
1603
1603
1605
1603
1612
1598
1598
1605
1606
1606
1606
1606
1605
1605
1610
1608
1608
1606
1609
1608
1605
1608
1608
1609
1610
1612
1611
1611
1608
1612
1615
1614
1612
1617
1615
1614
1615
1622
1616
1618
1618
1622
1624
1625
1625
1623
1621
1622
1624
1621
1619
1624
1624
1630
1627
1629
1623
1624
1617
1622
1617
1621
1615
1621
1616
1621
1615
1618
1616
1617
1617
1614
1615
1616
1617
1614
1612
1611
1611
1608
1612
1611
1612
1611
1612
1612
1615
1614
1614
1612
1611
1612
1537
1564
1573
1582
1588
1583
1552
1516
1473
1404
1339
1280
1242
1247
1322
1399
1477
1527
1554
1582
1603
1622
1631
1636
1640
1641
1648
1650
1650
1650
1649
1655
1659
1657
1660
1660
1659
1662
1660
1660
1662
1660
1664
1666
1668
1664
1669
1669
1669
1670
1673
1673
1675
1673
1673
1670
1666
1670
1669
1668
1669
1664
1660
1659
1654
1659
1649
1649
1645
1643
1638
1635
1628
1623
1617
1614
1612
1614
1608
1608
1604
1605
1606
1611
1610
1604
1608
1605
1609
1604
1610
1611
1615
1610
1608
1611
1606
1609
1608
1611
1608
1611
1608
1611
1611
1611
1612
1612
1615
1612
1616
1612
1614
1612
1619
1617
1617
1612
1618
1618
1622
1625
1624
1622
1623
1621
1622
1618
1617
1618
1621
1621
1623
1621
1621
1621
1622
1617
1621
1621
1616
1612
1611
1617
1616
1612
1615
1615
1616
1608
1605
1602
1603
1606
1609
1612
1610
1611
1611
1615
1612
1619
1622
1615
1614
1618
1619
1614
1615
1611
1617
1615
1614
1612
1617
1612
1616
1612
1616
1609
1614
1612
1615
1610
1610
1610
1605
1589
1553
1512
1443
1388
1327
1288
1238
1237
1283
1378
1464
1525
1556
1584
1606
1627
1636
1642
1645
1654
1657
1659
1660
1660
1660
1660
1662
1661
1663
1660
1663
1663
1667
1667
1667
1668
1669
1677
1675
1674
1673
1673
1674
1679
1677
1675
1674
1679
1675
1677
1677
1674
1669
1673
1674
1668
1667
1660
1662
1662
1655
1651
1645
1643
1637
1641
1638
1635
1628
1624
1622
1621
1616
1616
1615
1612
1610
1611
1610
1609
1611
1611
1611
1612
1616
1612
1617
1616
1622
1612
1612
1611
1616
1611
1617
1614
1616
1622
1622
1621
1618
1614
1616
1621
1617
1622
1622
1530
1552
1582
1597
1606
1611
1616
1624
1622
1624
1629
1624
1627
1628
1625
1627
1627
1625
1624
1624
1624
1627
1625
1624
1624
1621
1621
1615
1615
1611
1614
1615
1617
1618
1621
1617
1621
1618
1618
1616
1616
1616
1623
1617
1617
1617
1618
1619
1621
1618
1617
1622
1622
1616
1616
1619
1617
1616
1619
1618
1617
1615
1618
1615
1602
1574
1527
1480
1414
1348
1292
1238
1234
1283
1366
1445
1511
1546
1577
1603
1621
1631
1640
1648
1645
1651
1656
1655
1657
1659
1662
1667
1664
1663
1664
1666
1668
1669
1664
1664
1667
1673
1674
1674
1670
1672
1676
1674
1672
1674
1669
1673
1677
1677
1674
1675
1675
1676
1676
1673
1669
1667
1663
1664
1662
1659
1656
1650
1649
1641
1640
1634
1627
1622
1622
1618
1617
1606
1612
1605
1604
1606
1606
1605
1605
1611
1608
1608
1605
1606
1608
1611
1611
1612
1604
1608
1609
1612
1612
1609
1611
1606
1612
1612
1617
1615
1616
1612
1619
1616
1614
1616
1617
1619
1622
1622
1624
1617
1619
1621
1621
1616
1622
1622
1625
1624
1627
1619
1623
1622
1627
1629
1628
1623
1630
1624
1627
1622
1622
1619
1617
1615
1619
1614
1617
1617
1621
1619
1621
1619
1618
1615
1615
1615
1616
1612
1615
1615
1615
1612
1614
1615
1612
1616
1614
1614
1611
1612
1616
1616
1612
1615
1616
1611
1614
1602
1578
1530
1482
1418
1347
1302
1253
1230
1280
1360
1442
1506
1539
1567
1595
1615
1629
1634
1641
1645
1650
1655
1659
1655
1659
1657
1663
1662
1663
1662
1662
1667
1668
1669
1667
1662
1663
1669
1673
1673
1672
1677
1674
1679
1680
1679
1677
1679
1677
1676
1674
1674
1674
1675
1673
1673
1673
1664
1664
1664
1662
1653
1567
1593
1605
1617
1619
1627
1618
1622
1621
1621
1614
1614
1608
1616
1612
1616
1614
1615
1611
1612
1612
1611
1616
1610
1617
1612
1621
1616
1617
1612
1616
1615
1619
1616
1614
1619
1619
1618
1622
1621
1617
1617
1619
1619
1621
1621
1622
1625
1624
1624
1623
1623
1624
1629
1631
1630
1630
1631
1635
1632
1635
1631
1630
1627
1630
1627
1625
1622
1628
1629
1628
1624
1624
1622
1623
1623
1624
1617
1615
1612
1615
1612
1619
1611
1611
1616
1619
1615
1617
1619
1616
1616
1612
1616
1612
1616
1617
1622
1622
1621
1619
1619
1618
1622
1618
1617
1619
1621
1616
1617
1617
1617
1614
1614
1614
1608
1603
1582
1550
1506
1462
1389
1321
1283
1250
1260
1343
1423
1492
1537
1567
1595
1617
1627
1638
1641
1645
1653
1651
1655
1657
1659
1661
1663
1660
1663
1664
1663
1663
1662
1662
1669
1669
1669
1669
1666
1668
1669
1669
1670
1674
1677
1679
1677
1673
1670
1674
1676
1674
1674
1673
1669
1670
1669
1669
1668
1659
1656
1653
1650
1648
1645
1641
1635
1635
1634
1627
1621
1623
1616
1616
1612
1612
1612
1605
1606
1605
1609
1611
1612
1608
1615
1611
1616
1611
1611
1605
1605
1611
1612
1611
1612
1615
1611
1616
1614
1617
1611
1616
1614
1618
1612
1615
1616
1621
1621
1621
1621
1622
1622
1627
1628
1628
1622
1629
1624
1625
1629
1627
1624
1630
1634
1631
1631
1630
1629
1625
1629
1625
1627
1622
1624
1622
1624
1617
1617
1616
1617
1619
1621
1619
1619
1622
1622
1621
1619
1619
1622
1623
1624
1621
1622
1623
1624
1622
1623
1617
1621
1619
1621
1621
1622
1622
1624
1622
1624
1622
1621
1617
1618
1618
1608
1589
1553
1505
1449
1382
1328
1276
1245
1285
1357
1434
1507
1551
1583
1608
1622
1631
1627
1640
1650
1659
1667
1667
1663
1664
1664
1664
1666
1667
1664
1668
1669
1669
1672
1673
1672
1676
1677
1681
1677
1676
1674
1679
1682
1679
1679
1680
1686
1679
1680
1681
1682
1682
1682
1677
1677
1674
1670
1670
1666
1662
1660
1655
1654
1654
1650
1645
1641
1636
1630
1630
1624
1622
1617
1616
1619
1616
1616
1612
1616
1614
1619
1616
1619
1621
1621
1616
1617
1612
1617
1617
1618
1619
1622
1618
1622
1622
1617
1622
1622
1622
1619
1621
1622
1622
1621
1621
1624
1627
1629
1631
1635
1635
1641
1640
1640
1635
1635
1631
1632
1635
1630
1634
1632
1636
1636
1641
1632
1630
1627
1630
1630
1623
1624
1629
1627
1629
1627
1625
1623
1623
1621
1623
1621
1621
1616
1616
1614
1616
1617
1615
1614
1616
1619
1615
1611
1605
1586
1540
1492
1423
1359
1300
1256
1242
1269
1340
1431
1502
1546
1572
1595
1612
1624
1636
1645
1650
1654
1657
1659
1660
1662
1667
1664
1667
1667
1669
1668
1668
1666
1668
1670
1669
1675
1677
1672
1677
1681
1679
1677
1679
1679
1683
1680
1680
1683
1679
1680
1674
1679
1677
1675
1674
1676
1673
1668
1669
1661
1660
1651
1649
1645
1641
1640
1636
1635
1630
1627
1622
1622
1619
1621
1614
1614
1611
1612
1615
1615
1614
1621
1617
1621
1622
1617
1617
1616
1618
1616
1621
1614
1619
1619
1623
1624
1625
1623
1623
1624
1623
1621
1619
1622
1627
1630
1625
1628
1630
1624
1630
1631
1631
1630
1625
1631
1631
1635
1631
1638
1632
1632
1631
1631
1627
1630
1630
1630
1631
1630
1631
1629
1634
1634
1632
1624
1630
1629
1631
1627
1631
1627
1630
1622
1631
1630
1630
1624
1628
1622
1614
1619
1615
1610
1614
1617
1622
1624
1624
1622
1622
1622
1621
1622
1619
1618
1621
1624
1625
1622
1624
1624
1625
1621
1622
1621
1621
1622
1623
1624
1622
1624
1623
1624
1622
1621
1616
1616
1602
1583
1545
1489
1414
1345
1301
1251
1232
1268
1358
1442
1513
1556
1586
1610
1628
1642
1649
1654
1660
1664
1669
1673
1669
1672
1664
1669
1673
1675
1669
1669
1676
1675
1674
1679
1677
1677
1679
1679
1681
1680
1679
1681
1683
1683
1682
1683
1681
1679
1679
1685
1681
1679
1681
1680
1679
1676
1675
1669
1667
1666
1664
1662
1651
1651
1643
1643
1638
1636
1631
1628
1627
1625
1619
1618
1614
1616
1611
1617
1612
1611
1614
1614
1619
1622
1616
1615
1614
1615
1612
1616
1619
1616
1619
1619
1619
1612
1612
1615
1621
1617
1617
1615
1619
1621
1624
1622
1623
1621
1624
1624
1630
1627
1629
1627
1631
1631
1634
1634
1630
1630
1631
1635
1635
1632
1635
1638
1632
1635
1630
1631
1631
1631
1630
1627
1624
1617
1619
1619
1621
1618
1621
1622
1625
1623
1623
1619
1621
1621
1622
1624
1622
1621
1622
1624
1627
1623
1622
1619
1618
1618
1619
1616
1624
1618
1619
1616
1618
1616
1617
1617
1615
1617
1616
1610
1593
1550
1518
1473
1392
1314
1270
1243
1259
1335
1415
1489
1539
1569
1593
1616
1625
1637
1645
1650
1655
1656
1663
1660
1660
1666
1664
1661
1664
1668
1667
1672
1672
1669
1669
1674
1674
1670
1673
1674
1676
1679
1677
1677
1679
1679
1680
1679
1679
1677
1680
1682
1680
1675
1674
1675
1676
1669
1669
1663
1660
1660
1656
1653
1650
1641
1640
1634
1635
1631
1631
1625
1625
1622
1621
1617
1614
1611
1615
1615
1615
1616
1617
1617
1619
1616
1621
1617
1617
1619
1619
1621
1618
1623
1627
1624
1627
1624
1622
1622
1622
1623
1625
1627
1625
1623
1619
1624
1623
1625
1632
1631
1634
1631
1635
1631
1634
1631
1636
1635
1634
1635
1632
1635
1632
1635
1634
1640
1636
1634
1631
1631
1629
1634
1629
1630
1629
1627
1624
1624
1623
1623
1621
1622
1622
1624
1622
1624
1623
1625
1623
1627
1622
1621
1621
1622
1622
1627
1622
1623
1624
1624
1622
1629
1621
1622
1618
1622
1624
1624
1618
1623
1621
1622
1618
1612
1593
1565
1521
1466
1408
1343
1299
1272
1269
1334
1410
1489
1537
1566
1596
1615
1630
1640
1642
1655
1660
1660
1664
1660
1660
1668
1670
1667
1668
1664
1668
1669
1670
1673
1670
1673
1677
1677
1672
1674
1677
1675
1679
1681
1677
1676
1677
1677
1679
1675
1681
1677
1677
1677
1677
1675
1674
1669
1668
1668
1663
1661
1655
1657
1650
1645
1645
1641
1636
1630
1627
1627
1622
1617
1616
1616
1617
1616
1621
1619
1622
1618
1618
1617
1619
1616
1623
1618
1622
1615
1622
1617
1623
1621
1621
1619
1623
1618
1623
1618
1623
1621
1622
1622
1623
1623
1623
1629
1630
1630
1630
1630
1629
1631
1628
1640
1631
1636
1635
1638
1638
1634
1631
1636
1637
1635
1638
1638
1640
1632
1635
1634
1631
1630
1630
1635
1631
1628
1621
1627
1621
1627
1622
1625
1624
1631
1632
1631
1630
1634
1632
1634
1632
1630
1630
1627
1631
1630
1632
1629
1628
1624
1631
1630
1630
1629
1627
1629
1631
1632
1631
1635
1631
1624
1624
1608
1583
1541
1500
1428
1369
1312
1274
1257
1330
1408
1489
1544
1577
1601
1624
1641
1650
1654
1663
1666
1669
1670
1673
1673
1674
1676
1677
1676
1676
1675
1677
1679
1681
1677
1679
1680
1686
1685
1603
1627
1647
1660
1670
1675
1681
1681
1683
1686
1687
1687
1683
1688
1692
1688
1683
1681
1676
1675
1674
1673
1667
1659
1661
1661
1660
1657
1650
1645
1640
1632
1630
1630
1625
1622
1621
1627
1627
1625
1623
1629
1625
1630
1627
1624
1621
1625
1627
1627
1623
1625
1630
1631
1629
1631
1627
1627
1629
1632
1630
1625
1630
1627
1630
1631
1636
1635
1642
1641
1645
1648
1645
1645
1645
1645
1641
1643
1638
1641
1641
1642
1645
1640
1640
1641
1641
1638
1638
1636
1631
1634
1631
1635
1631
1630
1631
1635
1630
1630
1627
1629
1631
1630
1630
1627
1630
1630
1629
1624
1625
1622
1617
1608
1576
1540
1494
1431
1354
1298
1275
1248
1280
1357
1447
1518
1558
1584
1606
1624
1640
1643
1650
1655
1660
1662
1664
1672
1670
1668
1673
1677
1680
1677
1674
1675
1677
1679
1683
1681
1681
1683
1685
1683
1683
1687
1687
1686
1688
1689
1687
1686
1687
1692
1693
1690
1688
1688
1683
1683
1679
1674
1677
1668
1667
1668
1660
1654
1653
1645
1642
1638
1635
1634
1631
1624
1629
1627
1623
1622
1622
1621
1621
1619
1617
1618
1621
1619
1624
1624
1624
1621
1625
1624
1625
1621
1623
1625
1625
1627
1623
1625
1624
1631
1629
1630
1630
1630
1628
1632
1632
1631
1630
1629
1631
1631
1628
1632
1640
1641
1640
1634
1631
1630
1632
1635
1640
1635
1631
1631
1630
1634
1634
1631
1631
1635
1632
1632
1630
1631
1627
1631
1627
1630
1625
1629
1624
1627
1628
1627
1624
1624
1628
1624
1625
1622
1621
1622
1627
1627
1623
1621
1621
1621
1621
1614
1611
1619
1617
1625
1624
1627
1621
1624
1622
1622
1621
1630
1632
1629
1625
1630
1628
1622
1617
1623
1622
1627
1625
1641
1630
1630
1624
1630
1629
1624
1630
1622
1621
1616
1605
1577
1532
1483
1431
1346
1293
1259
1235
1277
1365
1444
1509
1550
1582
1605
1630
1638
1643
1657
1662
1661
1663
1667
1672
1670
1669
1670
1670
1673
1674
1679
1674
1679
1679
1677
1675
1683
1683
1681
1682
1681
1680
1686
1685
1682
1683
1687
1687
1687
1683
1685
1686
1685
1683
1681
1676
1677
1674
1673
1674
1668
1664
1661
1660
1654
1649
1645
1641
1641
1636
1634
1629
1624
1617
1624
1614
1614
1608
1611
1614
1616
1617
1619
1616
1614
1618
1619
1616
1617
1618
1618
1618
1617
1617
1619
1619
1617
1622
1617
1621
1615
1624
1624
1624
1624
1624
1622
1625
1625
1635
1631
1631
1634
1631
1631
1632
1636
1632
1640
1632
1640
1637
1635
1636
1634
1637
1634
1632
1630
1636
1634
1632
1631
1630
1630
1631
1630
1627
1624
1623
1617
1621
1622
1624
1623
1624
1624
1623
1624
1623
1624
1624
1625
1627
1627
1625
1624
1623
1629
1625
1623
1622
1627
1623
1627
1627
1627
1623
1635
1622
1624
1624
1622
1623
1619
1617
1617
1590
1544
1513
1455
1397
1331
1285
1259
1280
1354
1435
1507
1547
1579
1602
1622
1632
1643
1653
1656
1659
1662
1663
1667
1668
1672
1668
1669
1668
1673
1673
1673
1669
1677
1674
1676
1677
1676
1676
1679
1682
1676
1680
1677
1677
1680
1683
1687
1688
1686
1683
1681
1681
1679
1680
1679
1679
1674
1674
1673
1664
1662
1660
1659
1655
1649
1642
1637
1640
1631
1631
1627
1627
1622
1623
1622
1621
1619
1622
1619
1621
1619
1621
1619
1619
1617
1623
1622
1624
1622
1627
1625
1629
1624
1625
1624
1625
1627
1629
1622
1627
1625
1631
1630
1632
1628
1630
1630
1635
1635
1640
1638
1636
1640
1638
1642
1641
1643
1641
1642
1644
1636
1632
1641
1642
1641
1638
1641
1640
1636
1635
1635
1629
1631
1631
1636
1631
1634
1629
1627
1624
1627
1627
1623
1621
1627
1629
1631
1629
1632
1631
1635
1630
1634
1630
1629
1627
1629
1630
1630
1630
1629
1632
1631
1635
1634
1631
1631
1635
1630
1631
1630
1632
1629
1631
1624
1619
1593
1553
1513
1449
1390
1316
1285
1262
1307
1384
1464
1530
1567
1596
1621
1630
1645
1649
1656
1663
1667
1669
1668
1669
1672
1675
1674
1669
1676
1676
1677
1675
1679
1680
1680
1680
1679
1683
1683
1682
1682
1687
1689
1687
1686
1685
1687
1687
1688
1687
1685
1683
1688
1685
1681
1679
1677
1676
1676
1674
1673
1669
1664
1659
1654
1643
1644
1641
1641
1632
1634
1629
1629
1624
1627
1622
1622
1621
1621
1616
1621
1622
1621
1617
1622
1627
1627
1627
1629
1630
1627
1624
1623
1625
1623
1625
1627
1630
1628
1632
1631
1632
1632
1635
1634
1632
1634
1632
1635
1631
1638
1636
1641
1641
1641
1640
1641
1638
1640
1645
1640
1643
1643
1642
1643
1642
1641
1641
1641
1640
1640
1636
1636
1641
1640
1641
1638
1636
1630
1630
1629
1631
1623
1624
1624
1628
1630
1629
1627
1631
1634
1631
1634
1634
1635
1631
1635
1636
1636
1635
1635
1636
1636
1640
1634
1635
1630
1632
1630
1634
1630
1632
1636
1634
1631
1632
1632
1631
1632
1627
1619
1596
1526
1480
1435
1366
1303
1269
1253
1289
1374
1468
1537
1574
1605
1628
1643
1654
1659
1662
1672
1676
1679
1677
1686
1682
1681
1681
1680
1681
1682
1681
1686
1689
1692
1688
1690
1693
1690
1692
1696
1696
1695
1699
1700
1694
1692
1695
1698
1698
1698
1699
1696
1694
1694
1693
1690
1686
1680
1645
1662
1663
1663
1666
1662
1660
1660
1655
1650
1642
1644
1641
1635
1631
1631
1629
1629
1629
1625
1627
1629
1635
1635
1636
1628
1636
1631
1630
1631
1635
1631
1632
1631
1637
1635
1635
1636
1636
1636
1636
1641
1635
1641
1640
1641
1641
1641
1638
1640
1642
1645
1649
1645
1650
1653
1649
1650
1645
1644
1647
1648
1645
1647
1648
1645
1651
1650
1650
1649
1643
1647
1645
1648
1643
1645
1641
1636
1636
1631
1631
1629
1636
1635
1637
1637
1637
1640
1637
1638
1637
1640
1636
1638
1636
1640
1635
1638
1636
1641
1636
1636
1637
1635
1635
1636
1635
1635
1636
1635
1634
1635
1631
1631
1631
1629
1612
1583
1527
1474
1405
1328
1290
1259
1257
1332
1416
1499
1551
1586
1605
1630
1643
1649
1660
1667
1664
1674
1677
1680
1680
1680
1681
1679
1679
1681
1683
1681
1683
1685
1687
1685
1687
1687
1690
1693
1694
1693
1689
1695
1692
1694
1690
1696
1693
1688
1692
1695
1692
1693
1689
1690
1688
1686
1681
1679
1672
1673
1668
1662
1662
1659
1655
1651
1649
1643
1640
1637
1631
1631
1627
1627
1621
1622
1622
1625
1623
1627
1625
1630
1630
1631
1625
1629
1627
1624
1630
1630
1627
1628
1631
1631
1632
1631
1630
1631
1636
1634
1640
1634
1635
1636
1634
1636
1635
1638
1638
1641
1641
1643
1649
1644
1644
1643
1647
1644
1643
1644
1641
1649
1649
1650
1649
1647
1649
1643
1643
1638
1641
1641
1641
1644
1640
1636
1632
1634
1632
1631
1630
1635
1635
1640
1640
1635
1631
1632
1636
1634
1636
1637
1641
1640
1640
1640
1638
1634
1636
1638
1636
1635
1636
1638
1638
1640
1640
1638
1638
1634
1636
1635
1632
1630
1622
1601
1556
1511
1463
1466
1392
1327
1290
1305
1372
1454
1521
1564
1596
1619
1636
1650
1659
1663
1673
1673
1674
1676
1674
1681
1683
1682
1680
1690
1689
1687
1687
1689
1690
1688
1685
1690
1690
1692
1693
1699
1698
1696
1693
1696
1698
1693
1699
1699
1695
1696
1700
1700
1694
1692
1692
1693
1692
1686
1685
1679
1676
1673
1668
1667
1659
1656
1653
1653
1647
1641
1641
1635
1634
1629
1635
1629
1629
1631
1629
1629
1630
1631
1630
1634
1630
1631
1630
1631
1630
1634
1630
1630
1628
1635
1631
1629
1631
1631
1631
1634
1634
1635
1632
1634
1640
1641
1641
1641
1643
1640
1641
1645
1641
1642
1642
1647
1650
1647
1645
1643
1644
1644
1645
1645
1644
1649
1645
1648
1645
1643
1643
1643
1644
1640
1642
1638
1637
1640
1640
1640
1635
1636
1630
1631
1625
1627
1624
1627
1636
1636
1641
1635
1638
1635
1635
1635
1637
1636
1636
1634
1635
1636
1632
1641
1640
1642
1638
1641
1636
1636
1632
1634
1638
1635
1637
1635
1635
1631
1632
1627
1612
1579
1533
1470
1404
1341
1290
1263
1270
1337
1425
1503
1559
1588
1612
1631
1650
1656
1664
1673
1672
1677
1679
1679
1677
1681
1679
1676
1681
1686
1687
1686
1687
1690
1687
1687
1689
1696
1693
1693
1695
1699
1696
1696
1699
1696
1696
1696
1698
1696
1696
1699
1698
1695
1692
1694
1693
1692
1688
1693
1687
1680
1676
1673
1669
1664
1659
1654
1655
1645
1649
1644
1641
1640
1637
1638
1632
1631
1631
1636
1634
1635
1635
1636
1634
1638
1636
1636
1640
1636
1642
1635
1641
1635
1640
1634
1637
1636
1637
1638
1641
1644
1641
1644
1643
1645
1645
1645
1650
1645
1644
1649
1649
1654
1650
1656
1650
1650
1654
1653
1653
1653
1558
1590
1610
1623
1631
1640
1641
1645
1649
1645
1650
1645
1645
1648
1644
1643
1641
1638
1636
1637
1631
1632
1635
1640
1640
1641
1641
1637
1642
1643
1642
1640
1635
1640
1638
1645
1643
1643
1643
1644
1643
1643
1644
1641
1641
1641
1644
1641
1643
1643
1644
1647
1643
1640
1640
1634
1618
1584
1534
1489
1415
1347
1300
1272
1276
1351
1429
1507
1554
1591
1616
1634
1649
1660
1664
1673
1676
1679
1681
1686
1687
1681
1683
1687
1687
1686
1686
1688
1692
1688
1688
1696
1692
1692
1696
1698
1692
1694
1696
1696
1696
1698
1700
1696
1695
1698
1701
1696
1692
1695
1693
1689
1692
1692
1688
1681
1674
1674
1672
1668
1664
1660
1659
1653
1654
1648
1643
1643
1640
1638
1631
1631
1629
1630
1625
1631
1624
1629
1629
1634
1632
1636
1631
1631
1635
1635
1634
1630
1630
1629
1636
1636
1632
1635
1636
1637
1636
1638
1632
1635
1636
1641
1642
1642
1641
1643
1648
1647
1649
1649
1650
1649
1649
1650
1649
1644
1650
1650
1654
1649
1649
1648
1650
1647
1650
1650
1645
1644
1649
1643
1643
1641
1641
1640
1640
1638
1632
1634
1629
1631
1636
1641
1637
1636
1636
1635
1638
1638
1636
1631
1638
1638
1641
1643
1641
1641
1637
1638
1635
1636
1638
1640
1641
1640
1641
1640
1640
1636
1640
1640
1636
1631
1629
1611
1582
1528
1483
1421
1359
1308
1275
1275
1347
1430
1505
1558
1586
1616
1631
1645
1659
1663
1673
1677
1679
1681
1683
1685
1679
1681
1681
1687
1683
1687
1688
1688
1688
1693
1696
1696
1693
1690
1693
1693
1690
1692
1700
1698
1698
1700
1699
1695
1699
1700
1699
1695
1696
1694
1690
1692
1687
1688
1686
1681
1680
1674
1673
1677
1719
1696
1681
1668
1657
1647
1648
1643
1640
1631
1632
1630
1630
1629
1634
1635
1635
1634
1636
1636
1630
1634
1630
1634
1631
1634
1630
1636
1632
1641
1636
1637
1640
1637
1635
1634
1641
1636
1641
1641
1641
1642
1641
1643
1643
1648
1649
1649
1649
1644
1648
1648
1653
1649
1645
1649
1650
1653
1650
1653
1651
1653
1650
1650
1649
1645
1644
1645
1645
1644
1641
1640
1636
1640
1636
1636
1634
1637
1640
1640
1638
1635
1636
1636
1638
1637
1642
1638
1641
1641
1641
1640
1635
1640
1636
1640
1640
1641
1636
1637
1641
1643
1641
1636
1637
1635
1632
1634
1632
1622
1608
1561
1520
1466
1390
1346
1289
1281
1299
1371
1450
1518
1564
1591
1617
1634
1644
1654
1664
1673
1674
1674
1673
1669
1679
1683
1676
1679
1683
1681
1680
1685
1685
1683
1686
1689
1688
1690
1688
1692
1688
1692
1693
1693
1693
1690
1698
1696
1698
1698
1694
1699
1692
1694
1692
1688
1685
1688
1683
1683
1681
1669
1669
1669
1662
1662
1657
1654
1650
1649
1643
1637
1632
1630
1631
1629
1629
1627
1625
1627
1631
1631
1634
1631
1631
1631
1631
1628
1625
1629
1630
1631
1632
1634
1631
1630
1631
1634
1634
1634
1640
1635
1641
1635
1636
1635
1637
1640
1640
1642
1641
1645
1645
1645
1648
1647
1650
1649
1647
1649
1647
1653
1650
1650
1650
1645
1650
1647
1649
1645
1649
1648
1642
1643
1643
1644
1642
1640
1638
1636
1640
1641
1642
1636
1640
1640
1636
1640
1640
1641
1642
1642
1642
1645
1642
1642
1643
1641
1641
1640
1641
1641
1640
1641
1641
1643
1641
1645
1641
1641
1641
1636
1635
1636
1621
1599
1554
1493
1442
1370
1322
1283
1267
1319
1403
1490
1551
1586
1612
1634
1649
1660
1669
1673
1679
1680
1686
1687
1675
1716
1703
1702
1701
1693
1688
1693
1693
1690
1692
1695
1696
1695
1696
1698
1695
1696
1700
1698
1700
1700
1700
1699
1703
1707
1706
1705
1702
1698
1698
1696
1698
1694
1688
1683
1683
1680
1677
1673
1667
1668
1664
1662
1659
1653
1650
1643
1645
1640
1636
1636
1637
1636
1641
1641
1636
1640
1635
1636
1638
1631
1635
1638
1640
1637
1640
1637
1641
1640
1642
1643
1641
1640
1640
1641
1635
1641
1640
1643
1643
1649
1645
1645
1642
1642
1649
1645
1643
1647
1643
1649
1650
1657
1653
1649
1651
1650
1650
1648
1651
1650
1645
1649
1650
1649
1645
1645
1645
1640
1640
1637
1638
1635
1642
1643
1643
1643
1635
1640
1640
1641
1641
1644
1643
1637
1642
1643
1641
1638
1641
1636
1641
1641
1638
1643
1640
1641
1640
1638
1637
1640
1640
1638
1640
1635
1636
1621
1592
1556
1490
1423
1350
1289
1253
1250
1309
1388
1477
1543
1582
1605
1630
1649
1662
1672
1672
1679
1686
1682
1683
1686
1686
1687
1687
1683
1690
1685
1687
1690
1694
1692
1692
1692
1695
1696
1693
1698
1696
1692
1696
1696
1699
1698
1702
1698
1698
1699
1696
1695
1690
1690
1693
1692
1683
1685
1683
1681
1677
1680
1670
1666
1662
1656
1653
1647
1648
1648
1642
1641
1636
1635
1630
1628
1630
1630
1627
1627
1628
1630
1630
1636
1630
1634
1632
1634
1635
1634
1636
1635
1635
1634
1636
1637
1635
1634
1635
1641
1638
1640
1636
1643
1641
1641
1640
1638
1638
1644
1647
1645
1643
1645
1645
1651
1649
1650
1649
1648
1653
1648
1645
1642
1648
1647
1649
1648
1647
1645
1642
1641
1636
1641
1635
1636
1641
1644
1642
1643
1644
1641
1641
1636
1635
1668
1655
1653
1650
1650
1643
1645
1641
1640
1641
1641
1641
1635
1636
1636
1640
1638
1638
1638
1637
1636
1635
1629
1605
1565
1528
1486
1402
1343
1289
1259
1282
1356
1436
1511
1556
1591
1615
1635
1649
1656
1663
1670
1674
1681
1681
1679
1681
1688
1687
1681
1686
1692
1687
1690
1689
1694
1690
1690
1693
1692
1694
1693
1696
1695
1695
1696
1698
1696
1695
1698
1700
1695
1695
1698
1699
1695
1688
1693
1689
1687
1683
1681
1676
1677
1677
1673
1669
1659
1650
1648
1645
1645
1636
1634
1634
1635
1631
1630
1631
1630
1630
1629
1624
1627
1624
1625
1628
1630
1632
1631
1631
1630
1631
1630
1631
1627
1630
1625
1630
1628
1631
1628
1631
1631
1635
1636
1632
1632
1631
1641
1638
1638
1636
1638
1640
1635
1641
1640
1641
1640
1645
1644
1649
1649
1641
1645
1643
1645
1642
1638
1641
1640
1642
1641
1640
1635
1640
1634
1630
1630
1627
1629
1630
1636
1631
1635
1632
1636
1635
1638
1641
1638
1635
1636
1636
1634
1631
1632
1638
1637
1635
1631
1632
1631
1636
1638
1634
1631
1631
1635
1634
1631
1627
1624
1608
1572
1530
1488
1414
1351
1305
1267
1287
1357
1431
1502
1552
1583
1611
1631
1643
1654
1657
1669
1672
1673
1673
1679
1676
1681
1679
1674
1677
1681
1681
1679
1685
1686
1687
1687
1687
1688
1683
1686
1692
1693
1689
1692
1694
1693
1692
1694
1693
1688
1692
1692
1694
1688
1687
1689
1686
1682
1682
1676
1673
1673
1669
1662
1661
1653
1651
1649
1650
1641
1641
1634
1634
1630
1631
1628
1630
1630
1625
1624
1623
1627
1624
1629
1628
1632
1630
1630
1631
1635
1635
1636
1631
1635
1636
1636
1635
1636
1631
1631
1632
1634
1636
1637
1641
1638
1640
1636
1640
1641
1669
1683
1668
1663
1654
1650
1650
1643
1649
1649
1647
1644
1649
1650
1649
1649
1641
1643
1643
1645
1644
1643
1641
1637
1641
1640
1641
1634
1631
1631
1635
1634
1632
1635
1635
1637
1636
1642
1636
1637
1634
1635
1637
1637
1636
1638
1636
1640
1641
1637
1640
1638
1640
1638
1640
1634
1636
1636
1641
1634
1631
1627
1627
1606
1579
1532
1490
1432
1371
1307
1267
1263
1335
1416
1498
1546
1577
1606
1625
1643
1653
1660
1668
1670
1673
1676
1674
1675
1680
1679
1677
1679
1679
1681
1680
1682
1680
1688
1687
1683
1682
1688
1689
1694
1688
1688
1689
1692
1692
1690
1688
1688
1694
1690
1692
1688
1688
1688
1687
1680
1680
1679
1674
1673
1668
1663
1666
1660
1659
1655
1649
1643
1637
1634
1629
1630
1625
1627
1625
1624
1623
1630
1622
1623
1624
1631
1628
1627
1628
1627
1623
1625
1630
1627
1625
1623
1629
1629
1630
1625
1630
1627
1631
1628
1632
1630
1635
1632
1636
1637
1638
1640
1637
1636
1638
1640
1636
1636
1641
1641
1641
1643
1643
1640
1643
1641
1643
1645
1643
1643
1644
1645
1640
1640
1638
1641
1642
1641
1638
1634
1630
1627
1624
1623
1627
1631
1635
1632
1635
1631
1630
1631
1632
1636
1632
1630
1634
1634
1635
1632
1636
1634
1636
1632
1636
1634
1634
1630
1631
1631
1632
1634
1631
1631
1631
1632
1630
1624
1608
1582
1539
1475
1428
1359
1302
1253
1269
1319
1408
1492
1553
1586
1605
1629
1645
1656
1664
1673
1676
1677
1682
1681
1679
1677
1679
1682
1683
1687
1682
1692
1687
1688
1688
1690
1694
1690
1693
1692
1693
1696
1696
1696
1695
1696
1698
1698
1700
1699
1700
1699
1699
1698
1692
1692
1689
1688
1688
1683
1669
1712
1698
1683
1676
1667
1660
1655
1651
1649
1641
1637
1632
1634
1631
1636
1630
1630
1627
1629
1627
1629
1624
1627
1629
1624
1632
1635
1634
1635
1643
1643
1641
1640
1641
1640
1636
1640
1640
1638
1637
1643
1641
1641
1640
1641
1647
1645
1642
1643
1642
1638
1643
1644
1644
1648
1640
1648
1643
1648
1644
1647
1645
1647
1649
1645
1643
1641
1642
1641
1642
1643
1636
1641
1637
1641
1640
1634
1617
1593
1557
1512
1456
1378
1322
1267
1253
1286
1348
1431
1511
1550
1584
1606
1624
1643
1650
1655
1664
1673
1673
1677
1681
1679
1679
1685
1680
1681
1683
1687
1683
1681
1683
1688
1686
1685
1689
1692
1693
1693
1696
1694
1693
1694
1696
1700
1695
1692
1699
1693
1690
1692
1693
1688
1686
1688
1688
1679
1669
1669
1664
1663
1660
1659
1656
1650
1649
1643
1638
1632
1631
1635
1631
1634
1629
1631
1630
1631
1629
1631
1627
1631
1630
1635
1631
1635
1635
1634
1636
1636
1632
1630
1635
1634
1635
1638
1636
1636
1636
1634
1634
1635
1635
1638
1641
1641
1640
1640
1640
1641
1641
1643
1647
1640
1640
1642
1641
1641
1636
1638
1636
1641
1640
1636
1638
1635
1640
1638
1640
1635
1636
1631
1636
1637
1637
1636
1634
1635
1636
1637
1632
1634
1635
1635
1638
1637
1635
1630
1630
1630
1634
1631
1630
1631
1635
1635
1635
1638
1640
1635
1631
1630
1630
1629
1630
1632
1630
1629
1627
1623
1621
1623
1623
1628
1625
1631
1632
1635
1629
1631
1632
1630
1631
1635
1632
1635
1635
1632
1637
1635
1635
1636
1632
1631
1634
1630
1632
1635
1636
1638
1636
1636
1630
1630
1623
1603
1573
1521
1473
1390
1352
1290
1256
1264
1345
1423
1496
1548
1583
1608
1630
1645
1712
1702
1696
1690
1688
1688
1688
1690
1686
1687
1688
1689
1687
1688
1685
1687
1687
1693
1690
1688
1688
1696
1695
1692
1699
1698
1698
1694
1702
1696
1694
1696
1695
1695
1696
1698
1696
1694
1690
1693
1688
1686
1681
1680
1679
1675
1669
1664
1664
1660
1656
1651
1650
1650
1641
1641
1636
1635
1629
1630
1627
1629
1625
1624
1622
1631
1631
1631
1627
1627
1629
1630
1630
1630
1632
1634
1635
1634
1635
1632
1631
1634
1634
1631
1631
1631
1634
1634
1635
1638
1636
1641
1642
1645
1641
1644
1644
1648
1643
1645
1649
1649
1649
1647
1649
1650
1650
1650
1650
1653
1651
1649
1650
1643
1642
1643
1643
1643
1640
1643
1643
1645
1645
1640
1632
1629
1628
1630
1625
1624
1628
1628
1630
1631
1630
1627
1630
1634
1637
1634
1631
1636
1631
1632
1635
1631
1632
1631
1631
1634
1631
1630
1631
1631
1634
1630
1632
1634
1631
1631
1632
1629
1627
1610
1588
1554
1513
1454
1384
1321
1274
1269
1315
1391
1469
1525
1570
1593
1622
1638
1649
1655
1662
1669
1673
1672
1668
1673
1674
1674
1679
1679
1674
1683
1681
1679
1677
1681
1683
1685
1681
1686
1688
1683
1685
1689
1687
1688
1687
1692
1694
1692
1689
1692
1690
1692
1689
1689
1687
1683
1683
1681
1679
1677
1670
1670
1669
1663
1662
1657
1648
1643
1638
1636
1631
1634
1632
1631
1629
1630
1625
1627
1623
1625
1623
1622
1624
1629
1624
1627
1629
1634
1630
1634
1631
1630
1627
1630
1628
1631
1631
1630
1631
1630
1632
1634
1636
1632
1638
1638
1641
1638
1636
1636
1636
1637
1636
1643
1638
1640
1648
1649
1651
1650
1650
1644
1645
1647
1649
1648
1641
1644
1645
1645
1641
1643
1640
1638
1641
1641
1638
1625
1637
1634
1640
1636
1632
1630
1631
1630
1635
1631
1632
1634
1632
1636
1631
1635
1631
1631
1630
1635
1634
1640
1640
1641
1638
1636
1634
1635
1636
1634
1638
1636
1636
1631
1635
1638
1634
1631
1636
1636
1636
1631
1617
1586
1548
1508
1451
1397
1325
1274
1255
1309
1395
1480
1541
1577
1604
1630
1645
1654
1662
1669
1669
1677
1680
1679
1679
1680
1683
1683
1683
1685
1683
1687
1692
1685
1687
1687
1687
1685
1694
1694
1693
1693
1699
1693
1694
1693
1694
1694
1693
1694
1694
1693
1693
1693
1695
1689
1688
1688
1680
1679
1677
1676
1670
1667
1664
1661
1657
1650
1645
1640
1636
1637
1631
1631
1623
1631
1627
1627
1624
1627
1624
1629
1627
1628
1627
1629
1627
1630
1630
1629
1629
1625
1627
1625
1631
1628
1635
1634
1641
1636
1638
1631
1635
1632
1635
1635
1634
1636
1636
1641
1642
1643
1641
1641
1643
1642
1645
1644
1645
1642
1644
1650
1644
1649
1648
1648
1644
1642
1645
1645
1648
1645
1649
1643
1640
1643
1640
1643
1640
1641
1641
1641
1643
1640
1641
1638
1635
1632
1631
1629
1625
1624
1630
1629
1630
1631
1630
1631
1631
1636
1635
1631
1631
1634
1632
1635
1632
1634
1631
1636
1638
1638
1636
1638
1636
1634
1635
1634
1631
1632
1634
1636
1630
1628
1624
1614
1588
1543
1483
1421
1346
1300
1261
1255
1289
1370
1470
1539
1573
1606
1627
1643
1656
1669
1669
1674
1673
1677
1677
1680
1681
1681
1681
1686
1687
1690
1688
1688
1690
1692
1692
1692
1690
1692
1694
1694
1696
1698
1696
1696
1698
1700
1698
1696
1695
1696
1698
1696
1695
1696
1692
1692
1690
1692
1683
1680
1677
1672
1669
1667
1660
1656
1650
1648
1643
1635
1640
1641
1638
1636
1635
1631
1631
1632
1632
1629
1629
1631
1627
1629
1631
1631
1631
1629
1631
1634
1630
1631
1630
1631
1632
1634
1636
1636
1635
1640
1638
1638
1636
1640
1640
1640
1641
1643
1642
1641
1645
1643
1647
1642
1641
1649
1650
1650
1649
1648
1649
1649
1650
1648
1643
1641
1641
1648
1643
1644
1643
1643
1643
1649
1645
1642
1642
1637
1641
1638
1641
1637
1636
1638
1642
1644
1641
1640
1634
1631
1631
1635
1631
1634
1630
1634
1630
1630
1623
1624
1622
1624
1622
1627
1625
1627
1630
1631
1635
1631
1635
1635
1634
1634
1635
1634
1632
1631
1631
1631
1630
1630
1631
1634
1631
1630
1631
1631
1631
1632
1629
1628
1618
1602
1570
1524
1464
1385
1335
1299
1264
1260
1333
1409
1488
1540
1573
1599
1623
1637
1651
1655
1661
1664
1664
1672
1673
1677
1673
1674
1676
1679
1677
1679
1677
1682
1680
1681
1680
1686
1682
1683
1683
1682
1686
1686
1688
1689
1692
1692
1689
1688
1683
1687
1687
1687
1687
1687
1686
1683
1683
1674
1670
1673
1668
1663
1662
1654
1659
1653
1653
1648
1640
1634
1629
1627
1624
1623
1621
1624
1619
1619
1621
1621
1621
1622
1623
1621
1621
1618
1619
1622
1623
1622
1622
1621
1619
1622
1624
1624
1622
1624
1624
1625
1624
1630
1623
1624
1627
1629
1627
1630
1631
1636
1638
1640
1640
1636
1636
1634
1637
1631
1631
1635
1635
1638
1638
1641
1636
1640
1640
1637
1636
1636
1632
1632
1635
1636
1636
1634
1640
1636
1638
1632
1631
1627
1634
1630
1635
1630
1631
1629
1629
1627
1627
1623
1622
1624
1628
1629
1627
1629
1629
1629
1625
1627
1625
1625
1625
1630
1631
1630
1630
1631
1631
1630
1630
1627
1622
1630
1604
1612
1614
1621
1621
1622
1621
1618
1614
1615
1615
1621
1622
1624
1622
1618
1624
1624
1622
1623
1624
1623
1625
1624
1623
1622
1630
1623
1624
1627
1630
1625
1623
1629
1630
1624
1624
1624
1625
1622
1619
1606
1574
1531
1487
1425
1366
1303
1261
1250
1305
1384
1460
1521
1558
1586
1612
1630
1640
1649
1654
1660
1661
1660
1664
1666
1668
1673
1673
1669
1669
1674
1672
1676
1672
1673
1673
1677
1676
1680
1677
1679
1679
1681
1681
1677
1680
1675
1673
1679
1680
1680
1681
1679
1681
1683
1679
1675
1677
1673
1670
1673
1668
1659
1659
1655
1655
1649
1649
1643
1643
1636
1630
1624
1622
1622
1622
1619
1617
1611
1612
1615
1617
1616
1616
1612
1616
1616
1617
1617
1617
1616
1617
1617
1618
1617
1617
1616
1618
1618
1617
1615
1616
1618
1619
1622
1622
1622
1621
1621
1624
1624
1622
1624
1631
1630
1631
1629
1630
1628
1632
1629
1632
1631
1631
1630
1634
1632
1631
1629
1631
1631
1630
1631
1625
1625
1622
1627
1623
1630
1627
1628
1625
1629
1628
1624
1619
1621
1622
1624
1622
1623
1619
1622
1622
1622
1618
1617
1615
1617
1618
1619
1616
1617
1612
1611
1612
1609
1610
1610
1615
1619
1622
1619
1621
1618
1619
1621
1623
1618
1618
1617
1621
1622
1623
1621
1621
1621
1622
1619
1624
1619
1622
1621
1624
1618
1621
1616
1617
1615
1604
1577
1537
1485
1434
1378
1309
1270
1254
1294
1370
1459
1521
1563
1586
1614
1632
1636
1648
1650
1655
1664
1664
1662
1664
1663
1673
1672
1673
1669
1669
1668
1674
1676
1670
1670
1674
1676
1675
1679
1674
1680
1681
1681
1681
1687
1686
1681
1679
1681
1681
1681
1682
1679
1679
1681
1681
1674
1674
1669
1667
1650
1664
1662
1659
1659
1650
1648
1641
1637
1631
1629
1629
1627
1621
1618
1621
1616
1614
1616
1612
1616
1614
1616
1612
1616
1614
1621
1617
1619
1619
1621
1615
1618
1618
1622
1618
1622
1621
1624
1623
1627
1622
1623
1623
1624
1622
1623
1623
1628
1625
1629
1627
1629
1630
1631
1631
1632
1630
1631
1631
1634
1630
1634
1635
1631
1632
1634
1631
1631
1630
1629
1630
1628
1631
1630
1627
1627
1630
1624
1625
1619
1622
1621
1619
1612
1614
1617
1617
1621
1622
1617
1617
1617
1617
1621
1616
1622
1625
1630
1627
1627
1624
1622
1617
1621
1621
1621
1623
1619
1621
1625
1622
1622
1618
1618
1617
1619
1614
1616
1606
1593
1567
1526
1456
1378
1328
1281
1245
1245
1308
1395
1487
1544
1574
1597
1616
1630
1640
1647
1655
1657
1660
1663
1663
1664
1669
1669
1664
1666
1669
1672
1669
1672
1673
1673
1673
1673
1676
1674
1676
1679
1680
1675
1679
1676
1679
1681
1677
1676
1679
1680
1677
1677
1673
1673
1674
1673
1667
1668
1662
1657
1657
1653
1650
1643
1640
1637
1640
1632
1625
1622
1624
1617
1614
1608
1608
1606
1608
1611
1612
1608
1612
1611
1611
1608
1608
1606
1605
1610
1611
1612
1611
1612
1614
1618
1612
1621
1612
1617
1617
1622
1621
1622
1616
1622
1622
1621
1619
1621
1621
1622
1621
1624
1621
1624
1619
1622
1617
1624
1624
1627
1625
1628
1627
1630
1624
1625
1622
1627
1624
1617
1617
1619
1615
1616
1614
1616
1612
1618
1621
1624
1621
1621
1616
1621
1617
1621
1617
1622
1621
1625
1623
1624
1621
1622
1623
1621
1622
1621
1621
1622
1624
1622
1622
1624
1623
1622
1621
1619
1622
1618
1614
1586
1547
1498
1442
1365
1311
1270
1351
1332
1393
1463
1521
1560
1584
1608
1624
1638
1645
1650
1649
1655
1654
1659
1662
1661
1662
1664
1664
1667
1669
1667
1669
1667
1669
1669
1669
1672
1673
1677
1677
1679
1676
1677
1674
1679
1679
1673
1676
1676
1681
1681
1680
1679
1677
1675
1674
1673
1666
1667
1668
1667
1664
1659
1654
1648
1643
1635
1635
1634
1629
1623
1622
1619
1615
1610
1611
1615
1612
1609
1611
1612
1612
1616
1616
1617
1608
1611
1610
1615
1615
1616
1612
1612
1614
1618
1614
1612
1615
1612
1612
1615
1617
1617
1618
1619
1621
1617
1617
1617
1624
1624
1625
1623
1627
1629
1624
1629
1628
1631
1627
1630
1627
1629
1624
1627
1629
1628
1630
1631
1625
1622
1622
1624
1622
1622
1618
1622
1618
1616
1617
1615
1612
1611
1609
1611
1612
1614
1612
1616
1616
1616
1618
1618
1622
1621
1622
1617
1619
1617
1617
1622
1622
1619
1617
1617
1621
1618
1621
1616
1619
1619
1621
1616
1619
1615
1615
1609
1593
1563
1508
1451
1393
1340
1300
1266
1261
1324
1402
1480
1526
1560
1588
1610
1625
1632
1642
1648
1655
1659
1660
1663
1662
1660
1660
1662
1660
1664
1659
1662
1664
1668
1673
1669
1669
1672
1673
1674
1673
1673
1672
1673
1679
1675
1674
1673
1679
1679
1679
1676
1674
1676
1674
1673
1673
1673
1662
1667
1663
1662
1659
1650
1649
1644
1642
1637
1632
1629
1630
1627
1623
1615
1616
1616
1617
1615
1615
1617
1617
1611
1616
1612
1611
1609
1616
1615
1618
1614
1616
1617
1619
1621
1621
1619
1618
1621
1619
1619
1621
1615
1617
1619
1619
1622
1622
1621
1622
1627
1624
1627
1627
1627
1624
1629
1634
1632
1631
1629
1635
1635
1635
1631
1635
1632
1636
1636
1635
1627
1622
1605
1624
1621
1627
1624
1624
1621
1625
1621
1616
1616
1621
1621
1622
1622
1622
1621
1622
1618
1624
1619
1622
1621
1624
1622
1624
1622
1624
1624
1624
1622
1622
1621
1623
1624
1627
1621
1619
1621
1623
1618
1622
1616
1612
1599
1577
1526
1469
1416
1350
1301
1270
1268
1321
1398
1475
1534
1565
1592
1614
1630
1640
1643
1654
1657
1661
1663
1666
1668
1668
1663
1668
1667
1666
1668
1668
1667
1673
1670
1674
1674
1674
1674
1677
1677
1676
1680
1680
1677
1674
1679
1679
1677
1677
1677
1677
1683
1680
1680
1680
1675
1674
1673
1664
1661
1662
1657
1659
1651
1651
1648
1642
1638
1634
1630
1623
1622
1624
1619
1617
1611
1614
1606
1614
1612
1614
1611
1614
1616
1617
1616
1616
1616
1612
1612
1614
1615
1611
1612
1614
1616
1614
1614
1616
1617
1617
1623
1621
1619
1619
1622
1621
1622
1622
1624
1623
1627
1627
1630
1627
1630
1627
1628
1630
1629
1629
1630
1631
1634
1634
1632
1635
1631
1631
1627
1624
1624
1627
1625
1629
1624
1622
1616
1617
1611
1618
1619
1622
1621
1623
1623
1624
1621
1622
1621
1623
1622
1622
1622
1621
1622
1622
1622
1623
1621
1619
1617
1622
1617
1619
1618
1622
1621
1623
1618
1621
1617
1621
1611
1604
1578
1530
1479
1432
1366
1315
1266
1270
1303
1385
1470
1530
1563
1591
1616
1636
1643
1650
1653
1660
1664
1667
1663
1664
1664
1667
1672
1664
1667
1669
1673
1672
1677
1675
1673
1677
1681
1677
1679
1677
1686
1680
1685
1683
1681
1682
1681
1682
1680
1687
1688
1682
1683
1682
1681
1676
1679
1670
1670
1669
1664
1664
1659
1659
1653
1648
1640
1638
1640
1634
1630
1624
1628
1616
1625
1622
1622
1617
1615
1617
1606
1670
1654
1642
1635
1632
1627
1631
1624
1623
1621
1623
1622
1625
1622
1625
1627
1623
1622
1624
1624
1625
1624
1628
1629
1627
1627
1631
1635
1634
1635
1632
1635
1635
1635
1631
1635
1632
1637
1641
1640
1637
1640
1635
1636
1635
1632
1637
1631
1636
1629
1632
1627
1630
1621
1623
1627
1628
1623
1625
1630
1628
1627
1625
1624
1627
1624
1627
1627
1625
1622
1627
1627
1630
1627
1623
1624
1627
1625
1629
1629
1625
1623
1624
1622
1623
1621
1622
1618
1617
1603
1579
1538
1488
1428
1359
1286
1255
1218
1267
1353
1448
1526
1565
1593
1616
1631
1641
1645
1657
1662
1664
1666
1669
1669
1669
1675
1674
1669
1669
1673
1669
1674
1677
1676
1677
1679
1679
1679
1685
1681
1679
1680
1683
1680
1683
1683
1686
1683
1683
1685
1685
1682
1681
1680
1677
1680
1680
1672
1669
1668
1662
1660
1657
1655
1649
1648
1641
1635
1634
1627
1627
1624
1622
1618
1618
1618
1619
1617
1611
1614
1615
1617
1619
1618
1618
1621
1622
1621
1621
1617
1616
1619
1616
1621
1619
1617
1619
1627
1619
1622
1623
1624
1619
1625
1624
1624
1621
1622
1624
1627
1629
1624
1631
1631
1634
1630
1630
1627
1629
1630
1638
1630
1631
1632
1636
1635
1632
1630
1627
1624
1619
1618
1621
1618
1619
1623
1624
1627
1623
1623
1622
1624
1625
1625
1622
1624
1625
1627
1623
1623
1622
1622
1622
1624
1625
1623
1619
1624
1622
1624
1622
1625
1619
1618
1618
1619
1616
1610
1593
1541
1511
1445
1378
1316
1267
1247
1272
1347
1430
1501
1547
1574
1603
1621
1636
1648
1653
1659
1662
1662
1664
1668
1668
1669
1668
1672
1673
1679
1676
1677
1669
1674
1679
1681
1676
1679
1680
1680
1681
1662
1688
1683
1686
1686
1683
1687
1687
1687
1686
1683
1683
1679
1679
1674
1674
1679
1674
1672
1669
1663
1659
1653
1648
1649
1643
1637
1632
1634
1627
1627
1624
1622
1622
1618
1621
1618
1616
1618
1622
1619
1614
1616
1617
1616
1621
1621
1622
1619
1622
1618
1623
1619
1624
1625
1624
1624
1622
1618
1622
1622
1625
1625
1627
1625
1631
1631
1627
1625
1629
1628
1631
1634
1630
1631
1632
1641
1640
1640
1635
1638
1636
1635
1635
1634
1634
1635
1635
1631
1632
1630
1631
1629
1625
1627
1627
1619
1619
1617
1621
1617
1621
1621
1624
1624
1627
1623
1624
1622
1625
1624
1624
1622
1625
1621
1623
1619
1622
1623
1627
1629
1631
1627
1621
1622
1627
1624
1624
1622
1624
1619
1621
1619
1612
1586
1541
1502
1438
1383
1318
1264
1236
1275
1356
1441
1503
1551
1582
1605
1628
1638
1643
1653
1650
1656
1661
1659
1663
1669
1674
1673
1669
1669
1673
1670
1673
1673
1674
1675
1679
1682
1682
1680
1681
1680
1679
1683
1681
1683
1679
1683
1687
1687
1679
1680
1680
1679
1677
1677
1677
1679
1673
1672
1669
1663
1659
1655
1651
1649
1648
1645
1640
1631
1627
1627
1622
1622
1615
1621
1618
1623
1617
1619
1611
1617
1615
1617
1614
1614
1621
1622
1617
1621
1617
1624
1621
1623
1617
1622
1614
1619
1621
1622
1619
1622
1622
1622
1624
1627
1627
1625
1629
1627
1628
1629
1624
1629
1629
1635
1636
1636
1635
1638
1637
1636
1640
1635
1636
1637
1635
1634
1632
1635
1640
1637
1636
1632
1630
1624
1622
1622
1624
1629
1627
1628
1631
1631
1629
1627
1627
1624
1628
1631
1629
1631
1629
1630
1631
1629
1627
1627
1627
1630
1630
1631
1625
1628
1627
1631
1624
1627
1673
1659
1644
1637
1624
1603
1570
1532
1482
1422
1352
1302
1261
1281
1344
1419
1494
1544
1578
1603
1622
1636
1641
1650
1659
1660
1664
1664
1664
1668
1672
1673
1673
1672
1669
1675
1677
1679
1681
1679
1676
1681
1679
1680
1680
1685
1679
1683
1686
1692
1688
1685
1687
1688
1686
1685
1682
1685
1688
1686
1680
1677
1679
1677
1675
1673
1664
1662
1659
1654
1654
1648
1645
1640
1637
1631
1631
1623
1624
1624
1617
1621
1617
1617
1617
1621
1623
1619
1622
1617
1622
1622
1624
1621
1622
1618
1622
1621
1621
1624
1624
1623
1627
1624
1622
1624
1623
1625
1628
1627
1627
1625
1631
1630
1632
1629
1630
1628
1631
1630
1635
1632
1631
1636
1638
1640
1640
1640
1636
1632
1634
1636
1636
1630
1632
1630
1634
1631
1630
1628
1631
1627
1629
1622
1621
1617
1624
1624
1629
1625
1628
1624
1625
1623
1623
1623
1624
1624
1627
1624
1623
1628
1624
1624
1630
1627
1627
1629
1625
1630
1630
1624
1622
1629
1627
1625
1621
1621
1617
1603
1578
1522
1469
1411
1341
1293
1272
1269
1330
1409
1492
1545
1578
1603
1621
1638
1649
1651
1659
1662
1662
1668
1673
1672
1669
1676
1669
1673
1673
1673
1670
1677
1677
1679
1680
1683
1681
1681
1682
1686
1683
1683
1687
1683
1692
1692
1688
1688
1692
1687
1683
1687
1687
1685
1683
1679
1686
1679
1674
1673
1668
1668
1662
1661
1655
1649
1645
1640
1640
1631
1630
1629
1629
1624
1623
1619
1623
1621
1623
1622
1624
1616
1623
1622
1627
1622
1625
1627
1630
1624
1627
1624
1625
1624
1627
1629
1627
1627
1629
1628
1631
1631
1629
1629
1636
1637
1635
1638
1637
1640
1635
1636
1636
1636
1640
1640
1641
1641
1643
1622
1631
1632
1640
1641
1641
1641
1640
1645
1640
1641
1637
1640
1631
1630
1623
1628
1625
1630
1630
1634
1636
1635
1632
1631
1635
1631
1632
1630
1632
1634
1635
1634
1634
1632
1636
1637
1635
1631
1632
1634
1635
1636
1635
1635
1634
1635
1632
1631
1625
1623
1611
1582
1537
1499
1431
1364
1308
1277
1263
1313
1393
1477
1541
1579
1603
1629
1642
1650
1659
1662
1663
1674
1677
1673
1676
1676
1677
1677
1677
1681
1679
1683
1682
1682
1683
1685
1683
1686
1692
1689
1688
1687
1688
1686
1688
1690
1693
1692
1688
1690
1693
1692
1687
1687
1686
1685
1687
1683
1677
1679
1670
1668
1664
1659
1651
1650
1647
1644
1638
1641
1635
1636
1622
1624
1621
1622
1617
1621
1622
1624
1621
1624
1623
1625
1624
1629
1625
1622
1621
1624
1622
1621
1622
1627
1627
1631
1629
1631
1630
1624
1627
1630
1625
1625
1630
1634
1635
1630
1636
1631
1634
1634
1636
1635
1632
1643
1641
1644
1643
1642
1641
1641
1641
1640
1640
1638
1638
1641
1641
1641
1636
1636
1631
1629
1625
1625
1622
1624
1627
1630
1630
1631
1630
1632
1630
1631
1631
1628
1630
1631
1632
1634
1635
1630
1631
1631
1627
1629
1630
1629
1630
1631
1628
1625
1625
1628
1629
1628
1630
1631
1625
1622
1614
1578
1530
1486
1423
1354
1307
1283
1251
1309
1392
1470
1530
1564
1593
1622
1636
1650
1656
1659
1663
1672
1673
1675
1674
1675
1677
1681
1680
1679
1679
1679
1681
1683
1683
1681
1683
1687
1689
1692
1692
1692
1690
1690
1690
1693
1692
1693
1690
1694
1696
1694
1692
1695
1687
1692
1688
1686
1681
1680
1680
1675
1673
1663
1663
1660
1655
1654
1649
1641
1636
1635
1632
1629
1623
1624
1623
1624
1609
1621
1616
1624
1622
1625
1627
1630
1629
1631
1631
1631
1628
1625
1628
1629
1631
1629
1631
1631
1634
1631
1635
1631
1632
1627
1631
1634
1636
1630
1635
1640
1641
1643
1643
1648
1641
1641
1643
1644
1645
1642
1649
1649
1650
1649
1648
1648
1645
1650
1650
1649
1645
1645
1645
1641
1643
1642
1641
1640
1638
1636
1631
1630
1631
1631
1630
1630
1630
1635
1635
1635
1632
1635
1635
1636
1635
1637
1631
1635
1636
1635
1636
1635
1632
1630
1636
1636
1638
1635
1635
1636
1635
1632
1632
1631
1628
1628
1629
1624
1606
1573
1524
1483
1415
1359
1294
1264
1273
1352
1431
1502
1551
1584
1611
1629
1649
1650
1659
1664
1673
1675
1679
1675
1676
1679
1680
1679
1681
1685
1679
1680
1688
1689
1687
1686
1690
1688
1687
1685
1686
1688
1683
1690
1698
1692
1693
1695
1698
1693
1692
1694
1693
1687
1689
1692
1689
1683
1683
1681
1679
1674
1668
1664
1664
1659
1659
1653
1648
1645
1644
1640
1632
1635
1627
1629
1630
1630
1627
1630
1628
1630
1627
1624
1623
1630
1631
1631
1630
1630
1628
1627
1631
1635
1635
1631
1634
1629
1630
1630
1630
1628
1631
1635
1635
1638
1635
1640
1640
1643
1641
1641
1642
1640
1645
1645
1653
1643
1642
1645
1645
1647
1645
1645
1649
1650
1653
1647
1648
1647
1640
1645
1644
1648
1647
1647
1640
1643
1643
1643
1642
1640
1642
1640
1638
1631
1631
1628
1636
1636
1638
1638
1641
1640
1638
1637
1632
1638
1635
1638
1636
1641
1631
1638
1640
1640
1640
1640
1640
1636
1638
1637
1636
1636
1635
1641
1638
1641
1640
1640
1634
1637
1616
1579
1545
1503
1441
1373
1309
1272
1274
1338
1417
1496
1547
1584
1608
1632
1651
1659
1660
1687
1682
1683
1683
1682
1682
1686
1683
1687
1685
1686
1688
1687
1688
1693
1690
1687
1690
1693
1694
1693
1694
1698
1695
1694
1696
1699
1700
1693
1699
1699
1700
1699
1698
1698
1699
1698
1693
1695
1687
1688
1683
1683
1677
1675
1668
1668
1666
1657
1650
1648
1650
1643
1648
1641
1638
1635
1637
1635
1632
1631
1632
1634
1634
1637
1634
1638
1635
1640
1630
1635
1632
1631
1631
1634
1634
1632
1637
1636
1640
1640
1640
1638
1638
1636
1636
1640
1642
1645
1640
1643
1641
1644
1645
1648
1648
1649
1650
1654
1651
1650
1645
1650
1649
1650
1649
1647
1650
1650
1654
1653
1649
1644
1645
1649
1649
1644
1654
1645
1648
1645
1642
1643
1641
1644
1642
1648
1642
1645
1641
1640
1634
1630
1630
1629
1637
1635
1641
1635
1636
1637
1635
1640
1637
1636
1635
1643
1642
1641
1641
1641
1641
1640
1641
1643
1643
1641
1643
1648
1642
1642
1636
1638
1635
1634
1635
1636
1629
1618
1593
1553
1507
1438
1384
1316
1280
1259
1318
1404
1490
1548
1584
1610
1636
1651
1662
1664
1669
1677
1679
1683
1681
1681
1681
1683
1688
1692
1687
1688
1689
1692
1692
1692
1698
1695
1692
1698
1701
1698
1696
1699
1698
1699
1698
1698
1702
1707
1701
1707
1707
1706
1701
1698
1699
1698
1696
1692
1689
1688
1687
1679
1677
1673
1668
1662
1656
1659
1650
1651
1647
1642
1641
1644
1640
1636
1640
1635
1636
1636
1635
1631
1632
1637
1634
1638
1634
1640
1641
1644
1643
1641
1640
1641
1642
1644
1640
1640
1641
1643
1643
1645
1645
1648
1645
1650
1648
1645
1649
1650
1653
1651
1649
1653
1654
1654
1655
1659
1656
1654
1655
1655
1654
1654
1650
1653
1651
1654
1655
1578
1582
1604
1623
1631
1638
1642
1641
1643
1641
1643
1640
1635
1637
1638
1641
1640
1643
1642
1643
1645
1642
1644
1641
1643
1643
1642
1643
1645
1648
1644
1645
1648
1647
1645
1643
1650
1643
1644
1641
1643
1643
1644
1644
1643
1641
1636
1632
1612
1579
1521
1475
1397
1338
1290
1261
1272
1351
1440
1521
1567
1598
1624
1643
1657
1668
1672
1673
1681
1682
1689
1687
1686
1685
1688
1692
1688
1687
1688
1688
1689
1694
1695
1693
1698
1699
1698
1699
1700
1699
1698
1698
1703
1702
1698
1699
1700
1702
1699
1700
1698
1700
1698
1698
1694
1689
1686
1686
1682
1674
1669
1668
1664
1664
1660
1654
1653
1643
1641
1636
1640
1631
1634
1631
1637
1632
1636
1634
1631
1630
1631
1635
1631
1632
1636
1640
1637
1635
1635
1631
1636
1631
1635
1631
1635
1635
1638
1636
1640
1641
1640
1641
1643
1644
1643
1643
1641
1642
1647
1647
1650
1645
1649
1649
1650
1649
1645
1648
1649
1648
1649
1645
1649
1649
1654
1656
1649
1649
1648
1648
1643
1643
1648
1644
1645
1642
1641
1640
1631
1634
1635
1635
1634
1635
1634
1640
1636
1641
1640
1635
1641
1641
1641
1636
1638
1642
1643
1644
1643
1641
1635
1640
1640
1637
1641
1641
1648
1642
1648
1644
1643
1637
1641
1643
1641
1638
1622
1602
1564
1503
1451
1384
1321
1270
1256
1314
1392
1477
1540
1582
1605
1631
1650
1662
1675
1679
1683
1694
1688
1688
1690
1698
1695
1693
1698
1696
1695
1696
1699
1700
1699
1703
1706
1711
1711
1709
1706
1708
1707
1707
1706
1706
1706
1714
1711
1712
1712
1713
1711
1711
1711
1705
1700
1702
1705
1700
1696
1693
1692
1688
1686
1679
1677
1673
1668
1664
1660
1655
1654
1649
1649
1631
1632
1640
1636
1638
1641
1645
1643
1648
1645
1650
1648
1649
1650
1647
1645
1649
1649
1654
1650
1648
1645
1648
1650
1650
1653
1650
1655
1660
1654
1654
1654
1655
1660
1656
1662
1663
1659
1662
1662
1667
1667
1666
1664
1668
1667
1668
1672
1668
1668
1668
1670
1669
1663
1664
1668
1667
1668
1662
1660
1661
1660
1663
1662
1660
1660
1663
1664
1667
1661
1659
1651
1651
1655
1648
1650
1649
1651
1659
1657
1657
1654
1654
1655
1654
1655
1651
1655
1657
1656
1660
1659
1656
1655
1651
1655
1655
1650
1654
1657
1659
1656
1655
1655
1655
1655
1655
1655
1653
1641
1627
1591
1540
1485
1412
1359
1309
1281
1290
1364
1443
1518
1567
1599
1629
1645
1661
1673
1679
1683
1689
1689
1692
1693
1699
1698
1695
1698
1702
1700
1698
1696
1696
1698
1702
1701
1701
1706
1709
1711
1712
1715
1709
1712
1708
1711
1715
1715
1711
1719
1711
1711
1715
1711
1707
1709
1711
1708
1705
1701
1696
1696
1696
1689
1682
1681
1674
1673
1673
1669
1663
1659
1655
1651
1650
1649
1650
1647
1645
1645
1645
1644
1647
1649
1650
1655
1651
1651
1650
1650
1650
1649
1649
1649
1649
1647
1649
1648
1650
1653
1655
1656
1655
1655
1654
1654
1655
1655
1662
1659
1660
1661
1660
1662
1663
1662
1663
1669
1669
1669
1669
1667
1667
1662
1664
1668
1667
1667
1668
1667
1669
1669
1666
1668
1664
1664
1662
1656
1657
1660
1663
1667
1660
1660
1660
1653
1650
1648
1645
1648
1650
1657
1655
1656
1656
1655
1659
1657
1657
1656
1654
1656
1659
1660
1659
1656
1660
1661
1659
1659
1656
1660
1660
1657
1662
1655
1657
1660
1656
1659
1654
1654
1650
1634
1604
1565
1511
1451
1389
1340
1302
1352
1449
1492
1556
1593
1617
1644
1660
1669
1682
1692
1694
1698
1699
1700
1698
1700
1701
1700
1696
1706
1706
1706
1706
1709
1706
1703
1712
1711
1712
1714
1712
1713
1719
1714
1716
1715
1715
1716
1719
1719
1718
1718
1718
1719
1715
1714
1712
1709
1708
1707
1706
1699
1695
1695
1692
1688
1683
1681
1679
1674
1668
1662
1656
1653
1654
1650
1648
1644
1649
1654
1650
1650
1647
1649
1642
1648
1645
1648
1650
1650
1655
1650
1649
1650
1650
1653
1649
1656
1650
1648
1653
1650
1649
1650
1649
1654
1654
1654
1653
1654
1655
1656
1660
1663
1660
1662
1661
1660
1663
1663
1667
1662
1660
1664
1664
1660
1662
1660
1655
1660
1659
1660
1662
1657
1661
1659
1654
1651
1654
1654
1650
1651
1659
1655
1654
1650
1644
1645
1637
1643
1642
1643
1645
1645
1650
1645
1651
1650
1655
1654
1650
1654
1654
1653
1654
1651
1651
1650
1650
1651
1645
1648
1649
1650
1654
1648
1654
1649
1650
1654
1649
1644
1642
1641
1621
1583
1541
1477
1411
1347
1294
1268
1290
1373
1454
1534
1579
1608
1632
1653
1663
1669
1680
1685
1686
1689
1696
1692
1689
1692
1693
1693
1696
1699
1698
1698
1700
1699
1699
1699
1702
1705
1706
1706
1705
1709
1707
1707
1703
1709
1706
1711
1712
1711
1708
1714
1709
1711
1706
1707
1706
1702
1695
1694
1693
1692
1681
1679
1675
1673
1670
1668
1666
1659
1650
1654
1643
1649
1645
1641
1643
1642
1650
1645
1643
1644
1645
1643
1643
1643
1642
1648
1645
1649
1645
1644
1649
1649
1654
1650
1650
1654
1650
1654
1653
1653
1649
1647
1650
1650
1654
1655
1651
1655
1650
1660
1662
1659
1660
1660
1659
1656
1656
1657
1660
1659
1662
1650
1711
1692
1680
1673
1668
1663
1660
1655
1651
1647
1649
1644
1641
1650
1650
1655
1653
1650
1650
1650
1653
1649
1650
1650
1650
1653
1651
1650
1650
1649
1654
1655
1650
1653
1650
1648
1650
1653
1649
1649
1649
1649
1650
1650
1648
1645
1641
1622
1593
1537
1475
1416
1351
1285
1264
1274
1327
1421
1511
1565
1602
1623
1645
1656
1669
1675
1681
1686
1692
1690
1692
1695
1694
1695
1693
1699
1698
1699
1698
1700
1700
1700
1699
1700
1698
1703
1711
1706
1707
1708
1706
1705
1707
1707
1708
1707
1706
1706
1706
1705
1705
1703
1699
1701
1700
1694
1693
1692
1687
1683
1677
1672
1667
1664
1659
1659
1657
1654
1651
1650
1647
1640
1640
1638
1635
1632
1635
1635
1634
1637
1640
1643
1640
1640
1636
1641
1643
1641
1641
1641
1637
1640
1641
1641
1636
1641
1640
1643
1641
1637
1643
1645
1649
1648
1645
1644
1642
1648
1649
1650
1651
1654
1656
1651
1650
1649
1645
1650
1651
1650
1651
1649
1645
1649
1654
1653
1653
1648
1645
1650
1649
1650
1645
1643
1638
1637
1637
1630
1632
1634
1640
1641
1641
1637
1636
1636
1637
1637
1636
1636
1634
1636
1640
1641
1640
1640
1640
1636
1636
1640
1636
1636
1635
1635
1640
1641
1637
1640
1635
1635
1637
1635
1630
1610
1567
1519
1467
1389
1344
1289
1272
1283
1348
1430
1503
1554
1584
1612
1634
1645
1655
1663
1670
1674
1676
1677
1677
1681
1682
1680
1680
1685
1687
1683
1683
1688
1686
1687
1690
1692
1692
1690
1693
1695
1696
1696
1693
1696
1694
1695
1702
1696
1694
1696
1698
1696
1696
1693
1693
1690
1686
1681
1679
1674
1674
1667
1664
1660
1659
1653
1650
1649
1645
1644
1636
1634
1631
1630
1627
1624
1621
1634
1630
1630
1627
1625
1627
1630
1627
1630
1625
1629
1630
1628
1629
1627
1629
1623
1627
1631
1632
1629
1631
1629
1631
1630
1631
1627
1630
1630
1632
1635
1636
1635
1640
1641
1641
1643
1641
1643
1642
1644
1645
1644
1643
1641
1645
1643
1649
1642
1641
1643
1644
1643
1640
1640
1634
1640
1635
1638
1635
1636
1635
1638
1632
1628
1624
1624
1625
1630
1631
1631
1630
1630
1630
1630
1630
1625
1630
1629
1630
1630
1630
1628
1630
1628
1635
1629
1627
1628
1630
1627
1631
1627
1627
1627
1627
1625
1627
1624
1622
1623
1611
1584
1539
1498
1432
1373
1321
1283
1263
1299
1378
1460
1521
1559
1591
1609
1629
1643
1650
1651
1659
1662
1668
1673
1670
1669
1669
1667
1673
1674
1673
1672
1673
1673
1676
1677
1674
1676
1676
1679
1677
1679
1679
1679
1679
1681
1680
1682
1682
1681
1683
1687
1682
1676
1679
1677
1677
1676
1672
1664
1668
1662
1660
1659
1650
1649
1643
1643
1631
1631
1625
1630
1622
1617
1612
1612
1608
1615
1614
1616
1611
1614
1612
1614
1612
1612
1610
1610
1612
1612
1612
1608
1612
1612
1616
1614
1616
1615
1614
1611
1614
1612
1614
1615
1617
1617
1617
1617
1617
1616
1617
1618
1621
1619
1623
1622
1628
1623
1630
1622
1625
1627
1631
1627
1627
1624
1624
1624
1624
1621
1622
1621
1619
1617
1619
1616
1619
1617
1621
1615
1612
1610
1615
1611
1608
1612
1611
1606
1608
1616
1612
1611
1610
1612
1612
1615
1611
1612
1611
1611
1612
1611
1612
1606
1614
1612
1619
1612
1614
1612
1612
1614
1612
1612
1612
1612
1611
1611
1603
1586
1557
1525
1476
1415
1337
1300
1264
1272
1333
1398
1477
1527
1560
1584
1610
1624
1628
1641
1638
1680
1673
1663
1663
1660
1657
1659
1659
1660
1659
1666
1666
1662
1664
1662
1660
1660
1667
1664
1662
1662
1664
1668
1669
1669
1674
1669
1673
1672
1668
1669
1670
1668
1670
1669
1669
1669
1667
1663
1659
1654
1650
1644
1648
1642
1641
1631
1631
1621
1622
1616
1616
1608
1605
1608
1610
1611
1605
1606
1603
1606
1602
1601
1603
1598
1603
1606
1609
1605
1610
1610
1611
1606
1604
1605
1602
1606
1604
1606
1603
1606
1608
1608
1611
1608
1614
1608
1612
1609
1614
1611
1614
1609
1615
1615
1612
1614
1612
1617
1617
1617
1616
1615
1615
1616
1617
1619
1615
1617
1615
1617
1614
1616
1611
1612
1606
1612
1611
1610
1605
1605
1604
1598
1601
1593
1590
1598
1598
1603
1603
1603
1602
1605
1602
1606
1602
1599
1602
1606
1604
1602
1604
1605
1601
1605
1605
1605
1601
1606
1604
1606
1599
1602
1598
1603
1602
1601
1602
1597
1598
1584
1546
1488
1442
1377
1318
1275
1245
1238
1314
1398
1480
1534
1560
1584
1603
1621
1627
1634
1642
1641
1643
1648
1649
1650
1651
1655
1654
1651
1650
1650
1654
1650
1654
1660
1655
1657
1659
1660
1662
1663
1661
1664
1663
1663
1664
1664
1663
1664
1664
1664
1663
1662
1663
1662
1660
1656
1655
1650
1648
1644
1643
1636
1638
1631
1630
1622
1622
1618
1616
1610
1608
1601
1592
1593
1593
1598
1597
1592
1597
1592
1598
1601
1603
1595
1593
1599
1597
1602
1602
1602
1603
1601
1602
1601
1598
1596
1602
1603
1605
1604
1601
1605
1603
1610
1606
1612
1608
1606
1609
1611
1611
1614
1611
1612
1614
1615
1616
1616
1615
1612
1619
1612
1616
1612
1617
1617
1618
1616
1616
1617
1616
1617
1615
1614
1610
1606
1604
1603
1603
1603
1602
1608
1604
1604
1606
1603
1611
1611
1605
1608
1608
1604
1608
1612
1608
1608
1605
1608
1606
1609
1608
1609
1608
1606
1611
1605
1606
1603
1608
1608
1604
1603
1599
1586
1553
1514
1468
1388
1319
1272
1256
1249
1311
1384
1470
1518
1564
1586
1605
1617
1629
1638
1637
1645
1643
1653
1654
1654
1659
1656
1655
1663
1660
1663
1663
1662
1661
1660
1662
1667
1668
1666
1667
1667
1670
1669
1669
1668
1668
1669
1669
1667
1667
1668
1668
1668
1668
1668
1667
1664
1662
1662
1655
1653
1645
1641
1640
1636
1625
1627
1622
1619
1614
1616
1608
1608
1604
1606
1605
1601
1597
1601
1602
1598
1602
1599
1602
1601
1603
1605
1602
1603
1602
1605
1603
1608
1604
1603
1603
1603
1605
1604
1603
1603
1610
1606
1606
1605
1605
1602
1608
1610
1615
1608
1609
1617
1615
1617
1621
1622
1619
1621
1622
1622
1614
1616
1617
1621
1617
1616
1612
1621
1616
1621
1614
1612
1608
1606
1605
1602
1605
1606
1612
1610
1614
1611
1610
1605
1605
1608
1608
1610
1604
1605
1602
1609
1604
1606
1602
1606
1608
1604
1603
1603
1604
1603
1608
1603
1603
1602
1603
1606
1608
1603
1602
1593
1574
1526
1500
1424
1356
1307
1267
1243
1262
1333
1417
1488
1535
1564
1586
1608
1622
1632
1637
1643
1645
1651
1651
1656
1659
1656
1657
1660
1660
1660
1659
1657
1660
1660
1662
1661
1662
1663
1664
1664
1670
1669
1664
1667
1674
1673
1676
1673
1670
1669
1669
1673
1674
1668
1664
1668
1666
1667
1663
1661
1655
1647
1650
1643
1641
1635
1635
1631
1634
1627
1623
1619
1621
1609
1611
1608
1604
1606
1611
1611
1610
1611
1611
1612
1612
1616
1612
1612
1611
1612
1611
1612
1612
1614
1621
1616
1616
1615
1612
1610
1616
1612
1612
1611
1616
1623
1619
1622
1621
1627
1617
1622
1622
1617
1622
1627
1625
1624
1627
1625
1629
1624
1625
1628
1627
1624
1627
1630
1630
1630
1632
1630
1627
1623
1624
1623
1622
1621
1624
1619
1619
1616
1614
1610
1614
1617
1621
1621
1619
1622
1622
1622
1619
1622
1617
1622
1621
1622
1619
1621
1621
1622
1621
1621
1621
1621
1616
1617
1615
1615
1621
1622
1623
1624
1617
1617
1612
1611
1602
1582
1539
1475
1423
1364
1314
1272
1276
1313
1385
1461
1516
1554
1582
1603
1627
1636
1644
1649
1655
1660
1662
1666
1666
1662
1663
1666
1668
1666
1667
1666
1668
1672
1674
1674
1673
1669
1669
1677
1675
1674
1677
1679
1676
1681
1677
1674
1673
1677
1679
1677
1677
1677
1676
1672
1673
1669
1664
1660
1657
1657
1653
1650
1644
1649
1642
1641
1631
1630
1624
1622
1615
1618
1615
1612
1611
1611
1608
1612
1608
1611
1614
1612
1616
1617
1617
1616
1617
1615
1617
1615
1615
1612
1618
1619
1621
1616
1617
1616
1619
1621
1621
1618
1617
1617
1619
1616
1619
1619
1622
1621
1623
1622
1625
1623
1624
1624
1625
1622
1623
1627
1625
1625
1630
1629
1627
1629
1630
1630
1622
1630
1622
1629
1621
1624
1623
1624
1625
1623
1622
1617
1611
1615
1614
1617
1616
1618
1617
1619
1621
1621
1621
1621
1622
1622
1623
1621
1621
1622
1622
1622
1621
1621
1617
1622
1622
1622
1624
1622
1621
1621
1624
1623
1622
1619
1621
1617
1616
1597
1566
1534
1482
1422
1352
1302
1261
1261
1318
1399
1480
1532
1570
1597
1618
1634
1642
1648
1650
1659
1663
1662
1661
1662
1664
1672
1668
1669
1668
1669
1674
1677
1675
1673
1675
1681
1669
1676
1674
1672
1677
1679
1681
1683
1679
1680
1683
1685
1683
1682
1686
1683
1679
1683
1680
1674
1670
1674
1668
1666
1664
1666
1659
1653
1648
1641
1641
1632
1632
1629
1627
1622
1623
1619
1622
1618
1622
1618
1624
1616
1619
1616
1614
1616
1622
1617
1621
1623
1621
1619
1621
1618
1617
1624
1624
1624
1622
1625
1622
1623
1618
1624
1624
1627
1627
1627
1634
1631
1631
1630
1631
1629
1630
1629
1632
1629
1632
1636
1638
1636
1635
1634
1630
1635
1632
1635
1636
1636
1635
1636
1634
1629
1627
1630
1630
1631
1631
1628
1623
1618
1617
1621
1619
1621
1623
1627
1623
1624
1624
1624
1624
1625
1627
1627
1622
1621
1623
1624
1627
1625
1623
1624
1624
1625
1624
1622
1623
1622
1623
1619
1625
1621
1622
1619
1622
1612
1599
1572
1530
1481
1421
1340
1283
1249
1243
1294
1377
1470
1534
1573
1599
1624
1640
1643
1650
1660
1664
1666
1669
1670
1673
1674
1677
1673
1674
1674
1676
1677
1679
1677
1680
1681
1680
1677
1686
1685
1681
1686
1687
1690
1687
1688
1692
1690
1685
1683
1686
1682
1682
1686
1685
1680
1679
1676
1675
1676
1669
1664
1662
1656
1655
1648
1643
1636
1635
1635
1631
1630
1628
1622
1622
1617
1617
1616
1614
1615
1619
1624
1621
1618
1622
1623
1624
1623
1624
1622
1622
1624
1625
1627
1624
1622
1622
1624
1622
1624
1623
1624
1629
1632
1627
1634
1631
1634
1631
1634
1632
1634
1632
1631
1635
1635
1636
1631
1636
1635
1641
1640
1637
1631
1632
1638
1635
1631
1631
1634
1630
1630
1624
1627
1625
1631
1628
1631
1628
1631
1623
1629
1625
1632
1630
1635
1631
1632
1629
1631
1631
1630
1631
1629
1624
1624
1622
1621
1630
1632
1612
1616
1618
1622
1623
1619
1622
1622
1618
1605
1577
1535
1480
1416
1358
1327
1272
1253
1292
1373
1456
1524
1559
1589
1612
1631
1642
1649
1654
1660
1669
1672
1673
1673
1670
1677
1674
1677
1674
1673
1676
1679
1680
1681
1681
1687
1682
1683
1683
1681
1683
1685
1683
1685
1688
1685
1687
1687
1690
1690
1688
1685
1688
1682
1682
1679
1676
1675
1669
1668
1670
1663
1661
1653
1651
1649
1641
1641
1634
1632
1624
1625
1623
1621
1614
1617
1617
1618
1617
1616
1617
1616
1617
1616
1619
1612
1616
1615
1618
1614
1618
1617
1617
1617
1619
1618
1619
1616
1616
1618
1617
1617
1616
1622
1621
1621
1623
1622
1622
1624
1630
1627
1629
1625
1630
1624
1632
1630
1631
1630
1635
1635
1636
1631
1631
1636
1635
1637
1636
1631
1629
1634
1630
1627
1621
1623
1624
1630
1622
1624
1624
1623
1617
1622
1621
1617
1617
1622
1622
1621
1618
1619
1614
1614
1621
1621
1616
1618
1616
1621
1616
1617
1614
1614
1612
1612
1611
1597
1572
1528
1490
1415
1351
1294
1251
1237
1294
1376
1453
1508
1551
1573
1597
1612
1625
1634
1641
1653
1651
1660
1657
1657
1663
1664
1663
1664
1664
1668
1673
1673
1673
1669
1663
1670
1674
1670
1673
1673
1676
1681
1682
1679
1677
1681
1679
1679
1680
1674
1679
1679
1679
1676
1680
1676
1673
1664
1664
1660
1655
1653
1654
1650
1643
1642
1635
1634
1628
1630
1623
1619
1617
1615
1612
1609
1612
1606
1606
1608
1612
1612
1616
1612
1617
1615
1612
1612
1615
1612
1612
1619
1621
1618
1614
1615
1615
1617
1617
1619
1618
1622
1623
1624
1621
1624
1622
1627
1623
1630
1624
1627
1630
1632
1635
1631
1634
1630
1635
1630
1635
1632
1632
1631
1632
1632
1631
1630
1631
1632
1632
1630
1631
1625
1630
1625
1631
1629
1630
1624
1627
1631
1630
1629
1630
1630
1625
1624
1624
1622
1616
1615
1618
1614
1618
1619
1622
1618
1629
1624
1629
1629
1627
1627
1627
1623
1622
1625
1627
1630
1630
1624
1627
1630
1630
1634
1627
1627
1622
1627
1624
1627
1627
1624
1624
1625
1622
1608
1578
1544
1502
1441
1378
1314
1270
1243
1301
1374
1454
1518
1561
1589
1612
1629
1642
1651
1655
1660
1670
1666
1664
1673
1670
1674
1675
1674
1679
1679
1679
1675
1674
1675
1680
1681
1681
1687
1685
1687
1687
1685
1693
1692
1692
1687
1689
1690
1688
1692
1688
1688
1688
1689
1690
1683
1681
1680
1677
1673
1668
1669
1662
1662
1657
1657
1650
1645
1644
1641
1636
1631
1629
1623
1624
1623
1622
1619
1621
1617
1622
1618
1624
1622
1629
1627
1631
1627
1630
1625
1630
1630
1634
1629
1627
1629
1629
1631
1632
1635
1630
1630
1630
1638
1637
1641
1636
1641
1641
1641
1641
1641
1641
1641
1642
1643
1642
1644
1645
1648
1645
1645
1648
1641
1645
1645
1649
1649
1645
1645
1645
1648
1641
1641
1638
1641
1642
1640
1636
1634
1632
1631
1632
1627
1631
1630
1632
1636
1640
1635
1631
1638
1636
1638
1635
1640
1638
1641
1641
1641
1638
1634
1640
1637
1640
1637
1635
1636
1634
1640
1640
1640
1635
1640
1635
1635
1631
1630
1616
1586
1552
1502
1436
1369
1318
1283
1276
1335
1416
1499
1556
1586
1612
1629
1643
1657
1663
1668
1677
1681
1679
1683
1681
1681
1680
1681
1681
1683
1688
1690
1688
1687
1693
1693
1694
1693
1696
1695
1695
1699
1695
1695
1695
1699
1698
1700
1700
1700
1700
1700
1700
1699
1698
1679
1738
1719
1709
1699
1689
1685
1676
1672
1664
1660
1660
1655
1657
1653
1647
1641
1638
1635
1630
1630
1627
1629
1631
1635
1635
1634
1630
1635
1631
1634
1637
1637
1636
1638
1638
1636
1635
1638
1640
1640
1638
1638
1636
1640
1642
1649
1645
1644
1642
1641
1643
1643
1643
1641
1645
1645
1651
1654
1650
1651
1650
1650
1653
1649
1654
1654
1654
1653
1650
1653
1649
1651
1650
1650
1653
1645
1649
1647
1650
1645
1644
1644
1641
1643
1636
1640
1638
1638
1636
1638
1640
1641
1635
1637
1642
1642
1643
1643
1641
1642
1640
1649
1640
1643
1636
1643
1644
1643
1644
1644
1644
1641
1644
1641
1640
1638
1638
1636
1631
1630
1622
1598
1559
1515
1451
1380
1308
1279
1257
1293
1367
1457
1535
1578
1603
1630
1647
1662
1666
1674
1675
1683
1681
1683
1687
1688
1686
1686
1683
1688
1694
1694
1693
1693
1696
1700
1698
1700
1702
1700
1698
1699
1702
1700
1699
1701
1703
1706
1703
1706
1706
1703
1702
1705
1702
1698
1699
1698
1693
1692
1688
1682
1675
1673
1673
1669
1669
1662
1660
1657
1647
1642
1636
1636
1631
1635
1631
1635
1632
1637
1636
1636
1635
1635
1632
1631
1635
1635
1634
1638
1636
1642
1640
1640
1643
1643
1642
1641
1641
1638
1641
1638
1644
1640
1642
1643
1643
1645
1649
1649
1649
1649
1654
1653
1655
1650
1649
1650
1650
1653
1650
1657
1654
1653
1655
1654
1650
1649
1649
1655
1650
1650
1650
1645
1645
1642
1641
1640
1641
1643
1645
1645
1641
1643
1641
1641
1642
1645
1643
1645
1649
1647
1649
1643
1642
1641
1643
1649
1647
1645
1645
1650
1647
1643
1644
1640
1643
1641
1643
1643
1641
1641
1632
1619
1588
1546
1485
1436
1350
1289
1333
1389
1409
1466
1532
1577
1601
1622
1640
1655
1664
1670
1674
1677
1686
1683
1688
1688
1690
1687
1688
1692
1695
1696
1692
1694
1693
1692
1693
1696
1698
1699
1699
1702
1702
1699
1702
1706
1705
1708
1702
1706
1707
1705
1706
1702
1706
1699
1696
1696
1698
1693
1687
1682
1681
1677
1674
1673
1664
1661
1659
1655
1651
1650
1648
1643
1637
1636
1631
1630
1631
1630
1634
1631
1630
1630
1631
1624
1630
1630
1631
1629
1636
1635
1631
1630
1631
1635
1635
1636
1635
1635
1635
1640
1641
1636
1640
1638
1641
1637
1645
1641
1644
1644
1644
1650
1650
1645
1643
1648
1649
1647
1642
1645
1645
1650
1650
1651
1650
1649
1649
1650
1645
1640
1641
1641
1645
1643
1640
1638
1634
1632
1635
1635
1630
1634
1632
1638
1636
1641
1640
1638
1640
1636
1642
1635
1638
1636
1636
1635
1638
1640
1640
1637
1640
1640
1636
1635
1635
1636
1635
1637
1638
1635
1642
1638
1640
1635
1624
1593
1551
1518
1449
1397
1322
1294
1270
1303
1382
1459
1526
1565
1597
1621
1636
1654
1660
1663
1669
1677
1676
1676
1680
1681
1681
1683
1683
1681
1683
1687
1688
1687
1692
1696
1694
1694
1695
1698
1696
1698
1696
1696
1700
1698
1699
1698
1700
1698
1700
1700
1707
1703
1702
1698
1694
1694
1690
1687
1683
1679
1674
1675
1669
1667
1662
1655
1653
1648
1645
1641
1637
1634
1631
1632
1631
1631
1630
1630
1631
1636
1630
1631
1631
1631
1631
1635
1635
1631
1634
1635
1636
1635
1631
1634
1637
1635
1640
1637
1636
1635
1636
1638
1641
1641
1640
1642
1643
1643
1647
1642
1643
1643
1648
1644
1649
1650
1645
1650
1649
1653
1649
1649
1649
1650
1655
1653
1653
1650
1648
1644
1640
1692
1668
1660
1655
1655
1649
1641
1642
1636
1634
1631
1635
1631
1638
1638
1641
1640
1638
1638
1641
1642
1641
1642
1641
1643
1640
1641
1640
1636
1641
1640
1641
1640
1641
1638
1641
1643
1643
1641
1637
1641
1640
1636
1632
1624
1593
1556
1495
1445
1376
1332
1290
1285
1334
1414
1487
1551
1583
1612
1632
1645
1659
1667
1670
1674
1680
1680
1681
1682
1682
1685
1687
1683
1686
1687
1688
1692
1690
1688
1690
1692
1690
1693
1694
1698
1694
1699
1698
1698
1696
1698
1696
1699
1700
1699
1693
1705
1700
1696
1692
1693
1686
1685
1688
1683
1679
1679
1674
1669
1668
1663
1659
1653
1649
1645
1638
1640
1635
1632
1631
1636
1630
1625
1627
1631
1630
1631
1632
1635
1632
1636
1635
1631
1631
1630
1632
1631
1634
1634
1635
1635
1636
1641
1637
1636
1634
1637
1636
1635
1638
1637
1642
1641
1649
1648
1649
1648
1645
1651
1648
1650
1644
1650
1650
1650
1649
1645
1645
1650
1649
1653
1649
1650
1648
1645
1650
1645
1645
1643
1643
1648
1648
1644
1636
1636
1636
1635
1634
1634
1634
1635
1638
1635
1638
1631
1638
1641
1642
1642
1641
1644
1640
1641
1635
1635
1635
1637
1642
1648
1643
1640
1640
1637
1636
1635
1634
1638
1634
1637
1636
1635
1621
1604
1567
1530
1466
1402
1337
1286
1270
1313
1385
1468
1537
1577
1603
1629
1649
1657
1663
1669
1679
1681
1679
1679
1688
1689
1687
1689
1688
1689
1692
1689
1690
1692
1692
1695
1698
1696
1693
1699
1698
1696
1701
1705
1706
1701
1706
1702
1705
1703
1703
1700
1699
1700
1698
1695
1698
1696
1696
1688
1687
1686
1679
1673
1669
1668
1664
1657
1661
1653
1649
1645
1641
1641
1640
1638
1636
1632
1632
1695
1688
1664
1655
1650
1641
1641
1640
1640
1641
1637
1642
1645
1641
1640
1640
1643
1638
1641
1641
1640
1636
1641
1643
1644
1643
1642
1649
1643
1649
1645
1643
1643
1645
1650
1649
1654
1651
1654
1659
1657
1657
1653
1654
1654
1654
1657
1656
1654
1654
1653
1654
1649
1648
1645
1644
1650
1648
1649
1645
1645
1641
1642
1636
1635
1634
1636
1642
1640
1644
1644
1645
1645
1644
1642
1640
1645
1643
1643
1645
1642
1642
1642
1645
1642
1643
1637
1641
1641
1641
1640
1642
1643
1641
1642
1640
1638
1631
1617
1592
1546
1494
1432
1358
1293
1266
1256
1301
1390
1480
1546
1585
1612
1641
1654
1660
1669
1675
1675
1677
1683
1683
1685
1685
1688
1692
1689
1688
1695
1695
1692
1692
1695
1695
1695
1696
1695
1696
1700
1701
1701
1702
1706
1702
1700
1700
1701
1700
1698
1701
1703
1701
1700
1699
1698
1696
1692
1687
1683
1680
1675
1674
1669
1662
1659
1655
1654
1645
1643
1640
1640
1638
1640
1640
1631
1632
1634
1634
1630
1629
1630
1630
1634
1635
1641
1634
1640
1635
1640
1636
1635
1635
1635
1638
1634
1640
1636
1638
1641
1643
1643
1643
1643
1641
1643
1641
1643
1648
1643
1645
1642
1648
1645
1647
1650
1649
1650
1649
1650
1650
1649
1653
1653
1650
1645
1645
1647
1645
1649
1643
1645
1644
1645
1643
1640
1636
1631
1637
1635
1641
1640
1638
1637
1640
1643
1642
1643
1641
1642
1642
1637
1642
1641
1642
1641
1641
1641
1642
1640
1642
1641
1641
1642
1641
1641
1641
1640
1640
1638
1637
1637
1635
1619
1583
1537
1480
1432
1361
1309
1262
1264
1335
1414
1492
1551
1589
1615
1635
1653
1657
1670
1675
1681
1680
1688
1688
1687
1687
1688
1692
1714
1705
1700
1701
1700
1698
1699
1698
1693
1696
1700
1698
1695
1699
1700
1702
1706
1707
1705
1702
1706
1702
1701
1706
1700
1698
1699
1701
1698
1689
1692
1690
1683
1683
1679
1669
1674
1668
1662
1660
1653
1648
1642
1642
1641
1637
1638
1635
1640
1632
1640
1635
1631
1630
1634
1627
1636
1631
1632
1631
1640
1638
1638
1636
1636
1638
1636
1640
1631
1634
1632
1636
1638
1640
1636
1636
1641
1642
1643
1641
1643
1638
1641
1641
1643
1645
1644
1649
1649
1649
1650
1650
1653
1653
1655
1650
1645
1650
1649
1649
1648
1643
1644
1642
1645
1645
1649
1643
1645
1644
1642
1641
1636
1636
1630
1632
1634
1635
1631
1632
1635
1631
1634
1635
1637
1635
1637
1635
1636
1635
1635
1636
1638
1641
1635
1640
1636
1637
1635
1640
1636
1636
1634
1636
1636
1631
1635
1631
1635
1634
1629
1605
1577
1530
1480
1423
1347
1298
1249
1273
1345
1430
1499
1548
1583
1610
1631
1647
1655
1663
1669
1673
1672
1677
1677
1675
1683
1687
1687
1687
1686
1683
1682
1680
1685
1685
1687
1689
1690
1689
1692
1689
1692
1692
1696
1693
1694
1694
1693
1696
1699
1696
1695
1689
1695
1692
1688
1689
1688
1683
1681
1679
1673
1677
1666
1660
1660
1654
1650
1649
1645
1643
1638
1635
1627
1630
1627
1631
1627
1627
1622
1627
1625
1630
1629
1630
1628
1635
1631
1631
1627
1627
1629
1627
1630
1630
1630
1630
1635
1636
1635
1631
1636
1631
1636
1635
1638
1638
1637
1638
1640
1643
1641
1641
1643
1643
1644
1644
1650
1645
1649
1650
1650
1648
1644
1645
1648
1649
1647
1649
1650
1648
1650
1650
1643
1643
1642
1640
1636
1641
1634
1635
1634
1638
1634
1635
1635
1642
1638
1640
1631
1610
1621
1624
1634
1634
1635
1631
1638
1638
1640
1640
1640
1641
1635
1638
1638
1641
1635
1640
1637
1637
1637
1635
1638
1635
1632
1632
1631
1612
1579
1546
1494
1435
1365
1313
1270
1283
1346
1429
1499
1550
1586
1612
1631
1648
1654
1659
1672
1676
1681
1681
1679
1681
1687
1687
1686
1686
1687
1688
1686
1688
1690
1688
1690
1692
1695
1693
1692
1693
1696
1699
1695
1695
1698
1695
1698
1699
1699
1698
1700
1700
1696
1696
1693
1689
1686
1682
1679
1681
1675
1674
1668
1666
1662
1657
1653
1649
1649
1645
1636
1635
1630
1631
1625
1627
1625
1627
1624
1631
1630
1631
1629
1629
1631
1631
1630
1627
1631
1630
1635
1632
1630
1627
1630
1631
1634
1630
1631
1631
1631
1634
1631
1636
1636
1636
1640
1642
1641
1640
1643
1640
1642
1643
1648
1642
1641
1641
1641
1643
1644
1645
1648
1648
1649
1649
1649
1648
1644
1645
1640
1643
1637
1643
1643
1643
1644
1641
1640
1636
1641
1637
1635
1634
1630
1624
1630
1629
1631
1636
1635
1641
1638
1632
1634
1638
1638
1636
1632
1631
1632
1631
1636
1636
1637
1635
1635
1631
1630
1632
1634
1631
1634
1635
1631
1631
1628
1631
1628
1625
1610
1580
1541
1489
1430
1359
1290
1236
1248
1324
1411
1496
1550
1592
1615
1634
1650
1660
1664
1669
1675
1677
1683
1681
1683
1682
1687
1685
1685
1687
1688
1689
1689
1688
1693
1693
1693
1693
1696
1695
1694
1698
1700
1700
1698
1700
1699
1705
1701
1700
1698
1700
1694
1698
1696
1694
1693
1687
1689
1690
1683
1679
1673
1669
1673
1663
1659
1650
1649
1649
1648
1645
1637
1636
1634
1636
1635
1631
1629
1628
1632
1632
1636
1634
1632
1635
1638
1636
1636
1631
1608
1622
1623
1629
1629
1637
1634
1635
1634
1634
1635
1635
1637
1642
1643
1641
1643
1643
1645
1647
1650
1649
1645
1649
1648
1650
1649
1649
1654
1649
1649
1648
1645
1649
1649
1650
1654
1653
1650
1649
1648
1645
1649
1643
1642
1640
1641
1640
1636
1635
1634
1635
1636
1636
1638
1642
1638
1641
1638
1640
1636
1638
1643
1641
1641
1641
1642
1636
1640
1641
1640
1637
1636
1638
1637
1636
1635
1640
1636
1636
1638
1635
1630
1631
1630
1628
1610
1572
1534
1488
1404
1340
1290
1254
1264
1339
1422
1501
1551
1584
1612
1630
1650
1659
1662
1666
1681
1679
1681
1679
1686
1683
1681
1683
1686
1683
1686
1690
1688
1692
1689
1693
1690
1688
1692
1695
1698
1696
1696
1701
1698
1693
1698
1700
1699
1699
1702
1694
1694
1693
1696
1695
1694
1694
1692
1683
1676
1674
1673
1664
1666
1659
1655
1648
1643
1641
1641
1638
1635
1636
1631
1632
1630
1630
1627
1625
1624
1627
1631
1629
1631
1630
1631
1630
1634
1630
1631
1631
1634
1631
1636
1632
1632
1631
1631
1636
1635
1638
1635
1636
1635
1632
1635
1634
1637
1636
1643
1641
1640
1642
1643
1645
1647
1645
1649
1649
1647
1644
1648
1645
1644
1645
1648
1650
1645
1644
1641
1642
1640
1641
1636
1636
1640
1636
1636
1631
1632
1634
1638
1637
1640
1640
1636
1641
1634
1640
1636
1636
1635
1635
1637
1638
1637
1636
1638
1637
1637
1637
1636
1638
1638
1635
1638
1640
1636
1640
1640
1640
1635
1636
1634
1622
1593
1545
1501
1432
1383
1321
1272
1267
1313
1389
1469
1534
1573
1598
1624
1640
1654
1662
1669
1677
1677
1680
1681
1686
1685
1687
1686
1690
1692
1692
1688
1693
1692
1694
1693
1692
1694
1690
1689
1614
1643
1659
1676
1680
1690
1693
1696
1695
1696
1699
1698
1700
1698
1698
1696
1696
1692
1693
1690
1683
1679
1675
1674
1669
1663
1661
1660
1653
1654
1645
1643
1643
1637
1638
1635
1635
1630
1631
1634
1635
1630
1631
1632
1632
1632
1636
1635
1636
1634
1636
1635
1634
1635
1635
1635
1634
1631
1630
1631
1634
1638
1636
1638
1636
1635
1635
1637
1640
1640
1641
1641
1643
1640
1642
1641
1641
1642
1644
1645
1645
1643
1647
1645
1649
1644
1645
1643
1644
1648
1649
1653
1649
1643
1643
1641
1644
1643
1642
1638
1635
1634
1635
1630
1630
1630
1631
1635
1632
1636
1635
1637
1635
1636
1635
1635
1632
1635
1635
1634
1637
1634
1642
1636
1636
1635
1635
1634
1636
1634
1632
1637
1632
1640
1636
1635
1629
1630
1627
1615
1579
1539
1485
1419
1366
1309
1276
1263
1331
1414
1490
1544
1577
1605
1630
1644
1656
1661
1664
1674
1677
1679
1679
1683
1683
1687
1683
1687
1683
1687
1687
1687
1688
1688
1689
1692
1688
1692
1695
1695
1695
1695
1698
1698
1698
1692
1689
1698
1698
1698
1698
1698
1695
1694
1688
1693
1682
1681
1682
1677
1674
1670
1664
1667
1668
1662
1659
1647
1643
1642
1635
1638
1630
1634
1629
1634
1627
1630
1630
1631
1625
1630
1632
1631
1630
1631
1630
1631
1630
1631
1630
1631
1631
1635
1636
1635
1638
1636
1636
1635
1635
1637
1640
1638
1640
1641
1640
1643
1643
1644
1643
1643
1645
1642
1649
1649
1649
1649
1648
1655
1650
1648
1649
1648
1650
1647
1650
1648
1647
1650
1645
1650
1645
1643
1644
1645
1649
1649
1648
1643
1634
1631
1632
1637
1631
1635
1636
1641
1636
1641
1636
1641
1641
1645
1645
1643
1641
1640
1631
1692
1675
1663
1655
1654
1651
1653
1649
1643
1640
1641
1638
1637
1638
1635
1637
1636
1636
1625
1605
1579
1530
1476
1412
1345
1302
1276
1302
1376
1456
1531
1570
1601
1625
1643
1657
1664
1674
1677
1682
1686
1683
1685
1688
1692
1690
1688
1688
1690
1692
1692
1698
1696
1695
1698
1698
1695
1695
1694
1698
1700
1700
1699
1701
1702
1701
1705
1700
1699
1702
1700
1700
1696
1696
1695
1690
1690
1689
1683
1679
1677
1676
1674
1668
1662
1657
1651
1645
1647
1642
1637
1638
1636
1634
1630
1631
1634
1629
1631
1630
1631
1624
1627
1627
1635
1630
1635
1631
1634
1635
1636
1636
1635
1638
1635
1641
1635
1640
1635
1635
1635
1636
1638
1635
1636
1636
1640
1641
1641
1641
1642
1643
1643
1645
1644
1648
1645
1649
1649
1644
1643
1645
1642
1643
1645
1645
1644
1641
1645
1648
1641
1640
1645
1641
1642
1641
1647
1640
1641
1634
1636
1630
1629
1629
1627
1630
1628
1631
1631
1634
1630
1631
1630
1630
1635
1642
1636
1636
1638
1635
1636
1635
1635
1640
1631
1632
1631
1631
1631
1636
1630
1632
1634
1636
1634
1630
1627
1625
1622
1609
1578
1518
1480
1416
1347
1289
1256
1254
1316
1408
1488
1546
1579
1604
1630
1642
1654
1660
1664
1674
1679
1676
1674
1679
1679
1676
1682
1688
1686
1683
1683
1687
1688
1685
1686
1688
1688
1694
1694
1692
1690
1692
1695
1696
1692
1694
1695
1699
1695
1695
1694
1692
1693
1689
1695
1690
1687
1683
1680
1677
1679
1672
1664
1659
1656
1650
1649
1645
1643
1641
1636
1635
1630
1629
1625
1627
1627
1625
1624
1623
1627
1634
1631
1631
1631
1630
1628
1629
1630
1625
1635
1632
1634
1631
1636
1632
1635
1634
1636
1636
1634
1651
1645
1644
1641
1638
1640
1644
1643
1645
1643
1636
1638
1641
1645
1641
1643
1645
1645
1648
1648
1650
1647
1643
1641
1642
1642
1642
1644
1641
1642
1642
1643
1640
1634
1631
1631
1631
1625
1625
1630
1634
1635
1636
1636
1637
1634
1636
1635
1637
1634
1635
1634
1636
1637
1635
1635
1636
1636
1636
1636
1631
1636
1635
1636
1635
1640
1631
1635
1630
1634
1631
1630
1627
1624
1604
1572
1532
1470
1402
1340
1290
1249
1248
1328
1411
1489
1543
1577
1603
1623
1641
1657
1661
1666
1667
1669
1674
1677
1670
1677
1676
1677
1680
1680
1679
1680
1680
1679
1685
1687
1687
1687
1687
1693
1688
1685
1683
1690
1693
1693
1694
1695
1692
1688
1689
1689
1687
1686
1687
1687
1683
1682
1679
1679
1674
1669
1667
1667
1654
1653
1648
1653
1644
1643
1641
1635
1628
1624
1623
1621
1623
1621
1622
1622
1618
1622
1622
1624
1624
1627
1625
1624
1623
1624
1625
1623
1622
1624
1625
1624
1624
1624
1625
1624
1630
1630
1631
1625
1630
1630
1631
1627
1630
1627
1634
1635
1634
1635
1632
1635
1638
1641
1637
1636
1631
1636
1638
1636
1641
1634
1636
1632
1640
1636
1640
1636
1636
1635
1631
1628
1628
1631
1630
1631
1630
1634
1625
1627
1621
1622
1621
1625
1623
1631
1627
1631
1625
1627
1625
1627
1625
1631
1629
1630
1632
1629
1630
1627
1627
1624
1627
1625
1630
1627
1629
1629
1631
1625
1630
1630
1630
1630
1629
1623
1615
1586
1545
1508
1447
1380
1318
1294
1276
1307
1384
1460
1519
1560
1591
1612
1631
1641
1656
1660
1664
1669
1673
1669
1674
1677
1676
1674
1674
1677
1676
1677
1681
1681
1679
1683
1681
1687
1685
1685
1683
1690
1690
1689
1687
1690
1687
1612
1636
1654
1669
1675
1680
1686
1682
1681
1680
1676
1676
1679
1674
1669
1667
1661
1664
1660
1651
1650
1643
1643
1636
1635
1629
1627
1622
1623
1623
1621
1619
1622
1622
1627
1625
1625
1623
1627
1623
1625
1624
1627
1625
1629
1628
1630
1625
1628
1624
1631
1625
1630
1629
1629
1627
1628
1629
1631
1629
1631
1637
1635
1634
1635
1636
1636
1641
1640
1637
1636
1638
1638
1638
1638
1638
1640
1636
1638
1636
1638
1635
1636
1638
1640
1636
1634
1634
1632
1632
1634
1635
1631
1627
1624
1624
1621
1621
1621
1630
1623
1630
1624
1627
1623
1630
1628
1629
1623
1627
1629
1631
1629
1625
1624
1625
1625
1630
1629
1625
1627
1627
1631
1627
1625
1627
1629
1623
1623
1621
1617
1610
1590
1565
1525
1466
1408
1343
1288
1260
1299
1359
1440
1513
1551
1584
1610
1623
1641
1649
1655
1662
1663
1659
1669
1669
1672
1673
1673
1669
1673
1680
1679
1677
1677
1679
1681
1683
1677
1677
1679
1681
1677
1683
1687
1688
1683
1688
1689
1687
1687
1688
1690
1688
1688
1683
1683
1680
1679
1674
1673
1669
1668
1662
1660
1655
1650
1645
1644
1641
1638
1635
1629
1625
1624
1623
1629
1622
1617
1615
1619
1617
1617
1617
1619
1616
1621
1623
1619
1619
1622
1623
1622
1623
1624
1625
1624
1629
1623
1624
1621
1624
1621
1631
1629
1631
1624
1631
1634
1634
1630
1631
1629
1630
1631
1631
1631
1636
1640
1638
1636
1635
1640
1636
1638
1636
1640
1636
1632
1637
1638
1637
1634
1632
1631
1635
1634
1636
1632
1630
1629
1629
1622
1623
1619
1625
1629
1631
1627
1629
1624
1625
1629
1630
1628
1627
1629
1627
1631
1630
1630
1630
1630
1630
1631
1627
1627
1621
1535
1564
1589
1601
1611
1615
1621
1621
1619
1611
1609
1588
1548
1503
1445
1383
1313
1269
1247
1280
1352
1448
1521
1560
1586
1611
1631
1645
1655
1664
1668
1669
1673
1676
1674
1672
1673
1675
1681
1680
1681
1679
1680
1682
1681
1682
1683
1679
1688
1688
1688
1692
1693
1693
1692
1692
1690
1692
1687
1693
1693
1690
1688
1693
1689
1687
1687
1689
1680
1676
1672
1669
1666
1662
1659
1659
1648
1649
1643
1638
1631
1631
1625
1629
1624
1622
1621
1618
1617
1622
1621
1621
1617
1622
1621
1622
1622
1622
1618
1622
1619
1624
1616
1621
1619
1622
1618
1627
1622
1627
1627
1627
1630
1627
1624
1629
1629
1630
1630
1630
1629
1630
1630
1635
1635
1628
1632
1631
1635
1636
1640
1632
1636
1634
1635
1635
1630
1627
1630
1631
1630
1631
1628
1630
1622
1627
1616
1617
1616
1625
1622
1625
1624
1625
1623
1628
1624
1629
1622
1625
1624
1627
1622
1623
1622
1628
1624
1623
1623
1625
1622
1624
1622
1624
1622
1621
1622
1625
1622
1622
1617
1614
1603
1583
1546
1489
1434
1367
1302
1267
1245
1282
1359
1444
1515
1558
1583
1612
1624
1640
1648
1650
1657
1663
1663
1664
1664
1664
1669
1670
1669
1673
1673
1675
1674
1677
1676
1676
1677
1677
1676
1681
1681
1681
1683
1686
1687
1687
1687
1685
1688
1688
1689
1687
1683
1683
1680
1675
1675
1679
1673
1672
1668
1664
1667
1656
1653
1649
1648
1642
1640
1631
1627
1625
1624
1623
1621
1618
1616
1616
1616
1616
1614
1614
1615
1614
1616
1614
1617
1617
1622
1622
1622
1621
1622
1621
1622
1622
1622
1619
1621
1622
1624
1623
1627
1624
1625
1623
1630
1627
1627
1625
1635
1631
1634
1630
1634
1630
1630
1634
1622
1677
1663
1655
1649
1649
1641
1640
1638
1640
1630
1631
1629
1629
1627
1629
1624
1625
1617
1621
1619
1621
1621
1623
1622
1624
1622
1630
1628
1627
1621
1623
1627
1627
1622
1624
1624
1629
1624
1622
1622
1624
1624
1625
1624
1625
1625
1625
1622
1628
1623
1623
1622
1623
1618
1616
1602
1565
1521
1456
1404
1346
1283
1253
1263
1321
1403
1480
1531
1567
1595
1617
1631
1640
1645
1655
1660
1664
1670
1668
1664
1667
1669
1669
1672
1672
1673
1677
1676
1675
1675
1679
1677
1680
1679
1679
1681
1687
1687
1687
1685
1687
1685
1682
1683
1687
1686
1683
1686
1683
1683
1679
1677
1677
1674
1673
1673
1668
1660
1655
1649
1649
1641
1641
1634
1636
1627
1628
1622
1622
1625
1618
1615
1614
1609
1612
1612
1615
1614
1618
1616
1614
1616
1616
1619
1617
1615
1615
1622
1621
1618
1617
1616
1612
1617
1617
1619
1617
1624
1622
1625
1623
1624
1623
1624
1624
1638
1629
1630
1635
1634
1636
1634
1634
1630
1631
1631
1635
1631
1630
1631
1635
1634
1632
1631
1627
1630
1629
1630
1628
1627
1628
1629
1625
1627
1623
1618
1616
1617
1615
1617
1616
1617
1616
1622
1618
1622
1621
1622
1622
1627
1624
1622
1619
1622
1623
1622
1619
1623
1621
1624
1622
1623
1621
1621
1621
1624
1621
1627
1622
1623
1618
1624
1615
1597
1566
1526
1481
1416
1357
1303
1267
1253
1318
1396
1476
1530
1570
1596
1614
1631
1641
1649
1657
1661
1663
1664
1661
1668
1674
1676
1674
1672
1673
1673
1672
1674
1673
1675
1675
1680
1679
1679
1681
1687
1681
1683
1687
1688
1687
1686
1686
1689
1687
1685
1688
1686
1687
1683
1679
1673
1679
1674
1674
1669
1663
1660
1660
1654
1651
1650
1647
1680
1660
1653
1643
1635
1630
1624
1622
1617
1621
1616
1614
1616
1621
1619
1617
1623
1619
1624
1623
1624
1624
1623
1622
1622
1622
1619
1621
1622
1624
1623
1623
1622
1624
1624
1625
1630
1631
1628
1631
1631
1636
1631
1634
1631
1632
1631
1638
1632
1636
1638
1643
1641
1638
1641
1635
1641
1635
1641
1631
1637
1635
1641
1638
1637
1632
1632
1631
1631
1632
1630
1627
1621
1622
1621
1623
1617
1622
1624
1625
1630
1628
1622
1629
1623
1630
1624
1623
1624
1627
1627
1630
1624
1624
1619
1629
1625
1624
1622
1625
1627
1622
1624
1625
1622
1622
1622
1625
1619
1616
1610
1593
1560
1518
1451
1388
1325
1289
1263
1295
1360
1445
1516
1560
1588
1611
1627
1636
1650
1650
1657
1661
1661
1666
1669
1668
1669
1669
1672
1669
1677
1674
1672
1674
1675
1674
1679
1679
1673
1683
1685
1683
1685
1687
1686
1687
1686
1687
1683
1685
1688
1689
1688
1688
1688
1679
1681
1677
1673
1673
1668
1664
1662
1660
1659
1659
1649
1645
1641
1640
1634
1631
1630
1625
1622
1619
1617
1621
1617
1621
1619
1618
1619
1617
1619
1621
1619
1619
1621
1621
1622
1623
1622
1622
1622
1624
1627
1625
1623
1624
1624
1625
1634
1630
1629
1628
1631
1630
1634
1636
1635
1635
1636
1641
1635
1638
1636
1641
1641
1637
1640
1637
1642
1641
1645
1640
1640
1636
1636
1641
1636
1638
1636
1641
1636
1636
1634
1632
1632
1636
1635
1636
1634
1631
1631
1623
1624
1622
1622
1621
1623
1624
1627
1628
1630
1627
1631
1628
1631
1627
1630
1630
1634
1627
1631
1629
1627
1630
1631
1631
1631
1631
1629
1634
1627
1625
1624
1624
1625
1627
1627
1618
1602
1564
1524
1474
1411
1325
1285
1285
1359
1405
1470
1537
1583
1604
1624
1643
1645
1654
1660
1668
1669
1670
1673
1675
1676
1679
1677
1679
1681
1682
1682
1685
1685
1689
1688
1687
1688
1688
1687
1687
1692
1695
1694
1692
1698
1695
1698
1694
1699
1696
1698
1699
1696
1693
1688
1688
1688
1687
1686
1680
1681
1677
1669
1669
1660
1654
1650
1648
1644
1642
1638
1636
1638
1634
1631
1630
1625
1623
1625
1623
1624
1627
1627
1625
1631
1631
1629
1625
1628
1625
1634
1630
1630
1630
1634
1630
1634
1629
1631
1629
1631
1631
1635
1632
1634
1631
1636
1638
1641
1636
1638
1636
1640
1640
1641
1640
1643
1641
1643
1642
1641
1642
1640
1643
1642
1641
1638
1638
1636
1635
1636
1634
1636
1636
1638
1634
1631
1630
1625
1627
1627
1627
1625
1627
1624
1632
1632
1630
1625
1627
1630
1631
1628
1629
1629
1629
1629
1632
1629
1631
1631
1629
1631
1631
1631
1629
1629
1625
1628
1625
1627
1624
1629
1627
1629
1619
1610
1578
1522
1483
1415
1343
1283
1255
1264
1324
1397
1480
1531
1574
1603
1623
1640
1649
1654
1660
1669
1667
1669
1672
1670
1674
1679
1676
1675
1679
1686
1679
1677
1682
1680
1681
1685
1687
1687
1683
1688
1688
1692
1689
1690
1694
1692
1694
1692
1693
1690
1689
1688
1690
1687
1687
1687
1686
1686
1683
1677
1673
1672
1662
1659
1651
1649
1645
1644
1642
1638
1635
1629
1629
1621
1625
1619
1622
1616
1622
1622
1624
1619
1622
1629
1627
1629
1632
1627
1627
1629
1629
1627
1630
1627
1628
1624
1625
1625
1630
1629
1634
1631
1632
1631
1631
1635
1635
1637
1638
1636
1636
1640
1640
1640
1642
1644
1643
1644
1647
1648
1645
1641
1643
1644
1641
1642
1641
1640
1641
1645
1638
1703
1683
1669
1659
1649
1644
1638
1638
1636
1640
1631
1630
1623
1623
1624
1627
1622
1630
1631
1635
1630
1634
1631
1631
1631
1631
1631
1631
1630
1630
1634
1629
1631
1628
1627
1627
1629
1624
1629
1630
1632
1631
1636
1632
1635
1632
1630
1627
1622
1597
1553
1522
1459
1399
1331
1293
1256
1269
1351
1431
1503
1544
1582
1605
1630
1641
1653
1662
1666
1669
1673
1673
1673
1670
1679
1679
1680
1681
1679
1676
1680
1681
1681
1680
1685
1686
1688
1687
1685
1688
1688
1690
1688
1689
1690
1688
1686
1694
1690
1688
1694
1693
1689
1690
1688
1681
1679
1675
1677
1673
1668
1668
1661
1659
1657
1651
1643
1636
1635
1632
1630
1622
1625
1622
1621
1617
1624
1618
1621
1617
1624
1625
1629
1622
1631
1625
1623
1623
1624
1622
1624
1623
1624
1625
1624
1624
1624
1627
1630
1630
1624
1624
1624
1627
1624
1631
1631
1638
1635
1641
1637
1642
1637
1636
1641
1634
1637
1640
1644
1640
1641
1640
1636
1638
1634
1641
1637
1640
1638
1640
1637
1640
1638
1638
1635
1632
1634
1632
1631
1630
1634
1627
1625
1618
1622
1614
1619
1617
1622
1621
1622
1622
1630
1625
1630
1630
1630
1625
1627
1624
1624
1622
1624
1627
1627
1625
1624
1627
1627
1630
1627
1625
1624
1627
1625
1630
1625
1624
1623
1624
1617
1598
1564
1525
1461
1409
1346
1290
1260
1285
1352
1431
1503
1553
1578
1606
1624
1638
1644
1655
1662
1668
1668
1670
1673
1669
1673
1674
1673
1676
1677
1677
1679
1681
1685
1683
1681
1681
1679
1687
1688
1685
1692
1694
1695
1693
1692
1693
1690
1688
1693
1693
1693
1688
1692
1690
1688
1687
1686
1686
1680
1677
1674
1668
1664
1661
1660
1649
1649
1643
1641
1624
1688
1668
1654
1643
1635
1631
1630
1624
1622
1621
1622
1621
1622
1622
1622
1622
1627
1628
1627
1629
1631
1631
1630
1630
1629
1630
1627
1629
1629
1630
1630
1632
1630
1634
1634
1632
1631
1634
1640
1640
1643
1638
1642
1641
1645
1642
1643
1638
1641
1644
1641
1643
1643
1645
1645
1641
1643
1638
1636
1635
1638
1640
1637
1636
1640
1632
1636
1636
1636
1638
1628
1630
1630
1630
1623
1629
1627
1629
1628
1624
1627
1629
1627
1632
1631
1631
1630
1630
1634
1635
1637
1631
1631
1630
1631
1630
1629
1630
1630
1629
1630
1627
1629
1627
1630
1630
1629
1623
1618
1601
1573
1526
1469
1403
1344
1285
1260
1270
1344
1431
1508
1560
1591
1611
1629
1643
1651
1659
1662
1668
1668
1674
1681
1679
1677
1679
1681
1681
1677
1679
1677
1681
1681
1683
1687
1692
1689
1688
1688
1687
1692
1689
1688
1698
1696
1693
1694
1693
1694
1695
1695
1692
1690
1688
1690
1685
1682
1680
1677
1672
1668
1668
1660
1659
1654
1650
1648
1643
1640
1630
1629
1627
1630
1622
1622
1619
1621
1621
1624
1623
1621
1622
1624
1623
1623
1622
1622
1621
1625
1624
1627
1625
1627
1628
1629
1627
1631
1630
1631
1630
1631
1631
1631
1631
1630
1632
1631
1634
1630
1636
1636
1636
1636
1636
1637
1638
1640
1640
1638
1640
1636
1635
1634
1638
1637
1640
1636
1641
1635
1631
1631
1634
1631
1632
1630
1629
1624
1624
1622
1622
1616
1617
1619
1624
1622
1622
1629
1624
1622
1623
1624
1624
1622
1625
1628
1630
1627
1627
1625
1623
1624
1627
1627
1627
1624
1624
1629
1625
1627
1624
1627
1627
1628
1622
1621
1612
1603
1577
1544
1488
1432
1348
1308
1268
1247
1300
1319
1428
1501
1547
1577
1610
1634
1645
1655
1657
1664
1670
1669
1672
1669
1669
1672
1676
1677
1676
1679
1679
1677
1681
1683
1683
1680
1682
1683
1687
1688
1688
1688
1687
1689
1693
1690
1692
1692
1688
1688
1692
1692
1688
1687
1686
1687
1681
1679
1676
1673
1674
1673
1668
1664
1654
1650
1648
1644
1635
1634
1631
1634
1627
1625
1619
1621
1619
1624
1623
1623
1621
1624
1624
1625
1622
1624
1622
1627
1623
1628
1628
1624
1623
1629
1625
1624
1625
1629
1625
1630
1631
1629
1630
1629
1632
1631
1634
1630
1636
1635
1637
1634
1640
1635
1636
1635
1636
1637
1632
1638
1635
1641
1638
1642
1636
1638
1636
1636
1635
1630
1628
1631
1632
1630
1632
1631
1628
1624
1624
1622
1621
1618
1623
1624
1630
1624
1628
1625
1627
1629
1631
1628
1627
1627
1628
1625
1623
1627
1623
1624
1624
1629
1624
1625
1630
1631
1623
1625
1630
1631
1628
1628
1628
1629
1614
1606
1577
1535
1498
1419
1373
1314
1281
1261
1302
1380
1464
1522
1558
1589
1611
1628
1643
1650
1662
1668
1668
1669
1673
1670
1669
1672
1673
1672
1672
1674
1676
1675
1677
1677
1681
1679
1682
1681
1682
1681
1687
1688
1686
1682
1687
1690
1690
1687
1692
1690
1688
1687
1688
1683
1680
1681
1679
1679
1676
1669
1668
1667
1663
1667
1659
1650
1649
1644
1641
1635
1629
1624
1624
1624
1624
1623
1624
1622
1624
1622
1622
1618
1616
1618
1621
1621
1623
1621
1624
1624
1631
1625
1627
1622
1628
1623
1627
1622
1625
1621
1627
1624
1630
1623
1628
1630
1635
1634
1635
1635
1635
1634
1636
1641
1635
1635
1634
1638
1641
1643
1641
1641
1642
1641
1640
1640
1636
1641
1641
1636
1637
1622
1630
1631
1632
1631
1631
1634
1631
1635
1630
1629
1627
1627
1621
1630
1627
1627
1628
1629
1628
1631
1625
1627
1629
1628
1632
1635
1631
1628
1629
1630
1631
1630
1631
1627
1630
1629
1635
1631
1630
1628
1630
1627
1630
1625
1625
1621
1622
1614
1583
1544
1494
1436
1374
1309
1262
1256
1312
1393
1470
1531
1566
1591
1618
1632
1649
1660
1660
1664
1670
1672
1676
1677
1674
1675
1677
1679
1679
1680
1681
1681
1682
1681
1680
1680
1683
1683
1686
1687
1688
1686
1688
1692
1693
1692
1688
1688
1688
1692
1687
1687
1687
1686
1687
1681
1682
1681
1676
1672
1669
1662
1660
1657
1655
1654
1643
1642
1638
1636
1631
1631
1623
1623
1615
1618
1617
1619
1617
1621
1619
1619
1618
1621
1619
1622
1622
1624
1621
1621
1619
1624
1621
1631
1622
1623
1623
1624
1621
1624
1623
1627
1630
1630
1628
1629
1622
1624
1631
1631
1632
1630
1635
1635
1638
1634
1637
1631
1636
1637
1641
1635
1635
1638
1632
1636
1634
1637
1632
1637
1631
1631
1632
1631
1632
1631
1632
1630
1630
1624
1621
1619
1625
1622
1622
1619
1625
1622
1625
1624
1630
1623
1627
1622
1629
1625
1624
1622
1627
1625
1631
1627
1627
1624
1623
1622
1625
1623
1623
1627
1625
1625
1625
1630
1623
1623
1621
1612
1590
1556
1512
1456
1402
1337
1301
1264
1295
1360
1445
1515
1558
1588
1612
1632
1640
1649
1660
1664
1668
1669
1669
1673
1677
1677
1674
1675
1679
1679
1679
1679
1679
1681
1679
1685
1686
1692
1688
1687
1685
1692
1688
1689
1692
1693
1694
1692
1692
1692
1688
1688
1694
1690
1692
1687
1683
1683
1680
1676
1672
1668
1666
1663
1664
1655
1654
1645
1643
1637
1634
1627
1627
1608
1614
1616
1618
1621
1621
1621
1625
1624
1623
1624
1623
1625
1627
1629
1623
1624
1624
1624
1625
1628
1628
1629
1631
1631
1629
1630
1629
1630
1631
1634
1631
1631
1631
1635
1636
1635
1641
1641
1640
1641
1643
1638
1642
1642
1642
1643
1641
1641
1636
1643
1638
1642
1641
1643
1641
1640
1640
1634
1635
1636
1642
1634
1632
1627
1628
1624
1623
1621
1624
1627
1631
1631
1635
1631
1634
1630
1630
1629
1630
1631
1628
1629
1630
1631
1627
1629
1628
1629
1625
1636
1630
1630
1630
1634
1630
1630
1627
1627
1625
1623
1617
1610
1577
1522
1483
1406
1352
1302
1253
1238
1303
1390
1480
1539
1573
1602
1624
1640
1653
1657
1662
1668
1673
1673
1674
1676
1677
1679
1679
1679
1677
1681
1679
1677
1679
1682
1682
1686
1687
1685
1688
1688
1688
1690
1693
1692
1689
1692
1689
1692
1694
1692
1690
1692
1692
1689
1687
1685
1679
1679
1676
1672
1670
1668
1662
1663
1656
1653
1649
1640
1638
1635
1631
1627
1630
1622
1621
1619
1617
1614
1617
1618
1624
1623
1627
1623
1624
1624
1629
1623
1622
1619
1622
1621
1629
1627
1628
1627
1630
1631
1627
1624
1625
1623
1623
1627
1627
1630
1631
1634
1634
1635
1631
1636
1636
1638
1636
1638
1635
1631
1636
1638
1640
1635
1634
1638
1641
1636
1638
1636
1631
1630
1627
1627
1625
1628
1627
1631
1630
1631
1630
1630
1627
1630
1631
1629
1630
1630
1631
1635
1634
1630
1631
1629
1631
1631
1630
1624
1630
1628
1630
1630
1625
1628
1630
1629
1629
1625
1619
1605
1584
1546
1506
1459
1384
1309
1277
1268
1286
1361
1440
1511
1554
1586
1612
1631
1649
1654
1655
1664
1669
1668
1669
1673
1672
1679
1682
1679
1681
1687
1669
1660
1668
1674
1679
1683
1681
1681
1683
1687
1688
1692
1692
1694
1693
1696
1693
1689
1689
1689
1690
1688
1688
1688
1687
1685
1687
1682
1681
1677
1674
1668
1661
1655
1653
1653
1649
1645
1640
1634
1629
1629
1624
1624
1624
1622
1622
1623
1622
1627
1622
1622
1623
1624
1625
1629
1631
1631
1630
1630
1631
1624
1624
1623
1627
1622
1623
1624
1631
1631
1632
1630
1631
1629
1631
1630
1631
1631
1635
1634
1635
1636
1640
1640
1635
1637
1641
1642
1640
1640
1635
1636
1635
1641
1641
1641
1636
1638
1640
1636
1640
1640
1637
1632
1632
1625
1629
1622
1623
1625
1627
1625
1630
1627
1629
1631
1630
1630
1627
1631
1631
1634
1636
1628
1627
1629
1627
1630
1630
1631
1625
1629
1627
1627
1625
1624
1628
1629
1627
1625
1622
1622
1615
1593
1554
1502
1448
1378
1322
1289
1264
1283
1350
1435
1502
1546
1578
1610
1629
1644
1655
1657
1663
1668
1669
1673
1673
1673
1672
1674
1677
1677
1681
1681
1676
1674
1683
1680
1681
1679
1682
1683
1683
1685
1682
1683
1689
1693
1692
1693
1690
1688
1688
1686
1687
1683
1682
1683
1681
1679
1679
1676
1674
1673
1664
1657
1656
1650
1642
1645
1643
1641
1632
1634
1631
1629
1627
1624
1623
1619
1621
1624
1622
1619
1616
1621
1622
1621
1624
1624
1623
1625
1627
1627
1623
1624
1622
1627
1627
1625
1624
1628
1629
1631
1631
1631
1629
1631
1630
1631
1630
1635
1636
1635
1635
1635
1640
1634
1641
1640
1643
1643
1640
1644
1647
1644
1641
1642
1640
1644
1643
1645
1642
1637
1642
1640
1641
1634
1637
1631
1630
1627
1627
1624
1627
1630
1631
1634
1632
1635
1632
1634
1636
1636
1634
1632
1631
1634
1634
1637
1635
1636
1636
1636
1635
1636
1631
1631
1632
1634
1631
1631
1631
1630
1631
1629
1627
1612
1586
1546
1511
1447
1399
1319
1275
1280
1325
1399
1473
1530
1567
1598
1621
1640
1649
1660
1660
1667
1669
1672
1673
1675
1676
1676
1679
1677
1675
1680
1687
1687
1685
1683
1687
1692
1688
1688
1687
1690
1689
1692
1693
1692
1692
1694
1692
1695
1692
1694
1692
1689
1690
1692
1693
1688
1683
1680
1681
1676
1669
1663
1663
1660
1657
1651
1654
1643
1640
1638
1636
1630
1630
1623
1627
1624
1629
1624
1624
1622
1625
1621
1623
1622
1623
1627
1632
1629
1629
1630
1630
1624
1627
1625
1627
1630
1632
1631
1629
1628
1630
1631
1632
1636
1634
1632
1632
1635
1630
1636
1635
1635
1638
1641
1640
1638
1640
1641
1641
1641
1641
1643
1641
1643
1643
1641
1641
1638
1641
1641
1642
1635
1640
1640
1640
1644
1641
1637
1632
1630
1625
1630
1623
1623
1625
1636
1636
1637
1634
1631
1631
1631
1632
1631
1632
1631
1632
1630
1636
1631
1632
1634
1632
1631
1631
1631
1627
1636
1630
1635
1631
1635
1627
1630
1627
1624
1611
1585
1551
1511
1442
1374
1309
1256
1255
1314
1393
1479
1539
1574
1603
1624
1642
1653
1659
1660
1670
1673
1673
1672
1681
1680
1679
1680
1679
1685
1683
1687
1681
1688
1683
1686
1687
1692
1693
1692
1694
1700
1696
1693
1696
1696
1695
1698
1698
1696
1699
1698
1694
1696
1693
1693
1688
1685
1681
1679
1677
1673
1669
1669
1664
1660
1657
1653
1649
1642
1643
1636
1632
1630
1635
1631
1630
1623
1624
1627
1630
1631
1630
1629
1634
1634
1632
1634
1635
1637
1635
1635
1634
1636
1631
1635
1635
1635
1632
1635
1635
1635
1640
1643
1642
1641
1641
1638
1641
1642
1641
1642
1642
1645
1685
1669
1662
1660
1657
1651
1651
1649
1645
1645
1642
1647
1645
1645
1643
1647
1649
1645
1642
1641
1648
1648
1649
1645
1641
1635
1631
1631
1629
1631
1634
1636
1635
1637
1638
1640
1634
1638
1642
1636
1642
1641
1641
1637
1641
1640
1638
1636
1640
1644
1641
1640
1636
1642
1636
1640
1640
1637
1632
1635
1635
1634
1624
1602
1573
1505
1461
1380
1326
1267
1260
1272
1350
1441
1516
1564
1593
1624
1641
1654
1661
1668
1677
1680
1679
1683
1686
1687
1688
1693
1692
1692
1683
1689
1689
1690
1689
1693
1695
1694
1695
1698
1698
1696
1699
1700
1699
1698
1698
1705
1701
1702
1699
1700
1699
1698
1696
1698
1694
1692
1688
1687
1685
1677
1674
1667
1667
1662
1659
1657
1649
1649
1644
1641
1636
1632
1635
1630
1630
1629
1627
1627
1630
1632
1631
1634
1631
1631
1631
1635
1631
1635
1629
1635
1634
1636
1631
1635
1635
1637
1640
1638
1642
1640
1641
1641
1640
1636
1636
1641
1640
1640
1642
1643
1643
1641
1641
1641
1643
1647
1645
1649
1645
1647
1644
1644
1643
1645
1648
1641
1641
1640
1645
1644
1641
1641
1635
1632
1631
1630
1624
1625
1630
1635
1635
1634
1634
1635
1634
1638
1641
1640
1635
1636
1638
1638
1635
1635
1631
1632
1635
1641
1640
1640
1636
1638
1636
1635
1635
1634
1636
1640
1640
1635
1635
1627
1621
1586
1546
1475
1411
1351
1305
1264
1269
1321
1393
1479
1537
1578
1605
1625
1642
1655
1667
1670
1675
1679
1677
1682
1683
1682
1687
1690
1687
1687
1687
1692
1688
1686
1693
1698
1693
1694
1698
1699
1698
1696
1696
1696
1700
1700
1701
1703
1702
1702
1698
1698
1699
1698
1677
1718
1707
1699
1694
1688
1683
1681
1681
1669
1667
1659
1657
1655
1654
1655
1642
1641
1635
1634
1629
1625
1624
1629
1629
1630
1627
1631
1634
1635
1635
1634
1631
1630
1632
1629
1638
1638
1637
1635
1640
1637
1636
1631
1636
1637
1636
1638
1637
1635
1636
1641
1641
1641
1640
1641
1641
1642
1645
1650
1654
1654
1656
1663
1659
1659
1653
1650
1653
1650
1654
1654
1651
1653
1653
1653
1650
1649
1648
1645
1647
1643
1643
1641
1638
1641
1640
1641
1638
1640
1636
1638
1636
1637
1636
1635
1635
1635
1635
1630
1634
1632
1631
1630
1622
1601
1564
1503
1463
1384
1327
1283
1273
1285
1359
1440
1507
1551
1583
1608
1631
1641
1649
1660
1664
1673
1670
1674
1675
1680
1683
1681
1681
1682
1685
1683
1686
1682
1683
1683
1688
1687
1692
1693
1696
1698
1699
1695
1700
1700
1695
1695
1700
1700
1694
1693
1698
1698
1693
1690
1692
1688
1687
1682
1680
1673
1670
1672
1668
1668
1659
1655
1651
1645
1647
1640
1638
1634
1632
1634
1630
1624
1629
1630
1631
1635
1631
1634
1627
1631
1631
1638
1628
1634
1631
1634
1634
1635
1637
1634
1632
1631
1642
1636
1635
1635
1638
1637
1635
1641
1636
1638
1640
1642
1641
1641
1642
1645
1645
1647
1643
1645
1645
1649
1650
1649
1645
1645
1648
1644
1645
1648
1643
1649
1645
1648
1643
1645
1645
1645
1647
1644
1644
1641
1643
1640
1642
1641
1642
1643
1637
1641
1640
1641
1640
1641
1641
1640
1640
1636
1642
1641
1641
1643
1638
1638
1636
1641
1638
1641
1640
1637
1634
1632
1630
1627
1624
1627
1631
1630
1631
1636
1636
1634
1635
1635
1642
1640
1640
1640
1638
1636
1635
1637
1638
1638
1635
1637
1631
1636
1638
1636
1642
1636
1636
1638
1641
1637
1630
1602
1603
1579
1535
1476
1438
1364
1325
1290
1285
1321
1397
1477
1535
1572
1605
1625
1642
1657
1664
1669
1677
1679
1679
1681
1689
1683
1683
1688
1688
1692
1688
1690
1693
1688
1690
1693
1692
1695
1698
1699
1698
1700
1700
1702
1701
1700
1703
1701
1699
1700
1706
1701
1700
1700
1696
1694
1693
1689
1694
1688
1683
1680
1680
1670
1669
1667
1662
1659
1656
1654
1649
1641
1641
1641
1635
1630
1631
1627
1629
1628
1630
1625
1630
1630
1634
1630
1631
1632
1631
1635
1636
1636
1635
1636
1631
1632
1632
1636
1632
1636
1638
1635
1638
1640
1636
1635
1641
1640
1640
1638
1643
1643
1642
1648
1649
1645
1645
1649
1650
1648
1649
1650
1649
1650
1649
1649
1649
1648
1649
1645
1644
1641
1645
1649
1645
1643
1642
1643
1640
1644
1642
1642
1640
1640
1645
1641
1643
1641
1636
1634
1630
1631
1624
1627
1627
1635
1632
1636
1635
1636
1636
1638
1635
1635
1631
1634
1635
1634
1638
1635
1636
1636
1634
1634
1635
1634
1630
1635
1634
1635
1634
1637
1635
1634
1632
1630
1619
1598
1572
1522
1469
1393
1353
1295
1262
1283
1351
1436
1508
1560
1593
1621
1638
1650
1659
1669
1673
1677
1674
1679
1676
1679
1679
1681
1688
1685
1687
1683
1685
1685
1687
1686
1695
1690
1688
1687
1694
1694
1694
1694
1698
1696
1694
1698
1698
1696
1696
1698
1698
1696
1693
1692
1688
1688
1687
1686
1679
1673
1669
1673
1669
1663
1657
1649
1648
1643
1644
1641
1637
1635
1634
1634
1630
1628
1627
1627
1625
1630
1629
1629
1625
1631
1635
1635
1635
1636
1636
1634
1631
1631
1627
1630
1635
1640
1636
1636
1640
1636
1632
1635
1636
1636
1622
1634
1641
1640
1636
1643
1641
1640
1641
1645
1643
1648
1650
1650
1655
1654
1655
1654
1648
1648
1645
1645
1642
1644
1649
1643
1643
1640
1642
1638
1643
1640
1640
1634
1635
1636
1631
1635
1632
1637
1637
1638
1632
1632
1630
1634
1630
1634
1630
1635
1634
1635
1635
1634
1630
1624
1617
1603
1572
1515
1469
1406
1346
1290
1267
1262
1318
1408
1490
1548
1577
1603
1624
1643
1650
1657
1659
1668
1670
1674
1674
1681
1679
1680
1683
1683
1681
1681
1683
1681
1680
1687
1686
1683
1687
1693
1693
1688
1689
1694
1695
1695
1696
1696
1693
1690
1693
1696
1694
1688
1690
1692
1687
1687
1683
1679
1673
1673
1668
1667
1657
1662
1659
1654
1649
1643
1637
1631
1631
1630
1630
1623
1622
1624
1624
1622
1623
1625
1625
1625
1631
1627
1629
1629
1630
1631
1631
1631
1624
1627
1627
1634
1631
1631
1631
1635
1632
1634
1631
1631
1636
1634
1635
1635
1635
1634
1641
1636
1640
1641
1640
1641
1642
1643
1643
1645
1640
1638
1640
1637
1636
1637
1638
1635
1641
1641
1641
1635
1631
1635
1631
1634
1635
1635
1632
1634
1631
1635
1631
1631
1628
1636
1635
1629
1630
1629
1630
1624
1624
1624
1627
1627
1630
1629
1625
1621
1622
1616
1621
1618
1624
1618
1624
1623
1631
1630
1628
1631
1632
1631
1630
1628
1625
1630
1630
1634
1627
1629
1629
1630
1627
1631
1625
1630
1629
1634
1631
1631
1630
1627
1625
1621
1606
1582
1546
1508
1450
1388
1313
1276
1245
1285
1357
1438
1515
1559
1592
1615
1634
1643
1655
1660
1663
1673
1670
1673
1680
1677
1677
1680
1680
1681
1679
1682
1683
1687
1685
1686
1688
1692
1692
1692
1687
1692
1694
1692
1690
1694
1693
1692
1673
1680
1683
1686
1692
1689
1688
1687
1686
1682
1681
1679
1679
1679
1679
1669
1669
1662
1657
1651
1643
1643
1636
1636
1630
1634
1624
1627
1622
1631
1627
1622
1618
1622
1622
1624
1623
1628
1625
1629
1624
1629
1624
1627
1627
1631
1627
1627
1627
1632
1628
1630
1630
1631
1630
1630
1631
1635
1637
1636
1635
1634
1641
1635
1638
1635
1638
1638
1636
1641
1640
1644
1641
1649
1643
1641
1643
1643
1643
1640
1641
1636
1641
1636
1640
1640
1636
1636
1634
1638
1634
1634
1630
1635
1631
1634
1631
1631
1630
1630
1625
1627
1622
1621
1621
1625
1630
1631
1631
1630
1630
1628
1631
1627
1629
1623
1630
1627
1632
1631
1631
1624
1630
1621
1627
1624
1623
1622
1630
1635
1629
1628
1627
1629
1625
1621
1615
1599
1564
1531
1479
1411
1346
1294
1262
1277
1340
1415
1489
1539
1573
1597
1621
1636
1647
1657
1661
1662
1666
1673
1670
1674
1672
1669
1673
1677
1676
1677
1675
1680
1676
1681
1679
1679
1679
1683
1681
1683
1690
1687
1688
1687
1688
1689
1687
1688
1688
1682
1683
1687
1690
1686
1683
1679
1677
1673
1669
1662
1664
1660
1659
1660
1649
1648
1641
1638
1635
1628
1622
1624
1618
1619
1619
1618
1615
1622
1618
1619
1617
1621
1621
1627
1622
1624
1621
1624
1617
1622
1619
1622
1622
1623
1627
1625
1622
1624
1622
1624
1627
1629
1625
1625
1630
1629
1630
1631
1631
1631
1630
1627
1631
1631
1635
1630
1635
1634
1638
1635
1638
1640
1642
1648
1644
1643
1641
1641
1640
1640
1641
1635
1632
1635
1635
1630
1631
1624
1630
1630
1629
1627
1630
1628
1631
1627
1625
1627
1629
1625
1627
1627
1630
1632
1630
1629
1630
1629
1623
1622
1622
1624
1622
1622
1559
1561
1563
1541
1498
1451
1389
1332
1286
1270
1292
1369
1449
1512
1554
1580
1605
1624
1635
1650
1655
1655
1660
1662
1666
1669
1673
1675
1676
1677
1679
1679
1677
1677
1681
1683
1682
1679
1682
1683
1683
1683
1687
1687
1688
1690
1693
1692
1693
1694
1688
1692
1694
1690
1692
1690
1689
1687
1683
1683
1680
1675
1674
1668
1663
1662
1650
1654
1650
1648
1636
1640
1632
1632
1629
1631
1628
1623
1622
1622
1627
1624
1624
1624
1624
1623
1624
1624
1625
1625
1630
1632
1631
1624
1630
1628
1629
1625
1628
1628
1627
1627
1631
1630
1628
1625
1632
1634
1630
1634
1630
1631
1634
1637
1638
1636
1636
1637
1636
1643
1641
1640
1641
1638
1640
1636
1640
1635
1634
1632
1635
1636
1631
1636
1630
1635
1628
1628
1630
1631
1630
1631
1632
1635
1631
1630
1631
1631
1630
1623
1625
1627
1634
1628
1627
1623
1630
1621
1622
1617
1617
1621
1624
1624
1625
1624
1627
1624
1629
1624
1630
1625
1629
1634
1632
1631
1629
1625
1624
1628
1625
1628
1621
1622
1625
1629
1628
1624
1623
1625
1623
1622
1617
1617
1602
1573
1530
1473
1409
1338
1286
1247
1249
1283
1370
1461
1532
1570
1602
1622
1635
1649
1660
1662
1669
1670
1669
1669
1674
1676
1675
1680
1683
1680
1679
1679
1677
1679
1681
1680
1679
1687
1687
1690
1689
1695
1693
1692
1688
1687
1689
1692
1692
1692
1688
1690
1693
1690
1687
1683
1688
1683
1681
1677
1673
1674
1672
1668
1663
1657
1651
1644
1642
1643
1635
1632
1630
1631
1634
1625
1621
1622
1621
1622
1616
1624
1621
1625
1627
1631
1627
1630
1629
1631
1631
1631
1628
1629
1625
1631
1631
1631
1634
1634
1631
1630
1635
1636
1610
1615
1623
1630
1631
1635
1638
1640
1638
1641
1641
1637
1641
1645
1645
1642
1642
1641
1644
1638
1644
1643
1642
1645
1643
1644
1643
1643
1638
1643
1638
1637
1636
1636
1631
1631
1635
1630
1629
1625
1632
1629
1635
1635
1636
1632
1632
1635
1636
1632
1634
1634
1637
1638
1636
1635
1635
1638
1636
1641
1635
1638
1635
1640
1636
1636
1631
1634
1636
1632
1629
1625
1629
1621
1605
1577
1530
1470
1408
1343
1301
1260
1257
1321
1403
1488
1541
1577
1603
1627
1640
1654
1659
1668
1672
1673
1677
1680
1680
1682
1681
1681
1680
1683
1686
1683
1682
1689
1688
1685
1688
1690
1688
1688
1694
1695
1692
1692
1696
1698
1696
1692
1698
1693
1693
1694
1696
1695
1694
1693
1692
1688
1680
1679
1676
1673
1669
1660
1660
1660
1653
1655
1648
1644
1635
1634
1631
1630
1627
1622
1622
1622
1624
1624
1623
1624
1622
1628
1625
1624
1627
1627
1625
1629
1630
1634
1631
1632
1635
1635
1631
1630
1630
1629
1631
1631
1629
1629
1634
1634
1635
1636
1636
1641
1635
1638
1637
1637
1635
1640
1644
1645
1643
1643
1643
1643
1641
1643
1642
1642
1640
1643
1643
1640
1636
1636
1635
1632
1640
1635
1632
1631
1634
1634
1634
1630
1635
1636
1635
1638
1635
1637
1632
1634
1631
1635
1630
1631
1630
1630
1632
1630
1634
1627
1631
1630
1635
1629
1632
1628
1632
1631
1631
1629
1630
1629
1631
1629
1627
1624
1630
1617
1593
1556
1506
1450
1380
1340
1300
1270
1281
1359
1443
1512
1557
1586
1611
1632
1645
1659
1662
1666
1673
1673
1676
1677
1675
1677
1679
1679
1683
1685
1685
1682
1680
1690
1694
1689
1687
1692
1694
1694
1692
1693
1694
1695
1695
1696
1695
1695
1698
1700
1696
1698
1699
1690
1659
1667
1672
1674
1676
1673
1674
1672
1672
1668
1657
1659
1659
1650
1645
1638
1641
1636
1632
1625
1630
1625
1627
1623
1634
1630
1629
1629
1631
1628
1631
1627
1630
1627
1635
1631
1634
1630
1632
1631
1631
1634
1631
1634
1631
1635
1638
1638
1631
1635
1636
1640
1640
1637
1638
1638
1643
1641
1649
1641
1642
1644
1645
1648
1643
1643
1643
1650
1650
1649
1648
1645
1645
1642
1642
1641
1640
1640
1640
1641
1641
1641
1635
1638
1634
1636
1632
1631
1631
1630
1625
1624
1621
1622
1624
1627
1632
1631
1631
1629
1634
1628
1632
1629
1631
1628
1627
1630
1631
1628
1630
1631
1631
1627
1632
1631
1627
1635
1632
1635
1630
1630
1631
1630
1627
1627
1614
1596
1552
1513
1453
1385
1324
1280
1257
1292
1365
1436
1511
1558
1589
1611
1623
1638
1653
1656
1664
1669
1675
1673
1677
1679
1679
1680
1679
1679
1679
1681
1683
1681
1683
1686
1687
1688
1688
1688
1692
1693
1692
1694
1698
1692
1693
1696
1695
1692
1693
1696
1690
1690
1693
1694
1688
1688
1687
1683
1679
1674
1669
1673
1668
1660
1656
1654
1648
1643
1643
1634
1631
1631
1630
1629
1624
1624
1623
1625
1625
1624
1623
1622
1623
1627
1627
1627
1622
1627
1630
1631
1627
1631
1629
1628
1627
1631
1629
1627
1627
1630
1630
1634
1636
1635
1635
1632
1636
1628
1636
1634
1634
1638
1637
1645
1644
1645
1643
1641
1638
1636
1641
1641
1643
1643
1642
1642
1641
1641
1645
1644
1643
1643
1641
1637
1641
1636
1641
1641
1641
1638
1637
1628
1627
1624
1629
1627
1630
1631
1632
1634
1636
1636
1632
1638
1635
1641
1635
1636
1635
1637
1636
1641
1640
1634
1635
1636
1638
1631
1635
1630
1619
1634
1641
1641
1641
1635
1631
1621
1602
1546
1507
1448
1386
1340
1288
1270
1295
1370
1459
1530
1571
1598
1623
1643
1655
1662
1668
1672
1679
1680
1682
1683
1683
1686
1688
1683
1687
1687
1685
1683
1687
1690
1689
1689
1694
1695
1693
1695
1696
1698
1695
1696
1700
1695
1693
1698
1699
1698
1694
1696
1698
1695
1692
1692
1688
1683
1680
1679
1676
1673
1668
1662
1660
1657
1651
1650
1643
1643
1636
1634
1623
1631
1623
1625
1623
1625
1622
1625
1622
1627
1625
1628
1623
1628
1629
1631
1629
1630
1630
1627
1627
1631
1630
1630
1631
1634
1634
1631
1629
1629
1630
1627
1636
1634
1631
1630
1640
1638
1640
1641
1643
1650
1645
1644
1643
1644
1645
1644
1645
1643
1647
1641
1640
1641
1640
1641
1631
1635
1632
1635
1631
1635
1632
1631
1631
1636
1638
1635
1632
1634
1630
1625
1627
1629
1629
1624
1628
1629
1625
1622
1625
1629
1629
1618
1611
1586
1544
1494
1443
1371
1319
1260
1242
1275
1350
1442
1512
1551
1583
1610
1623
1636
1645
1656
1662
1667
1668
1673
1672
1679
1677
1673
1674
1674
1681
1680
1677
1675
1680
1682
1679
1681
1680
1687
1687
1687
1688
1692
1686
1687
1688
1692
1693
1692
1689
1690
1688
1690
1694
1687
1680
1681
1683
1675
1669
1664
1662
1659
1654
1653
1650
1642
1643
1638
1640
1634
1635
1623
1627
1621
1623
1619
1619
1618
1624
1623
1623
1622
1627
1627
1625
1622
1624
1624
1625
1627
1630
1627
1630
1628
1630
1630
1631
1630
1630
1634
1632
1635
1632
1630
1630
1635
1631
1636
1631
1634
1636
1642
1641
1640
1640
1638
1641
1637
1640
1636
1632
1634
1636
1638
1640
1640
1636
1636
1635
1635
1632
1634
1634
1631
1635
1629
1627
1630
1631
1634
1635
1631
1632
1631
1635
1631
1631
1624
1630
1627
1631
1627
1627
1625
1624
1627
1622
1617
1624
1619
1624
1623
1630
1621
1625
1624
1629
1629
1630
1629
1629
1630
1634
1627
1629
1627
1631
1629
1631
1627
1630
1624
1631
1634
1632
1630
1630
1627
1625
1621
1612
1586
1530
1495
1431
1370
1309
1264
1247
1274
1351
1443
1509
1553
1586
1611
1632
1641
1650
1659
1662
1669
1673
1677
1674
1676
1677
1679
1680
1676
1674
1674
1677
1679
1679
1677
1680
1683
1688
1688
1686
1687
1688
1688
1683
1688
1688
1687
1689
1690
1688
1683
1683
1688
1687
1687
1683
1679
1679
1675
1669
1667
1662
1661
1660
1660
1655
1648
1641
1636
1635
1634
1628
1624
1618
1621
1612
1616
1615
1611
1616
1614
1617
1618
1619
1618
1617
1621
1622
1619
1617
1614
1618
1616
1622
1621
1623
1619
1624
1621
1622
1621
1621
1622
1624
1624
1625
1624
1624
1631
1631
1630
1631
1632
1634
1635
1635
1635
1631
1637
1635
1638
1637
1638
1635
1636
1635
1635
1632
1630
1634
1632
1635
1635
1631
1631
1632
1629
1630
1627
1622
1619
1621
1623
1624
1623
1624
1625
1623
1624
1622
1625
1624
1624
1627
1630
1625
1627
1624
1624
1624
1628
1625
1622
1622
1625
1630
1628
1628
1625
1625
1627
1624
1624
1621
1616
1610
1597
1551
1506
1451
1390
1333
1283
1256
1283
1343
1422
1496
1546
1573
1599
1622
1636
1645
1654
1661
1662
1667
1669
1673
1668
1673
1673
1673
1670
1674
1670
1673
1675
1676
1681
1680
1679
1683
1685
1685
1681
1681
1687
1683
1687
1690
1688
1689
1692
1693
1693
1688
1689
1685
1682
1686
1680
1674
1675
1673
1669
1668
1662
1655
1656
1650
1649
1642
1629
1694
1672
1650
1641
1632
1630
1621
1627
1622
1623
1624
1623
1623
1627
1621
1623
1621
1621
1619
1622
1622
1624
1622
1623
1625
1625
1624
1624
1625
1630
1627
1630
1627
1625
1624
1634
1630
1630
1629
1635
1635
1635
1636
1637
1641
1638
1640
1636
1641
1632
1640
1638
1638
1640
1640
1638
1640
1640
1640
1636
1632
1631
1631
1631
1630
1630
1627
1627
1625
1630
1627
1628
1624
1630
1627
1628
1627
1628
1630
1629
1630
1628
1630
1627
1630
1630
1627
1624
1625
1623
1624
1624
1627
1625
1627
1630
1631
1627
1624
1624
1625
1627
1622
1622
1617
1597
1557
1501
1449
1388
1326
1289
1272
1289
1371
1445
1513
1554
1589
1608
1625
1634
1649
1657
1661
1667
1673
1667
1667
1674
1674
1667
1669
1673
1673
1677
1676
1675
1675
1681
1679
1682
1682
1686
1683
1682
1687
1686
1683
1687
1687
1688
1692
1688
1686
1687
1685
1683
1679
1681
1682
1679
1674
1674
1673
1666
1668
1662
1659
1653
1649
1643
1641
1640
1635
1629
1618
1618
1618
1619
1617
1617
1619
1619
1619
1621
1618
1622
1622
1622
1622
1622
1621
1624
1622
1622
1622
1624
1621
1622
1617
1623
1621
1622
1622
1629
1622
1624
1622
1623
1624
1629
1631
1634
1631
1630
1634
1631
1634
1631
1631
1631
1636
1636
1636
1635
1636
1638
1637
1634
1632
1643
1638
1641
1638
1638
1632
1631
1632
1630
1634
1628
1635
1634
1638
1630
1636
1621
1622
1616
1627
1622
1623
1624
1630
1627
1628
1630
1628
1627
1630
1630
1631
1630
1627
1629
1627
1630
1629
1630
1629
1631
1630
1630
1629
1629
1629
1632
1625
1628
1630
1627
1622
1621
1608
1574
1532
1488
1427
1359
1301
1267
1259
1313
1403
1486
1545
1574
1602
1627
1622
1640
1649
1657
1662
1673
1677
1676
1670
1672
1674
1679
1677
1677
1677
1683
1686
1683
1686
1683
1682
1683
1688
1686
1688
1688
1689
1692
1692
1690
1687
1694
1695
1694
1692
1694
1693
1692
1686
1689
1686
1681
1680
1676
1676
1676
1669
1663
1664
1655
1659
1649
1645
1641
1635
1635
1635
1630
1625
1629
1625
1623
1621
1621
1622
1623
1627
1629
1625
1624
1622
1625
1627
1630
1630
1627
1627
1630
1627
1630
1627
1629
1630
1634
1627
1634
1630
1632
1635
1632
1631
1630
1631
1631
1636
1636
1632
1635
1636
1636
1640
1640
1640
1641
1640
1640
1636
1634
1634
1635
1635
1636
1637
1630
1631
1635
1640
1638
1640
1635
1631
1628
1624
1622
1621
1621
1621
1622
1623
1628
1629
1627
1625
1624
1624
1625
1623
1628
1631
1634
1630
1631
1627
1630
1627
1630
1627
1630
1630
1631
1630
1624
1624
1623
1625
1627
1625
1622
1621
1616
1591
1550
1506
1432
1367
1312
1264
1256
1280
1360
1447
1522
1564
1593
1616
1634
1642
1647
1655
1666
1666
1668
1669
1669
1670
1674
1674
1677
1677
1677
1677
1679
1675
1680
1680
1679
1679
1682
1686
1689
1683
1686
1687
1685
1685
1690
1688
1687
1688
1692
1688
1683
1680
1679
1679
1676
1679
1674
1670
1673
1673
1668
1661
1653
1650
1643
1641
1640
1636
1631
1630
1629
1629
1617
1621
1621
1622
1622
1623
1619
1622
1614
1619
1616
1625
1627
1625
1622
1627
1623
1627
1622
1623
1621
1627
1624
1625
1621
1630
1630
1632
1630
1628
1627
1629
1630
1632
1635
1634
1631
1630
1635
1634
1636
1635
1636
1637
1644
1640
1635
1638
1641
1644
1642
1641
1640
1641
1638
1634
1635
1634
1634
1634
1635
1632
1635
1630
1635
1635
1638
1612
1621
1621
1623
1629
1630
1630
1629
1629
1630
1630
1628
1625
1629
1630
1629
1627
1625
1629
1630
1631
1635
1636
1630
1629
1627
1632
1634
1630
1630
1629
1624
1625
1621
1598
1567
1515
1474
1409
1347
1290
1264
1261
1335
1412
1489
1537
1573
1603
1624
1643
1653
1660
1663
1668
1670
1672
1673
1670
1679
1679
1680
1679
1679
1674
1681
1686
1683
1681
1681
1688
1688
1687
1685
1688
1692
1692
1688
1690
1688
1692
1692
1692
1696
1690
1687
1688
1687
1687
1685
1683
1679
1679
1681
1677
1673
1670
1663
1659
1654
1648
1642
1636
1640
1634
1631
1628
1627
1623
1622
1617
1622
1621
1622
1622
1624
1622
1624
1621
1624
1622
1624
1624
1624
1625
1627
1630
1627
1621
1622
1623
1624
1622
1622
1622
1627
1625
1627
1627
1632
1631
1631
1631
1635
1635
1630
1631
1631
1632
1640
1636
1636
1641
1643
1641
1645
1640
1640
1636
1640
1640
1635
1635
1636
1638
1634
1635
1630
1631
1632
1634
1631
1636
1631
1627
1623
1625
1619
1621
1621
1624
1623
1630
1631
1627
1625
1624
1629
1627
1627
1630
1631
1625
1629
1630
1630
1629
1634
1624
1627
1624
1624
1627
1629
1625
1623
1623
1624
1625
1624
1625
1621
1605
1579
1537
1490
1429
1370
1316
1272
1270
1318
1385
1470
1530
1570
1597
1621
1636
1644
1650
1660
1667
1673
1673
1672
1674
1679
1680
1679
1676
1677
1681
1681
1682
1683
1683
1686
1683
1686
1683
1687
1686
1688
1695
1695
1692
1692
1693
1694
1692
1694
1688
1690
1688
1693
1693
1690
1686
1689
1683
1679
1675
1672
1669
1667
1662
1659
1653
1649
1649
1645
1638
1634
1630
1627
1629
1624
1625
1622
1622
1624
1629
1625
1625
1629
1631
1627
1630
1625
1611
1630
1631
1630
1636
1631
1630
1627
1630
1623
1630
1630
1630
1630
1629
1635
1631
1632
1631
1638
1632
1637
1635
1635
1634
1641
1641
1641
1642
1637
1642
1641
1643
1641
1642
1640
1642
1648
1643
1645
1641
1643
1641
1643
1647
1641
1642
1641
1648
1641
1641
1636
1631
1634
1630
1629
1630
1631
1631
1638
1630
1635
1627
1635
1631
1635
1630
1634
1632
1641
1636
1636
1635
1631
1631
1630
1630
1630
1634
1631
1635
1635
1637
1635
1634
1630
1630
1627
1623
1619
1604
1572
1518
1472
1402
1351
1293
1290
1292
1356
1438
1512
1560
1589
1611
1638
1644
1654
1660
1664
1670
1674
1677
1676
1679
1681
1676
1677
1680
1683
1683
1682
1680
1683
1685
1685
1689
1693
1692
1694
1694
1694
1690
1688
1688
1692
1692
1695
1696
1692
1695
1696
1695
1688
1688
1688
1683
1679
1677
1675
1676
1674
1667
1664
1655
1649
1648
1645
1644
1640
1632
1627
1630
1622
1629
1618
1623
1621
1625
1623
1625
1622
1624
1624
1624
1628
1630
1625
1627
1631
1629
1629
1624
1629
1630
1634
1631
1638
1631
1631
1631
1634
1630
1630
1631
1635
1635
1632
1634
1634
1634
1636
1643
1641
1642
1642
1643
1645
1648
1643
1649
1648
1649
1647
1645
1644
1641
1645
1642
1640
1640
1640
1641
1636
1636
1635
1632
1630
1632
1635
1636
1634
1635
1634
1631
1635
1634
1632
1630
1634
1635
1637
1631
1631
1636
1623
1625
1621
1589
1544
1501
1449
1378
1322
1270
1251
1275
1356
1447
1513
1557
1584
1606
1629
1642
1649
1660
1663
1669
1673
1679
1676
1679
1679
1681
1680
1680
1681
1683
1688
1688
1689
1687
1689
1688
1693
1695
1696
1696
1698
1698
1696
1695
1694
1698
1699
1702
1700
1699
1700
1698
1738
1724
1711
1706
1698
1692
1686
1681
1669
1673
1664
1664
1654
1649
1645
1641
1637
1637
1638
1630
1630
1630
1634
1630
1631
1630
1631
1631
1631
1635
1631
1631
1635
1635
1636
1632
1635
1636
1635
1638
1637
1640
1636
1640
1640
1638
1641
1636
1641
1641
1648
1640
1640
1641
1643
1642
1644
1644
1643
1647
1644
1648
1643
1643
1644
1643
1647
1642
1647
1642
1648
1649
1647
1647
1643
1645
1645
1643
1642
1640
1637
1636
1643
1640
1641
1636
1638
1637
1640
1638
1640
1638
1635
1641
1643
1638
1634
1635
1631
1636
1634
1635
1634
1627
1627
1623
1622
1621
1625
1624
1627
1628
1631
1627
1631
1629
1632
1634
1635
1634
1635
1632
1634
1636
1627
1630
1630
1636
1630
1631
1631
1636
1631
1632
1627
1622
1619
1625
1631
1630
1627
1612
1585
1538
1489
1418
1345
1279
1251
1242
1288
1376
1461
1527
1567
1603
1624
1636
1650
1662
1668
1672
1673
1674
1675
1682
1679
1679
1679
1685
1682
1688
1688
1689
1687
1688
1687
1687
1688
1688
1690
1692
1690
1692
1696
1695
1695
1696
1698
1698
1694
1693
1693
1692
1692
1693
1689
1683
1687
1681
1676
1677
1672
1669
1667
1667
1660
1655
1649
1649
1643
1641
1635
1631
1631
1624
1630
1627
1624
1621
1624
1622
1624
1619
1627
1627
1625
1628
1630
1623
1627
1628
1629
1630
1629
1628
1630
1630
1629
1629
1629
1627
1631
1635
1631
1636
1631
1636
1631
1634
1638
1640
1637
1641
1643
1640
1640
1642
1649
1649
1649
1645
1645
1645
1642
1650
1649
1644
1644
1643
1645
1643
1648
1641
1643
1641
1643
1649
1645
1645
1640
1642
1636
1635
1630
1631
1629
1632
1635
1638
1636
1638
1640
1638
1636
1635
1635
1631
1637
1634
1630
1640
1644
1641
1641
1636
1638
1635
1634
1632
1635
1636
1634
1632
1638
1640
1635
1635
1631
1622
1597
1570
1521
1470
1404
1347
1300
1275
1276
1351
1427
1502
1550
1588
1611
1631
1650
1660
1663
1668
1669
1674
1679
1681
1682
1682
1687
1682
1683
1687
1688
1687
1688
1692
1689
1692
1692
1688
1689
1695
1695
1693
1693
1694
1698
1698
1700
1698
1698
1694
1694
1693
1694
1695
1694
1693
1688
1692
1686
1680
1677
1670
1670
1664
1662
1659
1650
1645
1642
1641
1634
1635
1631
1631
1627
1628
1623
1630
1624
1631
1629
1627
1624
1628
1627
1627
1627
1627
1630
1630
1630
1625
1630
1627
1631
1631
1631
1629
1631
1631
1635
1631
1635
1635
1635
1635
1636
1638
1632
1635
1635
1637
1635
1635
1638
1637
1640
1641
1645
1642
1645
1649
1650
1657
1653
1648
1648
1644
1647
1645
1640
1642
1642
1638
1640
1642
1635
1638
1634
1636
1630
1636
1631
1634
1630
1635
1635
1635
1636
1632
1635
1634
1635
1631
1631
1629
1632
1631
1634
1631
1631
1630
1624
1624
1612
1588
1556
1515
1463
1392
1333
1274
1267
1294
1370
1447
1508
1550
1584
1606
1628
1640
1648
1654
1659
1661
1669
1669
1673
1677
1680
1677
1675
1677
1681
1679
1681
1679
1683
1686
1687
1689
1686
1688
1689
1689
1692
1690
1692
1693
1693
1696
1694
1693
1693
1693
1694
1693
1695
1689
1688
1683
1686
1681
1676
1672
1668
1668
1664
1660
1654
1653
1644
1645
1638
1635
1630
1635
1625
1635
1627
1629
1624
1625
1623
1631
1630
1631
1628
1632
1631
1630
1632
1627
1631
1629
1632
1628
1631
1631
1636
1635
1638
1631
1638
1631
1635
1635
1641
1640
1636
1640
1641
1641
1636
1640
1642
1642
1645
1640
1700
1676
1668
1660
1655
1650
1649
1653
1649
1650
1649
1643
1645
1641
1648
1647
1644
1640
1640
1643
1638
1644
1640
1640
1641
1641
1641
1641
1640
1641
1641
1643
1643
1636
1641
1636
1640
1634
1636
1637
1640
1640
1638
1632
1627
1627
1623
1629
1627
1630
1630
1641
1640
1641
1636
1635
1634
1635
1635
1637
1637
1632
1635
1635
1638
1635
1635
1635
1637
1637
1640
1636
1635
1635
1634
1634
1631
1631
1627
1631
1621
1603
1570
1503
1451
1380
1322
1264
1253
1281
1360
1449
1518
1565
1595
1621
1642
1653
1662
1669
1673
1674
1679
1679
1679
1679
1680
1680
1687
1688
1687
1687
1689
1689
1689
1688
1689
1693
1692
1695
1694
1694
1696
1699
1698
1700
1702
1700
1696
1700
1705
1699
1696
1690
1693
1692
1690
1688
1690
1682
1681
1683
1677
1675
1669
1664
1664
1659
1653
1649
1645
1641
1637
1637
1631
1631
1631
1630
1631
1627
1627
1630
1630
1630
1631
1631
1636
1631
1635
1635
1636
1631
1631
1632
1636
1636
1635
1638
1631
1640
1637
1643
1640
1638
1640
1641
1644
1642
1641
1641
1645
1649
1644
1642
1641
1643
1647
1643
1648
1648
1650
1649
1649
1647
1645
1649
1648
1649
1649
1643
1649
1643
1645
1650
1645
1645
1644
1649
1644
1642
1642
1641
1648
1642
1643
1637
1634
1630
1634
1631
1629
1631
1634
1641
1638
1640
1638
1638
1635
1636
1637
1638
1641
1637
1644
1641
1645
1643
1640
1637
1636
1636
1634
1635
1634
1640
1637
1645
1638
1640
1641
1632
1631
1630
1612
1582
1532
1470
1409
1348
1299
1260
1251
1326
1408
1496
1547
1584
1617
1638
1654
1667
1666
1677
1685
1687
1688
1688
1688
1692
1689
1692
1692
1692
1688
1694
1696
1693
1698
1698
1700
1681
1690
1693
1698
1698
1700
1698
1694
1698
1701
1702
1705
1702
1703
1702
1702
1700
1701
1698
1693
1687
1690
1688
1687
1681
1674
1672
1669
1664
1662
1655
1650
1649
1648
1643
1638
1636
1634
1631
1629
1631
1627
1630
1632
1641
1638
1641
1640
1640
1636
1636
1635
1636
1636
1634
1636
1636
1638
1637
1640
1641
1641
1641
1641
1640
1638
1642
1641
1642
1643
1642
1650
1645
1650
1650
1649
1649
1648
1650
1645
1649
1649
1650
1649
1649
1648
1645
1649
1645
1645
1647
1645
1649
1650
1650
1649
1645
1645
1643
1643
1643
1645
1642
1640
1641
1641
1641
1637
1643
1635
1636
1638
1641
1638
1641
1640
1640
1641
1635
1638
1635
1635
1636
1635
1635
1635
1636
1635
1638
1635
1634
1634
1631
1631
1631
1630
1624
1625
1614
1585
1538
1500
1441
1364
1313
1280
1253
1290
1370
1454
1518
1556
1591
1612
1636
1650
1659
1662
1666
1673
1677
1676
1675
1677
1683
1686
1683
1687
1689
1682
1686
1688
1692
1692
1687
1694
1698
1692
1692
1696
1698
1692
1690
1694
1693
1690
1698
1699
1703
1699
1696
1692
1688
1690
1688
1688
1681
1679
1679
1676
1668
1664
1662
1656
1655
1654
1651
1644
1643
1640
1637
1632
1631
1624
1623
1625
1627
1627
1623
1629
1627
1631
1630
1630
1629
1630
1627
1630
1630
1630
1628
1629
1631
1634
1631
1631
1631
1630
1632
1631
1631
1629
1637
1632
1636
1636
1640
1641
1641
1643
1642
1641
1641
1641
1650
1645
1648
1643
1645
1643
1643
1645
1643
1640
1640
1648
1642
1641
1643
1641
1641
1637
1641
1640
1640
1638
1641
1645
1642
1640
1635
1636
1635
1637
1634
1636
1630
1630
1630
1630
1625
1630
1632
1631
1629
1631
1631
1630
1630
1634
1636
1635
1634
1632
1636
1635
1637
1632
1636
1631
1630
1630
1628
1630
1632
1631
1632
1635
1632
1630
1630
1631
1630
1625
1608
1583
1553
1499
1430
1369
1314
1279
1270
1315
1392
1464
1527
1570
1597
1622
1641
1650
1660
1664
1668
1673
1674
1673
1679
1682
1681
1685
1687
1686
1680
1687
1687
1683
1687
1692
1688
1688
1687
1692
1692
1689
1695
1700
1696
1692
1696
1698
1694
1694
1698
1696
1699
1692
1696
1692
1688
1687
1692
1682
1677
1674
1666
1664
1662
1660
1659
1649
1649
1645
1641
1638
1634
1631
1630
1625
1623
1621
1622
1622
1628
1627
1628
1625
1629
1629
1630
1630
1627
1627
1629
1630
1627
1629
1623
1628
1630
1631
1630
1635
1627
1630
1631
1631
1629
1629
1631
1632
1635
1634
1635
1630
1636
1637
1635
1636
1635
1641
1640
1643
1640
1641
1638
1636
1641
1641
1641
1640
1640
1641
1640
1636
1632
1636
1635
1636
1635
1641
1632
1636
1632
1636
1629
1632
1632
1630
1629
1627
1630
1624
1623
1621
1624
1622
1624
1623
1630
1630
1630
1627
1630
1627
1629
1628
1631
1629
1630
1630
1631
1635
1631
1631
1629
1629
1630
1631
1624
1629
1627
1627
1625
1623
1622
1622
1611
1591
1560
1511
1450
1388
1332
1286
1257
1298
1373
1455
1518
1563
1593
1621
1635
1645
1650
1656
1661
1667
1670
1669
1673
1679
1676
1680
1683
1681
1679
1676
1680
1679
1685
1685
1683
1686
1688
1683
1685
1683
1687
1688
1688
1689
1694
1692
1690
1693
1695
1696
1688
1688
1690
1690
1685
1686
1679
1680
1677
1679
1669
1666
1659
1660
1654
1647
1642
1637
1634
1635
1634
1631
1631
1627
1624
1623
1622
1619
1621
1622
1622
1624
1627
1627
1629
1625
1630
1629
1629
1630
1551
1554
1585
1597
1612
1616
1622
1623
1630
1629
1627
1631
1631
1631
1635
1635
1631
1640
1636
1637
1638
1640
1638
1640
1641
1641
1641
1636
1640
1641
1643
1644
1642
1643
1642
1642
1644
1644
1648
1644
1649
1649
1650
1642
1642
1640
1641
1640
1641
1637
1638
1636
1636
1641
1636
1637
1635
1636
1635
1635
1634
1630
1630
1631
1636
1631
1631
1631
1635
1630
1630
1630
1630
1630
1635
1631
1631
1624
1629
1624
1623
1601
1570
1530
1481
1414
1335
1288
1244
1264
1340
1428
1503
1546
1584
1608
1630
1647
1657
1660
1664
1667
1669
1677
1677
1675
1677
1679
1680
1681
1681
1679
1681
1683
1681
1682
1692
1692
1692
1689
1695
1690
1692
1696
1696
1695
1693
1695
1696
1695
1693
1692
1690
1688
1695
1689
1688
1690
1687
1681
1679
1674
1669
1668
1663
1662
1659
1654
1643
1641
1641
1632
1635
1631
1631
1625
1627
1625
1629
1623
1625
1628
1631
1631
1631
1628
1631
1631
1635
1635
1631
1627
1632
1638
1630
1631
1631
1636
1631
1635
1636
1631
1631
1632
1638
1635
1635
1635
1638
1638
1640
1641
1638
1640
1641
1640
1643
1640
1641
1640
1643
1640
1643
1641
1638
1640
1641
1642
1640
1638
1640
1640
1640
1642
1642
1642
1640
1640
1641
1635
1632
1634
1637
1631
1631
1631
1629
1624
1627
1629
1631
1631
1631
1635
1634
1632
1632
1632
1629
1632
1635
1636
1635
1635
1638
1637
1636
1631
1634
1631
1634
1634
1634
1629
1631
1630
1636
1636
1635
1635
1631
1630
1624
1608
1573
1521
1470
1414
1350
1309
1263
1266
1318
1402
1492
1544
1583
1611
1634
1647
1660
1664
1669
1677
1674
1679
1683
1687
1685
1688
1694
1690
1688
1687
1689
1688
1688
1695
1654
1664
1680
1687
1689
1689
1693
1698
1700
1698
1696
1700
1698
1698
1699
1700
1698
1702
1700
1698
1696
1690
1687
1686
1681
1680
1680
1673
1668
1663
1661
1660
1655
1649
1645
1643
1641
1636
1634
1635
1636
1631
1631
1631
1631
1624
1631
1631
1631
1630
1631
1636
1640
1637
1636
1638
1635
1635
1636
1638
1632
1635
1638
1641
1636
1637
1638
1636
1636
1635
1640
1636
1641
1640
1645
1643
1648
1641
1641
1645
1642
1647
1645
1648
1647
1643
1649
1645
1645
1644
1649
1650
1650
1651
1642
1643
1641
1643
1640
1643
1640
1640
1638
1634
1635
1630
1635
1631
1631
1630
1632
1632
1630
1631
1632
1635
1634
1635
1635
1641
1635
1640
1635
1636
1634
1636
1636
1635
1636
1632
1635
1634
1634
1630
1634
1630
1631
1631
1627
1624
1617
1589
1554
1500
1443
1374
1314
1289
1274
1308
1378
1456
1524
1567
1592
1617
1632
1649
1659
1662
1668
1669
1673
1682
1681
1680
1680
1681
1685
1682
1682
1683
1681
1681
1685
1688
1688
1688
1687
1683
1690
1690
1692
1694
1694
1694
1693
1695
1689
1692
1693
1695
1694
1688
1693
1688
1687
1687
1681
1676
1674
1669
1664
1668
1666
1660
1659
1650
1651
1641
1638
1631
1631
1629
1627
1624
1625
1624
1628
1624
1631
1625
1624
1624
1627
1625
1627
1628
1627
1627
1630
1631
1629
1627
1628
1630
1635
1630
1630
1630
1630
1631
1630
1635
1632
1632
1636
1638
1640
1634
1635
1635
1634
1636
1636
1641
1642
1644
1642
1645
1647
1645
1644
1645
1643
1643
1643
1648
1645
1644
1642
1643
1641
1641
1636
1638
1636
1637
1635
1643
1638
1634
1632
1631
1630
1634
1636
1635
1636
1636
1636
1638
1636
1634
1636
1636
1636
1635
1634
1635
1621
1631
1631
1635
1631
1632
1636
1641
1636
1636
1632
1630
1631
1631
1635
1635
1631
1631
1631
1627
1610
1574
1537
1492
1431
1370
1309
1283
1293
1348
1422
1496
1547
1583
1611
1629
1643
1654
1660
1666
1673
1676
1675
1679
1681
1677
1679
1683
1680
1680
1683
1690
1689
1687
1689
1692
1692
1690
1689
1689
1692
1695
1692
1695
1693
1693
1696
1694
1696
1698
1699
1693
1692
1692
1692
1690
1685
1683
1680
1685
1677
1673
1667
1664
1660
1659
1654
1650
1642
1640
1635
1631
1629
1625
1625
1627
1629
1625
1622
1624
1623
1627
1623
1624
1625
1628
1624
1631
1631
1632
1632
1631
1631
1630
1627
1627
1630
1628
1630
1630
1631
1632
1632
1635
1634
1632
1631
1636
1632
1635
1635
1634
1636
1640
1641
1638
1638
1638
1643
1643
1645
1643
1640
1638
1636
1641
1641
1643
1640
1640
1641
1638
1641
1640
1640
1636
1641
1641
1635
1631
1630
1627
1623
1624
1625
1631
1630
1636
1636
1640
1631
1635
1632
1632
1632
1630
1634
1631
1635
1631
1635
1631
1631
1630
1631
1631
1635
1634
1632
1635
1630
1631
1629
1628
1627
1629
1616
1597
1570
1518
1473
1396
1343
1283
1263
1287
1358
1435
1507
1557
1583
1617
1632
1643
1650
1660
1667
1672
1673
1669
1673
1679
1677
1679
1680
1681
1679
1681
1681
1681
1681
1683
1686
1687
1688
1693
1687
1692
1694
1698
1696
1694
1693
1696
1694
1696
1693
1696
1696
1695
1693
1693
1687
1685
1683
1679
1677
1675
1673
1672
1669
1662
1659
1650
1647
1643
1640
1636
1637
1632
1632
1631
1627
1629
1622
1624
1622
1624
1624
1627
1627
1631
1630
1634
1631
1631
1632
1634
1631
1634
1632
1637
1635
1632
1636
1635
1636
1630
1635
1634
1636
1541
1571
1592
1612
1618
1631
1634
1635
1640
1642
1645
1643
1641
1645
1641
1643
1644
1649
1649
1645
1645
1644
1644
1641
1649
1645
1650
1649
1644
1642
1642
1643
1644
1641
1640
1642
1636
1636
1635
1631
1635
1631
1640
1641
1640
1638
1640
1638
1640
1640
1637
1641
1641
1642
1643
1649
1641
1641
1640
1642
1643
1636
1641
1638
1640
1640
1643
1641
1640
1643
1642
1641
1636
1630
1611
1565
1525
1464
1389
1327
1275
1264
1289
1365
1451
1526
1572
1602
1631
1644
1655
1669
1677
1679
1680
1682
1687
1693
1693
1690
1695
1693
1695
1700
1694
1694
1694
1698
1696
1698
1700
1701
1700
1702
1706
1715
1707
1706
1703
1705
1707
1707
1708
1706
1705
1702
1711
1707
1701
1702
1706
1700
1692
1693
1686
1680
1680
1677
1669
1670
1663
1660
1661
1653
1653
1643
1643
1641
1641
1640
1640
1640
1640
1642
1641
1640
1641
1640
1641
1645
1644
1642
1642
1644
1643
1643
1643
1649
1648
1648
1653
1650
1650
1650
1655
1654
1654
1653
1654
1651
1649
1650
1653
1654
1650
1659
1655
1655
1659
1659
1659
1660
1662
1662
1657
1655
1659
1660
1662
1663
1663
1662
1655
1654
1655
1654
1656
1654
1654
1654
1650
1649
1649
1649
1650
1653
1650
1651
1648
1651
1649
1650
1649
1654
1650
1654
1654
1649
1649
1654
1653
1659
1651
1651
1650
1650
1653
1650
1655
1651
1653
1651
1650
1653
1649
1649
1645
1643
1635
1608
1566
1516
1456
1402
1337
1300
1269
1302
1383
1469
1539
1583
1611
1635
1656
1668
1674
1682
1687
1692
1693
1699
1696
1696
1699
1702
1701
1698
1700
1701
1701
1702
1706
1708
1711
1711
1709
1709
1712
1707
1713
1715
1707
1715
1718
1719
1715
1715
1714
1714
1711
1687
1700
1700
1700
1702
1700
1698
1698
1693
1688
1681
1679
1674
1676
1673
1667
1667
1660
1656
1650
1648
1643
1641
1644
1645
1645
1641
1641
1642
1644
1644
1645
1644
1643
1645
1647
1649
1649
1648
1650
1649
1649
1645
1645
1648
1650
1649
1647
1648
1647
1650
1653
1650
1655
1654
1657
1657
1657
1657
1653
1650
1657
1656
1659
1660
1660
1662
1662
1660
1664
1660
1660
1659
1662
1660
1653
1657
1655
1656
1659
1655
1653
1653
1649
1649
1645
1648
1644
1649
1647
1645
1645
1645
1648
1645
1653
1650
1648
1649
1644
1647
1647
1645
1653
1645
1650
1650
1650
1650
1644
1647
1641
1643
1642
1649
1647
1645
1645
1643
1642
1640
1635
1608
1572
1520
1479
1406
1338
1290
1281
1302
1374
1457
1526
1570
1603
1630
1645
1655
1669
1674
1676
1681
1687
1692
1688
1692
1692
1688
1688
1692
1694
1696
1694
1694
1696
1698
1700
1699
1698
1700
1702
1702
1700
1702
1702
1703
1706
1702
1702
1709
1705
1702
1706
1706
1701
1700
1701
1700
1696
1689
1688
1681
1676
1674
1676
1669
1663
1663
1657
1653
1645
1641
1641
1640
1635
1640
1636
1632
1631
1632
1635
1634
1632
1630
1636
1632
1641
1642
1640
1641
1640
1640
1635
1640
1634
1641
1641
1640
1642
1640
1645
1644
1645
1641
1640
1641
1643
1643
1642
1643
1648
1647
1653
1650
1656
1650
1650
1650
1651
1657
1651
1650
1651
1650
1654
1654
1651
1654
1655
1655
1650
1651
1645
1644
1647
1644
1655
1650
1649
1645
1645
1643
1642
1636
1631
1631
1631
1637
1641
1637
1641
1641
1641
1640
1645
1641
1645
1642
1644
1642
1640
1645
1643
1650
1643
1642
1642
1641
1643
1643
1644
1641
1643
1635
1643
1643
1638
1638
1632
1617
1696
1623
1550
1487
1429
1377
1321
1301
1309
1379
1457
1520
1565
1596
1617
1642
1655
1662
1667
1674
1681
1680
1683
1687
1683
1681
1688
1692
1692
1693
1692
1695
1694
1692
1694
1698
1698
1698
1705
1706
1702
1699
1699
1702
1702
1706
1703
1703
1709
1707
1707
1702
1705
1702
1698
1696
1698
1693
1689
1686
1686
1683
1677
1668
1664
1661
1656
1654
1648
1647
1643
1642
1636
1634
1631
1632
1632
1630
1630
1631
1635
1631
1636
1640
1640
1636
1635
1632
1636
1635
1634
1635
1635
1640
1635
1636
1636
1637
1636
1641
1641
1640
1637
1637
1640
1641
1644
1638
1636
1642
1644
1649
1641
1643
1641
1641
1643
1643
1649
1650
1650
1651
1654
1649
1647
1645
1644
1643
1647
1642
1649
1645
1648
1641
1640
1640
1641
1643
1641
1641
1640
1640
1632
1632
1631
1630
1630
1631
1638
1637
1638
1636
1635
1630
1635
1636
1635
1635
1635
1636
1636
1636
1634
1636
1636
1640
1640
1634
1635
1640
1643
1638
1638
1631
1635
1632
1634
1631
1627
1617
1593
1550
1508
1443
1383
1330
1269
1270
1306
1378
1460
1526
1567
1595
1622
1636
1645
1657
1666
1673
1674
1675
1675
1679
1680
1679
1680
1679
1682
1686
1687
1683
1690
1687
1687
1688
1692
1688
1689
1693
1695
1698
1698
1698
1698
1698
1699
1698
1695
1698
1698
1696
1692
1695
1692
1688
1692
1690
1687
1682
1679
1674
1669
1667
1662
1657
1649
1649
1644
1641
1636
1635
1634
1630
1628
1630
1627
1625
1625
1630
1629
1627
1627
1630
1631
1630
1630
1631
1631
1629
1634
1632
1631
1630
1630
1630
1634
1631
1635
1637
1636
1641
1641
1641
1640
1640
1641
1641
1640
1640
1641
1641
1642
1643
1647
1642
1643
1641
1604
1624
1634
1641
1643
1648
1648
1642
1643
1641
1643
1641
1641
1642
1641
1643
1640
1645
1637
1641
1636
1637
1635
1634
1629
1630
1627
1630
1631
1636
1631
1631
1632
1632
1637
1635
1635
1632
1636
1636
1638
1634
1636
1636
1640
1636
1630
1631
1631
1635
1632
1635
1634
1635
1636
1641
1640
1636
1630
1630
1616
1584
1541
1498
1428
1374
1299
1260
1242
1287
1366
1461
1533
1573
1597
1625
1644
1655
1664
1666
1668
1673
1679
1679
1681
1680
1685
1683
1686
1683
1683
1680
1685
1687
1690
1687
1687
1688
1689
1694
1699
1693
1695
1694
1698
1696
1695
1698
1699
1696
1695
1698
1694
1693
1689
1690
1692
1688
1683
1682
1677
1673
1675
1664
1664
1659
1655
1650
1642
1643
1638
1636
1632
1635
1627
1624
1621
1621
1622
1625
1621
1623
1622
1625
1623
1631
1624
1625
1627
1630
1629
1629
1625
1627
1630
1630
1631
1631
1634
1632
1637
1635
1635
1634
1635
1637
1637
1638
1638
1640
1634
1641
1641
1641
1638
1638
1636
1641
1642
1641
1642
1642
1641
1641
1637
1637
1637
1640
1636
1637
1634
1630
1623
1622
1624
1627
1625
1628
1634
1635
1636
1638
1636
1631
1630
1632
1635
1631
1631
1632
1636
1635
1631
1631
1628
1632
1631
1637
1634
1631
1630
1632
1629
1632
1631
1631
1630
1631
1631
1635
1631
1630
1630
1627
1629
1629
1630
1627
1623
1603
1559
1521
1460
1397
1340
1303
1263
1275
1347
1430
1503
1550
1583
1605
1629
1641
1654
1661
1662
1669
1673
1674
1679
1677
1679
1677
1681
1683
1679
1679
1683
1683
1683
1685
1688
1688
1686
1685
1688
1690
1690
1690
1693
1690
1695
1693
1693
1694
1696
1695
1693
1695
1693
1689
1687
1686
1681
1677
1673
1674
1664
1716
1696
1686
1673
1661
1653
1645
1644
1635
1636
1635
1631
1624
1624
1624
1624
1624
1624
1624
1625
1624
1625
1624
1627
1623
1629
1627
1630
1624
1627
1631
1631
1628
1630
1627
1622
1624
1628
1629
1632
1636
1629
1632
1635
1636
1634
1634
1634
1636
1635
1638
1640
1641
1641
1642
1641
1641
1641
1641
1644
1641
1641
1641
1641
1640
1638
1642
1640
1640
1635
1640
1637
1638
1631
1636
1635
1635
1635
1634
1630
1628
1629
1625
1624
1623
1624
1621
1624
1627
1631
1627
1631
1631
1634
1625
1629
1623
1630
1628
1629
1630
1631
1629
1630
1631
1629
1628
1625
1631
1629
1631
1625
1631
1627
1631
1630
1630
1622
1625
1612
1595
1560
1518
1461
1395
1333
1283
1259
1263
1340
1415
1494
1547
1580
1602
1624
1637
1645
1659
1659
1663
1668
1670
1673
1670
1676
1674
1675
1679
1679
1677
1679
1681
1687
1681
1683
1683
1682
1681
1687
1688
1688
1692
1689
1690
1692
1690
1690
1688
1692
1692
1689
1690
1687
1689
1688
1685
1682
1679
1675
1673
1670
1666
1659
1650
1650
1648
1643
1641
1636
1635
1628
1627
1623
1622
1622
1622
1624
1621
1616
1617
1617
1623
1621
1623
1622
1624
1617
1623
1624
1623
1621
1624
1624
1629
1624
1625
1627
1627
1627
1630
1624
1627
1631
1635
1636
1631
1635
1635
1632
1631
1640
1632
1635
1641
1641
1640
1638
1645
1642
1645
1645
1645
1647
1641
1641
1641
1643
1641
1643
1642
1644
1641
1640
1641
1635
1636
1636
1641
1636
1636
1638
1640
1637
1641
1641
1632
1630
1624
1627
1622
1621
1624
1631
1630
1634
1631
1631
1629
1631
1635
1636
1631
1634
1640
1631
1632
1634
1631
1627
1631
1631
1635
1635
1635
1634
1635
1635
1632
1624
1630
1631
1629
1624
1614
1584
1546
1508
1456
1389
1318
1289
1268
1309
1384
1459
1521
1564
1595
1617
1635
1645
1657
1663
1669
1676
1673
1673
1674
1676
1681
1681
1677
1683
1683
1683
1687
1690
1688
1687
1688
1694
1693
1689
1692
1695
1692
1690
1689
1694
1693
1696
1700
1700
1699
1694
1699
1696
1694
1693
1692
1686
1686
1686
1683
1681
1675
1668
1666
1662
1656
1655
1648
1651
1644
1642
1635
1635
1629
1630
1624
1627
1624
1623
1623
1627
1631
1628
1627
1627
1627
1624
1627
1627
1627
1625
1635
1632
1636
1628
1631
1629
1631
1629
1632
1627
1630
1634
1636
1636
1632
1632
1631
1638
1630
1641
1638
1641
1642
1640
1640
1640
1641
1640
1643
1644
1647
1653
1643
1648
1642
1642
1642
1641
1641
1640
1641
1643
1642
1641
1642
1643
1641
1641
1635
1638
1635
1638
1635
1637
1634
1631
1629
1631
1625
1625
1629
1630
1631
1631
1631
1629
1630
1627
1631
1628
1635
1636
1641
1636
1635
1632
1634
1636
1632
1630
1631
1631
1630
1634
1631
1631
1631
1631
1630
1629
1628
1624
1621
1608
1577
1537
1482
1422
1351
1296
1263
1264
1321
1399
1488
1548
1583
1605
1627
1645
1656
1662
1668
1673
1676
1677
1677
1676
1681
1683
1682
1685
1689
1687
1683
1686
1687
1688
1687
1688
1694
1692
1693
1698
1700
1699
1696
1695
1694
1696
1696
1700
1700
1700
1702
1702
1696
1700
1696
1692
1690
1683
1682
1680
1674
1673
1670
1660
1660
1660
1655
1654
1650
1641
1636
1635
1636
1632
1631
1631
1623
1627
1627
1631
1631
1630
1631
1635
1635
1631
1630
1631
1631
1634
1636
1636
1636
1632
1636
1638
1635
1635
1636
1636
1640
1640
1640
1641
1641
1643
1643
1644
1643
1637
1645
1640
1649
1644
1642
1644
1643
1647
1647
1645
1643
1648
1648
1649
1650
1644
1645
1644
1648
1644
1642
1643
1643
1640
1641
1642
1641
1641
1640
1640
1636
1634
1630
1629
1624
1630
1632
1635
1634
1637
1643
1643
1641
1640
1640
1638
1636
1637
1631
1635
1634
1631
1631
1632
1631
1635
1635
1635
1631
1631
1630
1630
1629
1630
1627
1624
1621
1621
1612
1586
1540
1493
1430
1365
1313
1272
1234
1263
1351
1440
1513
1556
1586
1611
1631
1645
1655
1660
1660
1664
1667
1673
1673
1670
1670
1670
1673
1679
1677
1675
1680
1686
1683
1681
1681
1683
1683
1687
1688
1690
1690
1692
1694
1695
1693
1692
1690
1694
1693
1694
1699
1694
1694
1692
1693
1685
1683
1679
1677
1674
1670
1667
1664
1662
1657
1651
1649
1641
1640
1640
1631
1630
1625
1625
1623
1625
1624
1625
1625
1622
1625
1627
1624
1629
1629
1629
1628
1631
1629
1631
1630
1634
1631
1631
1632
1629
1627
1628
1632
1631
1631
1630
1631
1634
1632
1634
1635
1635
1635
1637
1641
1638
1636
1640
1638
1637
1638
1636
1636
1638
1642
1640
1640
1636
1638
1637
1638
1640
1634
1631
1630
1634
1631
1635
1631
1636
1630
1631
1624
1622
1617
1619
1621
1624
1625
1627
1625
1631
1628
1628
1627
1629
1630
1630
1629
1630
1632
1628
1629
1630
1632
1630
1632
1627
1631
1629
1631
1625
1630
1627
1631
1627
1627
1624
1630
1621
1601
1564
1511
1445
1386
1338
1289
1256
1263
1325
1409
1487
1540
1574
1604
1624
1643
1650
1659
1663
1672
1672
1673
1676
1674
1675
1677
1679
1681
1680
1683
1685
1685
1682
1683
1686
1686
1681
1687
1693
1692
1689
1694
1693
1694
1692
1695
1693
1689
1688
1696
1693
1688
1687
1688
1711
1714
1701
1693
1688
1682
1677
1670
1664
1660
1659
1647
1648
1640
1636
1631
1630
1630
1628
1624
1619
1616
1622
1622
1622
1617
1618
1622
1624
1622
1624
1621
1624
1624
1631
1629
1630
1623
1624
1622
1624
1625
1627
1624
1629
1625
1627
1627
1631
1631
1630
1632
1631
1630
1630
1631
1634
1632
1632
1637
1636
1637
1636
1641
1640
1640
1641
1636
1641
1636
1640
1635
1640
1638
1643
1635
1636
1631
1632
1630
1628
1630
1630
1627
1628
1625
1623
1617
1618
1621
1622
1623
1624
1623
1624
1623
1624
1622
1623
1623
1623
1628
1627
1624
1624
1625
1628
1625
1624
1627
1624
1630
1624
1622
1623
1630
1623
1630
1629
1625
1621
1621
1612
1592
1559
1537
1474
1427
1357
1313
1275
1267
1331
1405
1482
1531
1567
1593
1622
1632
1643
1649
1654
1659
1662
1667
1664
1668
1673
1675
1674
1674
1672
1676
1672
1669
1676
1677
1681
1681
1681
1682
1680
1683
1682
1681
1681
1687
1686
1681
1688
1690
1688
1688
1683
1685
1681
1679
1677
1679
1676
1672
1669
1664
1664
1659
1655
1650
1645
1643
1641
1632
1628
1625
1625
1623
1619
1616
1615
1612
1616
1611
1614
1609
1614
1614
1617
1617
1619
1617
1621
1619
1622
1616
1616
1616
1617
1617
1616
1617
1621
1621
1623
1622
1623
1622
1622
1623
1630
1625
1627
1627
1629
1624
1629
1625
1629
1630
1635
1632
1634
1635
1635
1635
1635
1636
1632
1631
1634
1635
1636
1636
1630
1630
1628
1630
1627
1625
1622
1623
1621
1621
1616
1616
1617
1622
1624
1624
1622
1624
1621
1622
1622
1629
1622
1630
1625
1631
1627
1625
1624
1625
1622
1627
1624
1622
1618
1623
1622
1622
1623
1624
1622
1624
1624
1623
1614
1614
1601
1571
1537
1537
1462
1371
1306
1275
1251
1313
1389
1473
1537
1573
1599
1621
1634
1643
1650
1655
1655
1662
1662
1668
1673
1670
1669
1668
1669
1674
1675
1673
1674
1673
1679
1681
1679
1675
1679
1681
1685
1685
1686
1686
1683
1683
1688
1687
1687
1683
1686
1685
1687
1683
1679
1682
1680
1679
1677
1672
1668
1663
1660
1657
1650
1645
1641
1640
1640
1634
1634
1627
1622
1622
1616
1616
1614
1614
1612
1616
1615
1616
1615
1617
1621
1621
1617
1617
1614
1617
1621
1621
1617
1617
1622
1622
1621
1617
1621
1621
1624
1625
1624
1624
1622
1624
1623
1625
1629
1625
1629
1630
1630
1632
1631
1631
1627
1632
1631
1628
1622
1624
1628
1634
1630
1631
1629
1629
1628
1630
1627
1631
1629
1623
1627
1625
1628
1623
1622
1618
1622
1616
1615
1612
1615
1617
1622
1621
1621
1617
1616
1619
1621
1624
1623
1624
1622
1623
1624
1622
1622
1621
1624
1622
1622
1621
1622
1621
1621
1617
1618
1617
1622
1622
1621
1621
1608
1593
1556
1512
1451
1389
1311
1272
1244
1250
1308
1397
1487
1540
1574
1602
1621
1634
1648
1653
1659
1661
1662
1666
1664
1668
1668
1668
1672
1673
1676
1674
1676
1673
1673
1677
1677
1674
1673
1681
1683
1682
1683
1686
1686
1686
1687
1688
1687
1687
1683
1686
1687
1687
1688
1680
1677
1679
1675
1673
1668
1664
1666
1661
1657
1651
1645
1643
1641
1641
1631
1630
1624
1623
1619
1617
1616
1611
1615
1614
1618
1621
1618
1618
1624
1619
1621
1617
1619
1617
1622
1621
1625
1624
1624
1624
1628
1622
1627
1623
1624
1624
1631
1630
1630
1628
1630
1631
1630
1630
1630
1630
1631
1635
1635
1638
1635
1640
1640
1642
1637
1640
1637
1638
1640
1636
1695
1676
1660
1650
1648
1641
1637
1632
1629
1624
1623
1621
1624
1623
1630
1629
1631
1629
1630
1627
1629
1627
1629
1627
1627
1627
1624
1627
1624
1625
1627
1627
1624
1624
1630
1627
1627
1629
1624
1627
1622
1624
1624
1623
1622
1621
1610
1589
1551
1495
1444
1369
1309
1261
1251
1261
1335
1424
1496
1550
1584
1604
1629
1640
1649
1656
1659
1663
1668
1664
1669
1673
1669
1674
1679
1677
1676
1679
1679
1679
1679
1676
1679
1681
1679
1681
1687
1683
1683
1686
1686
1688
1688
1689
1689
1687
1686
1687
1681
1680
1687
1685
1679
1680
1681
1673
1668
1663
1662
1662
1655
1650
1647
1645
1636
1636
1629
1625
1619
1621
1621
1619
1614
1612
1612
1614
1615
1616
1617
1618
1617
1622
1619
1621
1614
1618
1622
1622
1615
1619
1616
1621
1619
1621
1619
1621
1617
1622
1618
1625
1622
1622
1621
1629
1623
1630
1624
1627
1624
1631
1631
1632
1631
1632
1631
1632
1631
1630
1635
1634
1635
1632
1636
1634
1634
1630
1636
1631
1630
1627
1624
1624
1624
1622
1617
1617
1622
1622
1621
1619
1621
1622
1622
1623
1622
1622
1623
1623
1624
1630
1624
1625
1623
1627
1622
1623
1622
1622
1621
1623
1621
1622
1617
1621
1621
1624
1618
1622
1616
1611
1597
1554
1518
1467
1408
1351
1289
1263
1251
1327
1408
1483
1539
1572
1595
1615
1631
1645
1654
1659
1664
1666
1674
1674
1669
1669
1670
1674
1676
1677
1675
1677
1681
1675
1679
1679
1679
1679
1685
1687
1683
1687
1685
1683
1687
1692
1690
1687
1681
1692
1688
1686
1686
1688
1687
1683
1685
1679
1679
1674
1670
1668
1660
1659
1655
1650
1649
1641
1643
1634
1631
1629
1628
1628
1624
1617
1621
1617
1621
1617
1635
1608
1616
1614
1621
1621
1621
1622
1624
1622
1623
1622
1622
1622
1623
1625
1624
1619
1621
1622
1624
1623
1625
1624
1627
1627
1631
1627
1629
1629
1632
1634
1635
1634
1634
1631
1641
1640
1635
1635
1640
1641
1638
1641
1640
1643
1637
1640
1638
1638
1635
1631
1634
1634
1635
1630
1634
1627
1630
1624
1629
1622
1622
1622
1624
1623
1627
1625
1627
1625
1627
1630
1630
1623
1624
1625
1625
1625
1627
1625
1629
1623
1630
1625
1624
1625
1630
1627
1627
1622
1624
1624
1629
1623
1622
1617
1612
1585
1550
1501
1444
1378
1325
1292
1264
1302
1371
1445
1511
1554
1585
1608
1629
1640
1649
1655
1660
1663
1666
1664
1667
1667
1669
1669
1677
1675
1674
1676
1673
1669
1674
1674
1679
1679
1680
1681
1681
1681
1681
1679
1679
1683
1689
1683
1688
1690
1685
1687
1683
1687
1682
1680
1677
1677
1680
1674
1670
1668
1663
1660
1654
1653
1649
1642
1643
1638
1632
1624
1625
1622
1621
1617
1617
1614
1615
1617
1617
1617
1616
1621
1622
1622
1621
1623
1621
1622
1623
1621
1624
1616
1618
1623
1624
1619
1622
1624
1627
1625
1628
1627
1624
1624
1625
1627
1625
1629
1631
1631
1635
1636
1634
1636
1636
1637
1640
1640
1637
1638
1637
1631
1638
1637
1638
1636
1643
1641
1642
1636
1635
1637
1635
1636
1634
1634
1627
1627
1624
1629
1624
1629
1629
1634
1627
1631
1630
1635
1631
1636
1636
1636
1632
1631
1635
1631
1634
1630
1635
1631
1635
1635
1636
1632
1631
1631
1634
1635
1634
1635
1634
1635
1630
1625
1617
1593
1559
1525
1473
1393
1334
1280
1270
1300
1366
1451
1525
1572
1597
1624
1641
1650
1662
1666
1673
1680
1681
1679
1686
1687
1687
1683
1679
1718
1711
1706
1700
1696
1692
1693
1698
1696
1693
1698
1698
1696
1696
1696
1701
1699
1700
1700
1699
1702
1700
1702
1701
1703
1698
1696
1693
1690
1692
1686
1679
1674
1672
1673
1669
1670
1662
1659
1653
1650
1647
1641
1636
1636
1635
1635
1638
1632
1635
1631
1634
1635
1634
1631
1635
1636
1635
1636
1640
1641
1635
1640
1638
1640
1635
1637
1638
1641
1640
1638
1641
1643
1641
1641
1641
1641
1641
1642
1643
1642
1640
1642
1645
1645
1655
1650
1653
1650
1654
1655
1651
1650
1647
1645
1648
1650
1648
1648
1648
1650
1648
1645
1641
1642
1644
1649
1645
1648
1643
1635
1635
1636
1632
1627
1631
1632
1638
1641
1641
1640
1637
1640
1641
1638
1635
1635
1640
1636
1641
1642
1641
1641
1638
1636
1640
1638
1635
1636
1636
1640
1640
1635
1631
1635
1630
1631
1629
1614
1579
1541
1489
1416
1356
1296
1257
1243
1290
1374
1470
1538
1579
1608
1631
1650
1660
1668
1669
1677
1680
1679
1682
1687
1688
1687
1688
1690
1692
1692
1693
1695
1693
1692
1698
1700
1698
1693
1699
1700
1699
1702
1702
1700
1701
1702
1703
1705
1701
1701
1702
1702
1701
1698
1698
1696
1689
1689
1687
1687
1681
1677
1673
1666
1664
1660
1654
1650
1645
1642
1641
1641
1636
1636
1634
1632
1630
1631
1631
1638
1636
1637
1636
1636
1637
1638
1638
1634
1634
1631
1636
1638
1638
1640
1641
1641
1641
1642
1638
1641
1640
1643
1645
1643
1644
1642
1643
1643
1643
1643
1642
1645
1645
1650
1650
1653
1649
1651
1650
1649
1650
1650
1649
1650
1651
1654
1654
1651
1653
1645
1648
1650
1651
1650
1648
1648
1643
1642
1636
1636
1638
1638
1638
1643
1641
1641
1643
1643
1642
1641
1644
1630
1679
1668
1660
1653
1645
1649
1649
1645
1641
1642
1640
1640
1640
1642
1642
1641
1644
1642
1641
1636
1640
1637
1636
1625
1602
1563
1511
1451
1390
1334
1290
1259
1280
1352
1435
1506
1559
1589
1619
1640
1656
1660
1666
1674
1680
1685
1683
1686
1685
1687
1689
1689
1688
1692
1692
1694
1695
1695
1693
1693
1696
1700
1700
1700
1698
1702
1702
1706
1700
1702
1706
1701
1702
1707
1705
1701
1699
1700
1700
1694
1692
1693
1693
1685
1679
1679
1673
1670
1664
1661
1657
1650
1649
1643
1641
1636
1634
1630
1629
1630
1631
1627
1627
1627
1627
1630
1630
1631
1630
1631
1631
1632
1631
1634
1634
1634
1634
1632
1635
1632
1630
1625
1634
1630
1630
1630
1635
1630
1635
1635
1636
1636
1635
1641
1641
1641
1641
1641
1643
1641
1641
1640
1645
1642
1645
1650
1645
1649
1643
1647
1641
1648
1645
1645
1647
1645
1648
1642
1638
1636
1634
1636
1636
1638
1635
1636
1631
1636
1624
1624
1621
1629
1624
1629
1624
1630
1631
1635
1638
1634
1631
1632
1634
1630
1635
1631
1634
1630
1631
1630
1630
1629
1630
1631
1631
1631
1625
1630
1631
1634
1630
1627
1624
1623
1612
1586
1551
1490
1430
1383
1319
1274
1272
1309
1383
1457
1525
1565
1596
1621
1636
1649
1660
1663
1668
1669
1669
1676
1677
1677
1673
1680
1681
1683
1683
1687
1681
1682
1687
1688
1685
1687
1688
1690
1692
1693
1693
1694
1696
1696
1694
1692
1693
1693
1698
1696
1696
1693
1690
1688
1686
1683
1681
1675
1677
1674
1673
1670
1663
1660
1655
1653
1649
1641
1638
1629
1631
1630
1630
1624
1624
1619
1622
1621
1624
1622
1625
1628
1630
1625
1625
1631
1631
1627
1629
1629
1631
1627
1608
1569
1593
1602
1612
1616
1623
1624
1627
1628
1628
1629
1630
1631
1631
1632
1636
1637
1634
1638
1640
1643
1644
1644
1643
1641
1642
1641
1644
1645
1641
1645
1641
1641
1641
1643
1636
1641
1637
1641
1641
1638
1638
1632
1636
1631
1636
1630
1631
1630
1631
1628
1630
1627
1627
1625
1630
1631
1630
1629
1630
1629
1631
1631
1631
1631
1631
1631
1631
1630
1630
1631
1631
1634
1631
1632
1628
1630
1630
1630
1628
1629
1625
1630
1627
1625
1618
1608
1579
1530
1489
1422
1357
1298
1281
1277
1332
1406
1483
1538
1573
1601
1618
1640
1649
1655
1663
1669
1673
1672
1674
1674
1673
1679
1675
1676
1679
1681
1688
1681
1680
1685
1685
1683
1682
1683
1686
1688
1689
1689
1692
1688
1694
1695
1694
1693
1695
1693
1692
1692
1692
1692
1690
1686
1685
1681
1674
1669
1669
1666
1662
1663
1659
1654
1650
1649
1643
1632
1631
1631
1629
1625
1624
1623
1621
1619
1623
1622
1624
1619
1623
1622
1627
1623
1630
1627
1631
1624
1629
1623
1630
1623
1630
1629
1629
1630
1631
1631
1630
1634
1628
1635
1630
1631
1630
1630
1631
1632
1632
1640
1640
1640
1640
1635
1636
1635
1642
1641
1640
1637
1640
1641
1640
1640
1638
1640
1637
1637
1640
1635
1635
1637
1640
1640
1640
1635
1635
1631
1625
1623
1624
1621
1624
1629
1628
1631
1630
1631
1629
1631
1631
1631
1629
1631
1634
1632
1631
1631
1631
1634
1634
1632
1634
1632
1634
1631
1634
1629
1630
1627
1634
1632
1630
1622
1627
1615
1597
1557
1511
1451
1399
1340
1294
1266
1281
1346
1423
1507
1556
1589
1612
1630
1642
1660
1664
1667
1674
1677
1677
1679
1679
1677
1679
1682
1685
1680
1683
1686
1685
1685
1688
1679
1663
1669
1679
1685
1689
1683
1688
1696
1690
1692
1690
1693
1693
1696
1696
1696
1692
1696
1694
1690
1688
1679
1679
1677
1673
1670
1669
1663
1660
1655
1654
1648
1644
1640
1631
1629
1625
1630
1624
1623
1624
1622
1624
1625
1624
1627
1625
1630
1625
1627
1627
1627
1625
1630
1624
1630
1627
1631
1629
1631
1631
1632
1627
1635
1632
1630
1627
1630
1634
1632
1638
1637
1637
1635
1641
1638
1641
1631
1638
1636
1635
1638
1638
1637
1641
1642
1643
1641
1640
1641
1644
1641
1640
1636
1636
1631
1636
1635
1640
1632
1632
1629
1628
1625
1627
1624
1628
1629
1635
1630
1629
1628
1630
1629
1627
1631
1631
1630
1627
1632
1629
1630
1627
1634
1624
1627
1629
1631
1630
1630
1629
1631
1630
1628
1629
1627
1630
1624
1624
1614
1592
1550
1512
1442
1374
1321
1286
1253
1264
1346
1427
1507
1554
1588
1616
1631
1649
1659
1662
1664
1670
1670
1673
1679
1677
1675
1683
1683
1677
1679
1683
1679
1681
1681
1682
1687
1689
1692
1690
1690
1690
1692
1688
1692
1689
1692
1696
1693
1693
1693
1695
1689
1692
1692
1687
1687
1681
1679
1681
1673
1669
1668
1664
1664
1660
1650
1650
1643
1642
1634
1630
1629
1629
1628
1624
1616
1615
1614
1622
1619
1623
1622
1624
1623
1630
1624
1631
1629
1631
1628
1630
1629
1627
1628
1627
1630
1632
1630
1627
1630
1629
1627
1627
1632
1629
1631
1631
1640
1637
1636
1636
1637
1635
1636
1638
1634
1636
1638
1644
1641
1642
1642
1643
1642
1642
1641
1638
1640
1637
1642
1641
1635
1640
1636
1641
1636
1634
1631
1630
1630
1630
1629
1631
1631
1631
1630
1631
1629
1631
1631
1632
1638
1635
1636
1631
1634
1632
1634
1630
1612
1622
1622
1627
1631
1629
1630
1630
1630
1628
1631
1629
1630
1624
1625
1619
1601
1556
1515
1450
1408
1340
1289
1254
1263
1332
1416
1492
1544
1579
1608
1631
1640
1650
1654
1662
1669
1674
1673
1677
1677
1679
1681
1681
1679
1682
1679
1680
1685
1682
1687
1685
1687
1693
1693
1688
1688
1688
1690
1693
1694
1693
1693
1698
1696
1694
1688
1693
1689
1688
1688
1690
1681
1679
1676
1676
1674
1668
1660
1660
1655
1653
1648
1643
1640
1635
1631
1631
1627
1623
1617
1621
1622
1622
1617
1618
1616
1621
1621
1621
1622
1622
1621
1624
1622
1623
1624
1622
1622
1622
1622
1624
1622
1624
1622
1627
1622
1624
1622
1627
1628
1630
1630
1631
1629
1630
1630
1628
1628
1629
1631
1636
1631
1630
1630
1631
1637
1637
1636
1630
1634
1635
1636
1636
1631
1631
1632
1630
1630
1625
1625
1629
1630
1627
1627
1627
1623
1621
1617
1617
1615
1614
1617
1622
1622
1624
1621
1618
1616
1624
1624
1621
1622
1622
1624
1619
1619
1622
1617
1624
1623
1624
1623
1622
1622
1623
1621
1622
1622
1617
1616
1618
1612
1614
1602
1583
1548
1493
1432
1364
1316
1267
1248
1289
1359
1435
1502
1545
1582
1605
1623
1636
1643
1648
1657
1655
1659
1660
1662
1662
1669
1667
1668
1672
1670
1674
1674
1673
1674
1679
1677
1675
1675
1677
1677
1682
1681
1681
1681
1680
1679
1682
1687
1685
1683
1685
1683
1679
1679
1679
1673
1676
1676
1672
1664
1663
1656
1655
1650
1645
1641
1636
1630
1631
1621
1623
1616
1617
1616
1612
1610
1615
1614
1611
1611
1617
1614
1609
1612
1614
1617
1615
1617
1615
1621
1619
1623
1616
1618
1617
1622
1617
1618
1621
1619
1622
1624
1619
1619
1619
1615
1696
1680
1659
1650
1640
1636
1634
1634
1630
1631
1627
1631
1628
1631
1629
1635
1631
1634
1629
1630
1624
1630
1624
1627
1627
1627
1627
1627
1624
1624
1622
1617
1614
1614
1612
1616
1616
1621
1619
1623
1621
1623
1622
1623
1622
1627
1624
1623
1621
1624
1624
1625
1623
1624
1623
1623
1627
1623
1619
1622
1622
1623
1622
1623
1621
1621
1619
1619
1606
1579
1527
1481
1436
1360
1313
1267
1275
1312
1388
1466
1520
1554
1588
1612
1631
1641
1648
1655
1660
1660
1668
1662
1662
1663
1667
1673
1672
1667
1672
1674
1672
1673
1674
1668
1670
1673
1676
1677
1674
1677
1679
1686
1687
1680
1679
1679
1681
1681
1681
1681
1681
1680
1677
1675
1677
1674
1669
1668
1662
1656
1651
1649
1647
1642
1644
1641
1635
1629
1627
1622
1621
1612
1612
1611
1611
1608
1608
1608
1608
1611
1614
1615
1616
1616
1615
1621
1621
1622
1622
1621
1621
1619
1618
1616
1614
1617
1617
1621
1621
1624
1618
1622
1617
1622
1616
1622
1617
1623
1624
1628
1623
1630
1624
1630
1630
1631
1627
1629
1631
1629
1630
1625
1625
1627
1629
1627
1630
1627
1631
1627
1625
1622
1624
1622
1623
1624
1624
1623
1618
1615
1619
1616
1619
1617
1621
1617
1618
1617
1619
1614
1617
1622
1627
1621
1624
1622
1624
1623
1627
1627
1627
1622
1623
1625
1622
1621
1621
1622
1621
1618
1621
1617
1619
1616
1618
1605
1579
1541
1493
1435
1370
1314
1255
1227
1257
1340
1435
1508
1551
1586
1612
1630
1641
1645
1649
1657
1663
1669
1669
1667
1673
1679
1675
1674
1674
1676
1675
1679
1677
1679
1677
1683
1681
1683
1681
1679
1685
1685
1687
1687
1690
1685
1686
1687
1692
1692
1686
1683
1687
1686
1667
1673
1669
1673
1669
1668
1667
1660
1654
1651
1648
1642
1641
1636
1632
1631
1627
1622
1624
1618
1616
1614
1612
1612
1615
1612
1616
1617
1615
1617
1622
1621
1621
1618
1621
1621
1618
1621
1624
1625
1618
1621
1619
1622
1621
1625
1624
1622
1623
1624
1628
1625
1630
1630
1631
1627
1630
1630
1631
1630
1634
1631
1635
1631
1634
1630
1635
1634
1634
1631
1634
1635
1631
1631
1629
1630
1630
1630
1624
1625
1621
1621
1621
1617
1615
1616
1618
1623
1627
1627
1627
1628
1627
1624
1627
1625
1623
1623
1629
1622
1624
1624
1619
1623
1621
1622
1622
1621
1622
1624
1624
1624
1621
1621
1621
1614
1616
1611
1601
1567
1525
1482
1421
1347
1289
1262
1241
1287
1369
1454
1513
1556
1584
1608
1629
1637
1647
1650
1656
1659
1662
1660
1668
1667
1668
1666
1668
1673
1675
1674
1673
1670
1672
1673
1674
1677
1674
1680
1682
1681
1680
1683
1683
1680
1685
1683
1683
1687
1681
1680
1679
1679
1675
1679
1676
1676
1672
1673
1663
1663
1660
1654
1653
1647
1645
1631
1630
1622
1623
1617
1621
1614
1616
1612
1615
1611
1610
1604
1610
1612
1611
1612
1610
1618
1616
1619
1617
1616
1615
1614
1619
1621
1621
1617
1617
1621
1619
1622
1617
1621
1621
1623
1624
1624
1622
1623
1622
1625
1624
1627
1627
1631
1630
1632
1634
1631
1634
1629
1634
1631
1631
1629
1634
1631
1631
1627
1631
1629
1632
1632
1630
1627
1622
1621
1622
1621
1621
1621
1621
1622
1625
1624
1624
1625
1624
1623
1624
1624
1624
1622
1622
1623
1624
1622
1624
1625
1627
1627
1625
1624
1622
1624
1624
1625
1624
1625
1624
1622
1624
1617
1612
1586
1554
1516
1461
1405
1341
1285
1264
1305
1383
1447
1506
1553
1579
1608
1630
1641
1650
1655
1655
1660
1664
1666
1668
1668
1669
1673
1674
1675
1677
1676
1675
1679
1674
1677
1680
1681
1680
1680
1683
1683
1685
1688
1683
1686
1687
1688
1688
1687
1690
1687
1688
1687
1687
1687
1681
1680
1677
1676
1676
1668
1663
1657
1657
1651
1645
1645
1640
1637
1631
1631
1624
1619
1616
1621
1619
1619
1617
1619
1616
1618
1621
1621
1621
1621
1623
1621
1624
1622
1622
1621
1619
1621
1624
1617
1621
1619
1622
1617
1622
1622
1622
1621
1623
1623
1624
1627
1630
1629
1627
1627
1629
1629
1629
1630
1635
1638
1635
1634
1634
1632
1631
1635
1636
1634
1632
1632
1635
1630
1634
1630
1630
1630
1632
1631
1631
1627
1624
1621
1623
1616
1621
1617
1621
1622
1622
1625
1624
1623
1622
1619
1624
1625
1625
1622
1622
1621
1623
1622
1624
1622
1625
1623
1624
1625
1623
1624
1627
1624
1627
1623
1622
1619
1618
1612
1606
1574
1525
1486
1427
1374
1301
1275
1262
1318
1392
1469
1526
1560
1593
1619
1634
1640
1650
1659
1662
1662
1662
1664
1664
1664
1673
1669
1669
1669
1670
1674
1673
1672
1675
1673
1676
1681
1682
1680
1679
1681
1685
1683
1683
1686
1683
1687
1688
1687
1690
1687
1685
1683
1679
1680
1681
1674
1669
1669
1668
1668
1662
1659
1656
1648
1643
1635
1635
1630
1627
1623
1622
1617
1616
1615
1617
1614
1612
1614
1617
1621
1621
1621
1619
1617
1622
1621
1623
1623
1622
1624
1624
1627
1625
1622
1622
1622
1622
1624
1624
1624
1625
1630
1631
1629
1629
1624
1630
1631
1634
1631
1636
1635
1641
1641
1643
1642
1636
1635
1640
1637
1635
1641
1640
1641
1640
1642
1638
1632
1635
1636
1640
1636
1625
1687
1666
1650
1641
1631
1631
1627
1631
1630
1635
1625
1631
1629
1631
1630
1631
1630
1630
1627
1631
1631
1630
1628
1631
1630
1628
1632
1631
1635
1631
1631
1630
1631
1627
1630
1630
1627
1624
1623
1606
1573
1546
1485
1431
1354
1302
1277
1275
1325
1403
1483
1535
1574
1601
1622
1635
1647
1653
1655
1659
1664
1667
1666
1669
1668
1669
1672
1674
1674
1673
1677
1677
1677
1676
1673
1679
1674
1677
1679
1685
1687
1685
1683
1685
1687
1686
1680
1686
1690
1687
1687
1686
1688
1682
1679
1677
1677
1674
1673
1666
1660
1662
1651
1654
1645
1648
1636
1638
1630
1631
1623
1625
1619
1624
1618
1615
1612
1616
1615
1621
1617
1617
1617
1619
1621
1624
1622
1623
1623
1624
1622
1622
1621
1624
1622
1624
1623
1624
1622
1625
1625
1627
1630
1636
1631
1634
1632
1631
1629
1628
1630
1631
1637
1635
1638
1638
1640
1644
1642
1643
1640
1641
1641
1640
1641
1635
1640
1636
1641
1641
1643
1641
1640
1643
1635
1632
1630
1634
1630
1634
1630
1631
1624
1623
1622
1624
1621
1623
1623
1629
1627
1628
1627
1629
1630
1630
1629
1624
1627
1623
1625
1629
1634
1627
1630
1624
1629
1624
1628
1622
1630
1624
1631
1631
1630
1625
1627
1624
1624
1612
1588
1548
1506
1445
1373
1313
1269
1242
1264
1340
1427
1507
1554
1589
1615
1631
1642
1655
1655
1664
1672
1674
1673
1674
1674
1676
1680
1679
1679
1677
1680
1680
1682
1679
1680
1683
1689
1688
1687
1689
1687
1687
1689
1692
1693
1692
1692
1693
1690
1692
1689
1693
1688
1692
1688
1688
1683
1681
1679
1675
1673
1667
1663
1662
1654
1654
1649
1641
1638
1638
1627
1630
1624
1624
1617
1623
1621
1624
1662
1677
1654
1649
1640
1635
1631
1634
1631
1631
1624
1625
1623
1625
1627
1630
1627
1627
1631
1629
1629
1631
1632
1629
1630
1630
1631
1630
1630
1630
1631
1627
1634
1635
1638
1637
1640
1640
1636
1637
1635
1636
1636
1638
1635
1637
1640
1643
1637
1640
1636
1638
1636
1637
1635
1630
1627
1624
1625
1623
1622
1623
1625
1629
1629
1631
1630
1627
1628
1631
1632
1629
1630
1629
1630
1628
1630
1627
1631
1630
1634
1631
1629
1624
1625
1623
1627
1627
1629
1630
1630
1624
1627
1618
1612
1585
1550
1492
1442
1380
1328
1282
1256
1275
1357
1437
1499
1550
1586
1610
1630
1643
1650
1656
1664
1669
1674
1669
1674
1677
1679
1675
1677
1679
1680
1681
1681
1682
1682
1683
1683
1682
1683
1688
1688
1687
1688
1692
1687
1685
1693
1690
1693
1692
1689
1692
1688
1690
1690
1688
1685
1681
1681
1675
1669
1666
1662
1662
1660
1655
1650
1647
1645
1638
1637
1632
1627
1624
1622
1621
1622
1622
1619
1614
1622
1619
1621
1621
1622
1622
1628
1625
1629
1622
1628
1622
1629
1624
1625
1622
1624
1624
1627
1625
1625
1624
1623
1630
1623
1629
1627
1632
1630
1631
1631
1630
1631
1636
1636
1640
1640
1636
1637
1636
1642
1636
1640
1640
1641
1641
1641
1640
1635
1638
1640
1637
1635
1634
1634
1635
1640
1637
1638
1630
1627
1624
1623
1618
1623
1622
1625
1625
1631
1629
1628
1623
1630
1629
1630
1627
1630
1627
1632
1630
1631
1630
1630
1630
1635
1631
1625
1627
1627
1631
1629
1631
1631
1628
1627
1624
1624
1619
1597
1559
1512
1468
1410
1357
1299
1288
1282
1348
1423
1492
1546
1582
1604
1627
1643
1650
1657
1662
1668
1672
1674
1674
1679
1674
1679
1683
1682
1647
1662
1672
1672
1673
1681
1680
1683
1687
1688
1690
1690
1692
1698
1694
1692
1692
1692
1693
1689
1692
1693
1695
1695
1692
1688
1686
1682
1683
1676
1679
1673
1669
1668
1662
1657
1651
1650
1641
1641
1637
1636
1631
1627
1623
1625
1624
1624
1623
1627
1624
1630
1625
1624
1622
1622
1625
1627
1624
1622
1623
1623
1627
1623
1629
1627
1631
1627
1628
1627
1627
1628
1628
1629
1630
1623
1631
1632
1634
1632
1635
1634
1634
1635
1636
1640
1634
1634
1635
1640
1636
1641
1641
1642
1640
1641
1640
1636
1635
1636
1637
1636
1637
1638
1634
1631
1635
1636
1629
1635
1630
1631
1625
1627
1619
1625
1621
1622
1631
1622
1621
1624
1624
1628
1627
1630
1634
1629
1624
1629
1627
1625
1624
1627
1627
1625
1628
1627
1627
1629
1629
1624
1624
1627
1627
1624
1624
1615
1619
1608
1578
1545
1492
1440
1370
1322
1285
1275
1309
1385
1460
1522
1560
1592
1615
1631
1645
1651
1654
1660
1664
1669
1669
1673
1672
1676
1675
1673
1673
1680
1674
1674
1679
1680
1681
1682
1682
1681
1688
1687
1686
1682
1692
1688
1692
1686
1692
1687
1682
1683
1693
1690
1686
1686
1687
1685
1681
1677
1672
1674
1667
1664
1662
1654
1650
1650
1647
1643
1638
1637
1625
1625
1621
1624
1619
1619
1622
1622
1618
1618
1619
1621
1622
1623
1624
1624
1622
1623
1629
1629
1625
1629
1627
1627
1624
1623
1622
1627
1621
1630
1624
1627
1623
1629
1634
1636
1636
1636
1635
1630
1631
1631
1631
1631
1635
1636
1638
1640
1637
1644
1638
1641
1641
1640
1635
1641
1641
1640
1640
1640
1641
1636
1638
1644
1643
1636
1637
1640
1640
1635
1632
1631
1630
1630
1627
1627
1624
1621
1627
1630
1624
1695
1676
1660
1648
1645
1640
1641
1632
1631
1631
1632
1631
1631
1630
1631
1631
1630
1631
1627
1627
1629
1628
1630
1631
1631
1634
1632
1631
1627
1624
1608
1559
1518
1470
1405
1339
1290
1262
1261
1316
1403
1492
1548
1583
1610
1631
1645
1659
1663
1670
1673
1675
1679
1681
1682
1681
1683
1683
1680
1680
1680
1683
1686
1686
1686
1690
1692
1690
1693
1695
1696
1694
1694
1695
1694
1692
1698
1694
1695
1694
1698
1696
1693
1694
1692
1692
1689
1690
1687
1675
1674
1673
1668
1669
1664
1659
1655
1650
1647
1643
1636
1631
1630
1630
1625
1623
1624
1623
1624
1624
1627
1625
1624
1625
1630
1630
1630
1631
1629
1630
1627
1629
1631
1631
1627
1631
1631
1632
1631
1636
1632
1634
1636
1635
1632
1635
1636
1636
1636
1637
1636
1636
1640
1643
1643
1643
1641
1642
1643
1644
1641
1640
1643
1641
1643
1642
1643
1643
1642
1644
1643
1642
1638
1637
1637
1636
1641
1635
1636
1636
1637
1630
1628
1627
1629
1627
1631
1631
1631
1628
1631
1631
1632
1632
1631
1634
1636
1635
1635
1636
1634
1631
1636
1632
1631
1630
1632
1631
1630
1631
1635
1630
1632
1630
1630
1629
1625
1621
1611
1579
1535
1483
1404
1357
1307
1279
1249
1290
1371
1461
1522
1563
1592
1614
1635
1649
1660
1663
1664
1669
1679
1679
1681
1679
1682
1680
1680
1683
1686
1681
1683
1687
1689
1692
1688
1685
1690
1692
1692
1693
1693
1694
1695
1695
1694
1693
1696
1700
1698
1696
1694
1696
1692
1689
1692
1692
1686
1679
1677
1672
1669
1666
1664
1657
1654
1654
1645
1644
1637
1635
1632
1631
1628
1630
1622
1624
1622
1623
1622
1629
1625
1630
1630
1629
1630
1630
1627
1627
1631
1634
1617
1621
1623
1630
1631
1628
1629
1630
1632
1631
1634
1627
1635
1634
1635
1632
1636
1634
1632
1632
1638
1641
1638
1641
1636
1643
1641
1649
1645
1643
1642
1645
1645
1644
1643
1643
1641
1636
1641
1637
1635
1640
1641
1641
1635
1636
1634
1635
1631
1630
1627
1630
1625
1630
1630
1634
1631
1631
1631
1634
1630
1631
1636
1631
1634
1635
1634
1630
1630
1629
1631
1629
1627
1627
1629
1627
1630
1627
1625
1630
1629
1630
1628
1623
1616
1602
1574
1548
1492
1428
1360
1307
1269
1269
1306
1377
1455
1518
1560
1592
1614
1630
1644
1653
1659
1664
1669
1666
1668
1669
1676
1674
1675
1674
1677
1683
1677
1679
1679
1682
1685
1685
1686
1687
1686
1690
1692
1688
1688
1688
1688
1690
1687
1689
1692
1693
1694
1692
1689
1689
1688
1685
1683
1679
1677
1669
1667
1666
1660
1655
1651
1650
1648
1643
1638
1634
1630
1627
1625
1624
1621
1622
1621
1622
1617
1619
1619
1618
1621
1619
1624
1621
1622
1624
1624
1622
1622
1622
1625
1624
1623
1625
1627
1624
1624
1629
1627
1627
1624
1625
1630
1627
1630
1631
1630
1630
1631
1632
1632
1634
1632
1635
1632
1637
1636
1640
1634
1637
1638
1638
1637
1636
1640
1638
1640
1638
1636
1634
1631
1636
1635
1635
1631
1635
1632
1635
1632
1635
1630
1631
1627
1631
1625
1624
1621
1622
1621
1624
1625
1625
1627
1629
1627
1628
1625
1631
1631
1624
1628
1625
1629
1625
1628
1629
1632
1628
1632
1630
1631
1629
1625
1627
1630
1628
1631
1629
1629
1623
1624
1617
1603
1564
1524
1483
1422
1351
1308
1292
1279
1335
1412
1486
1534
1572
1599
1624
1641
1654
1654
1659
1666
1669
1673
1674
1672
1674
1677
1681
1680
1686
1716
1699
1695
1688
1683
1686
1687
1685
1685
1693
1689
1683
1687
1693
1690
1687
1687
1688
1692
1688
1689
1687
1687
1692
1693
1688
1687
1685
1677
1674
1674
1666
1663
1660
1654
1655
1655
1650
1643
1642
1635
1631
1625
1623
1624
1624
1623
1627
1621
1622
1622
1624
1623
1625
1625
1630
1625
1629
1630
1628
1623
1623
1625
1627
1624
1629
1627
1627
1630
1634
1629
1627
1627
1628
1630
1627
1627
1630
1635
1635
1638
1635
1635
1635
1640
1641
1636
1640
1635
1638
1636
1641
1640
1638
1642
1640
1643
1641
1638
1636
1640
1638
1634
1632
1631
1632
1631
1632
1631
1635
1630
1637
1631
1630
1630
1625
1618
1624
1624
1629
1622
1623
1625
1627
1629
1627
1629
1630
1631
1630
1629
1628
1630
1624
1630
1628
1627
1623
1627
1625
1632
1635
1631
1627
1627
1627
1629
1630
1624
1622
1623
1623
1610
1584
1546
1493
1450
1376
1330
1275
1267
1294
1371
1457
1524
1563
1597
1621
1638
1648
1657
1662
1669
1673
1670
1673
1673
1673
1675
1674
1674
1674
1679
1680
1683
1686
1689
1686
1685
1687
1688
1685
1683
1689
1688
1688
1688
1693
1692
1693
1696
1695
1690
1688
1693
1692
1687
1686
1692
1683
1682
1681
1677
1675
1669
1659
1659
1656
1648
1647
1642
1641
1632
1634
1630
1627
1625
1627
1628
1624
1625
1627
1624
1624
1625
1624
1622
1624
1630
1632
1632
1631
1635
1630
1631
1630
1632
1630
1631
1634
1632
1634
1632
1631
1634
1643
1641
1641
1640
1636
1640
1638
1641
1643
1649
1644
1649
1645
1645
1645
1645
1648
1645
1649
1642
1642
1642
1643
1648
1647
1643
1643
1644
1645
1645
1647
1642
1642
1641
1643
1643
1636
1641
1635
1638
1635
1631
1622
1629
1624
1701
1686
1670
1655
1648
1641
1640
1632
1631
1635
1635
1641
1636
1637
1634
1636
1631
1636
1635
1638
1632
1638
1635
1631
1631
1631
1631
1632
1635
1631
1636
1630
1631
1624
1614
1584
1532
1470
1410
1363
1308
1263
1262
1307
1385
1475
1535
1577
1605
1627
1644
1659
1661
1668
1675
1677
1677
1683
1681
1677
1679
1681
1686
1686
1682
1685
1687
1687
1683
1687
1689
1690
1690
1695
1695
1693
1692
1700
1698
1696
1694
1695
1695
1696
1696
1696
1695
1693
1694
1690
1687
1685
1682
1681
1679
1674
1668
1663
1659
1659
1655
1653
1645
1642
1637
1634
1630
1623
1622
1624
1622
1625
1624
1624
1625
1629
1630
1630
1627
1629
1630
1631
1631
1630
1631
1631
1632
1630
1631
1631
1630
1630
1631
1635
1632
1636
1631
1635
1634
1640
1634
1637
1634
1638
1641
1641
1641
1641
1644
1643
1648
1642
1643
1643
1640
1643
1642
1643
1641
1641
1642
1644
1643
1641
1640
1635
1637
1636
1636
1635
1636
1635
1631
1630
1627
1625
1627
1625
1630
1635
1630
1629
1631
1631
1630
1631
1630
1635
1631
1631
1631
1628
1630
1630
1635
1632
1635
1631
1630
1630
1630
1629
1630
1630
1630
1634
1631
1630
1625
1627
1617
1589
1559
1513
1451
1384
1330
1283
1261
1281
1356
1434
1502
1548
1586
1610
1631
1649
1657
1660
1667
1672
1674
1676
1679
1681
1681
1683
1681
1686
1681
1680
1682
1687
1692
1690
1688
1693
1693
1692
1690
1696
1696
1694
1698
1698
1699
1698
1700
1696
1700
1700
1700
1694
1696
1695
1693
1690
1683
1686
1681
1677
1673
1669
1664
1661
1662
1660
1657
1648
1642
1640
1634
1631
1631
1629
1630
1627
1631
1630
1628
1629
1630
1631
1631
1638
1632
1634
1631
1634
1632
1631
1631
1635
1635
1636
1638
1636
1634
1634
1637
1635
1640
1638
1637
1640
1641
1640
1638
1640
1638
1643
1640
1641
1645
1643
1649
1647
1649
1648
1645
1648
1645
1653
1648
1651
1651
1654
1651
1650
1650
1645
1644
1643
1643
1645
1641
1645
1644
1649
1642
1640
1635
1631
1636
1638
1643
1638
1645
1643
1643
1638
1641
1640
1640
1642
1640
1644
1636
1641
1641
1644
1640
1637
1641
1641
1640
1641
1642
1640
1641
1643
1641
1641
1638
1640
1636
1630
1616
1574
1532
1499
1423
1377
1324
1293
1280
1350
1421
1493
1550
1583
1608
1632
1651
1659
1667
1672
1681
1683
1685
1689
1688
1685
1687
1693
1694
1700
1693
1695
1693
1695
1694
1696
1693
1698
1705
1701
1700
1706
1706
1703
1706
1707
1703
1703
1707
1707
1702
1703
1698
1703
1706
1700
1693
1696
1693
1685
1683
1685
1683
1677
1674
1672
1661
1656
1654
1653
1644
1645
1641
1640
1636
1636
1636
1638
1636
1638
1641
1638
1640
1641
1641
1641
1638
1641
1645
1644
1643
1644
1642
1642
1648
1643
1645
1641
1643
1643
1642
1642
1642
1650
1645
1645
1650
1649
1649
1647
1649
1651
1650
1651
1650
1649
1651
1653
1653
1654
1655
1661
1660
1660
1657
1655
1656
1654
1654
1650
1650
1651
1657
1654
1651
1645
1650
1649
1650
1653
1645
1645
1640
1642
1638
1636
1638
1641
1644
1648
1649
1647
1645
1648
1649
1651
1643
1648
1647
1645
1650
1645
1648
1645
1649
1649
1650
1651
1644
1645
1649
1649
1651
1649
1649
1645
1645
1648
1642
1640
1622
1592
1548
1503
1432
1366
1313
1285
1292
1346
1428
1500
1559
1598
1624
1643
1659
1667
1676
1680
1683
1683
1690
1692
1698
1699
1696
1696
1696
1698
1698
1711
1698
1745
1738
1725
1726
1714
1711
1713
1707
1705
1714
1711
1707
1711
1714
1713
1709
1707
1707
1712
1709
1709
1707
1706
1705
1702
1698
1696
1692
1688
1683
1687
1680
1674
1669
1663
1659
1660
1655
1654
1649
1649
1647
1645
1642
1640
1640
1641
1649
1645
1649
1644
1649
1648
1649
1649
1649
1650
1648
1654
1650
1650
1650
1649
1651
1649
1649
1649
1651
1657
1650
1653
1648
1650
1655
1653
1654
1655
1654
1651
1659
1660
1660
1660
1662
1660
1661
1659
1655
1656
1659
1660
1662
1660
1657
1660
1662
1662
1660
1656
1655
1655
1655
1660
1655
1655
1655
1653
1654
1650
1649
1644
1649
1645
1647
1645
1641
1643
1642
1645
1645
1645
1644
1645
1649
1648
1653
1654
1645
1648
1650
1647
1645
1643
1645
1647
1644
1650
1645
1644
1645
1648
1649
1650
1654
1649
1650
1643
1641
1635
1624
1588
1553
1502
1449
1370
1327
1277
1280
1314
1397
1487
1554
1593
1622
1641
1660
1673
1673
1683
1692
1693
1692
1695
1696
1698
1698
1696
1695
1696
1699
1699
1700
1700
1702
1703
1706
1708
1706
1707
1712
1709
1711
1709
1711
1711
1712
1711
1713
1712
1708
1711
1707
1707
1706
1711
1706
1700
1700
1695
1690
1689
1688
1683
1681
1674
1669
1664
1667
1656
1650
1645
1645
1641
1640
1641
1640
1642
1640
1645
1641
1645
1643
1643
1648
1649
1645
1645
1645
1645
1649
1649
1647
1648
1644
1643
1648
1648
1647
1648
1645
1649
1650
1654
1649
1654
1659
1657
1660
1657
1654
1655
1655
1660
1661
1660
1660
1660
1659
1662
1660
1660
1656
1657
1661
1660
1661
1660
1660
1663
1660
1657
1654
1650
1650
1655
1660
1655
1650
1650
1648
1647
1641
1641
1641
1643
1649
1650
1650
1649
1649
1643
1650
1649
1650
1653
1650
1649
1649
1648
1645
1649
1649
1650
1649
1650
1649
1651
1654
1653
1650
1643
1648
1644
1643
1648
1641
1632
1612
1570
1526
1459
1396
1340
1293
1275
1292
1360
1449
1520
1567
1603
1628
1649
1662
1673
1677
1687
1687
1690
1688
1696
1698
1693
1690
1696
1698
1700
1700
1700
1702
1703
1702
1700
1702
1702
1700
1702
1709
1711
1706
1709
1712
1711
1715
1712
1708
1707
1709
1711
1708
1706
1702
1700
1702
1698
1694
1690
1687
1681
1680
1675
1669
1672
1662
1662
1654
1654
1645
1642
1642
1640
1640
1635
1636
1627
1638
1635
1636
1636
1635
1635
1632
1640
1638
1640
1636
1641
1641
1641
1642
1640
1640
1636
1642
1637
1640
1640
1640
1641
1640
1645
1641
1643
1638
1642
1641
1636
1645
1641
1647
1648
1649
1650
1649
1650
1651
1650
1650
1648
1654
1651
1650
1650
1648
1645
1643
1649
1644
1648
1649
1645
1649
1644
1647
1645
1642
1641
1637
1635
1630
1631
1627
1636
1632
1637
1635
1635
1635
1635
1636
1635
1636
1636
1641
1636
1640
1635
1638
1635
1640
1642
1635
1635
1635
1636
1637
1636
1637
1630
1640
1635
1637
1630
1627
1624
1621
1590
1544
1515
1447
1384
1331
1294
1273
1299
1371
1454
1519
1563
1593
1622
1640
1655
1659
1662
1670
1675
1676
1679
1683
1683
1687
1687
1687
1687
1687
1688
1687
1687
1693
1695
1693
1693
1692
1698
1700
1698
1693
1696
1700
1699
1693
1700
1699
1699
1696
1700
1698
1694
1693
1696
1696
1693
1688
1685
1681
1676
1674
1669
1669
1662
1659
1655
1650
1644
1642
1641
1640
1640
1631
1634
1631
1630
1630
1631
1630
1634
1631
1636
1634
1635
1635
1634
1632
1631
1632
1631
1631
1634
1630
1696
1677
1664
1659
1650
1645
1644
1642
1638
1638
1640
1641
1636
1636
1635
1645
1641
1643
1642
1640
1641
1643
1647
1643
1649
1647
1647
1644
1647
1648
1645
1644
1640
1647
1647
1643
1641
1641
1641
1642
1645
1641
1643
1637
1638
1634
1634
1636
1637
1641
1640
1640
1632
1631
1624
1631
1630
1634
1630
1636
1634
1637
1635
1632
1635
1632
1635
1635
1630
1629
1631
1631
1635
1630
1632
1631
1635
1631
1634
1631
1631
1630
1634
1631
1630
1631
1628
1627
1622
1602
1564
1508
1472
1403
1357
1311
1289
1301
1365
1437
1506
1550
1582
1610
1629
1644
1655
1659
1664
1669
1673
1673
1677
1675
1676
1679
1677
1677
1680
1679
1681
1680
1685
1687
1686
1683
1687
1687
1686
1686
1687
1692
1690
1689
1687
1689
1686
1694
1690
1692
1690
1692
1690
1688
1686
1680
1677
1677
1673
1670
1668
1659
1657
1656
1650
1649
1643
1637
1631
1630
1625
1625
1619
1619
1619
1622
1618
1621
1617
1617
1619
1622
1622
1623
1621
1624
1622
1621
1621
1622
1619
1623
1624
1622
1622
1623
1623
1630
1622
1625
1623
1627
1627
1629
1630
1631
1629
1630
1632
1632
1630
1629
1630
1630
1634
1631
1636
1635
1637
1641
1641
1640
1638
1640
1637
1636
1635
1632
1635
1635
1636
1636
1634
1632
1635
1634
1636
1631
1634
1627
1630
1628
1630
1630
1630
1631
1635
1628
1623
1616
1612
1615
1616
1621
1622
1624
1625
1622
1624
1622
1624
1622
1624
1623
1629
1629
1627
1628
1630
1627
1629
1627
1624
1625
1627
1632
1630
1631
1634
1631
1628
1629
1624
1623
1621
1622
1610
1584
1548
1509
1445
1384
1327
1286
1260
1300
1367
1454
1525
1564
1595
1619
1641
1648
1655
1660
1667
1669
1669
1654
1707
1693
1689
1688
1685
1689
1682
1682
1680
1687
1681
1683
1681
1686
1685
1687
1687
1688
1687
1687
1688
1687
1690
1688
1692
1688
1693
1695
1692
1689
1689
1687
1683
1681
1675
1675
1675
1674
1668
1660
1657
1657
1651
1650
1643
1634
1632
1630
1631
1627
1625
1622
1624
1623
1624
1617
1624
1622
1623
1621
1622
1621
1622
1621
1627
1625
1624
1624
1629
1630
1630
1630
1629
1625
1625
1628
1624
1625
1630
1628
1635
1631
1634
1630
1630
1631
1632
1631
1631
1632
1632
1635
1630
1640
1635
1636
1636
1642
1638
1636
1635
1631
1635
1632
1635
1632
1630
1629
1635
1631
1635
1631
1634
1632
1631
1631
1629
1624
1621
1622
1619
1616
1617
1617
1622
1624
1624
1624
1622
1627
1627
1627
1622
1622
1618
1625
1619
1625
1624
1627
1622
1629
1623
1623
1622
1623
1622
1624
1624
1623
1622
1618
1617
1618
1614
1603
1578
1527
1490
1414
1346
1306
1264
1243
1295
1369
1454
1518
1565
1592
1614
1630
1643
1653
1655
1662
1666
1669
1666
1664
1667
1669
1668
1672
1673
1676
1674
1674
1679
1675
1674
1677
1679
1680
1675
1679
1679
1683
1681
1683
1680
1681
1685
1681
1679
1682
1680
1679
1679
1679
1681
1676
1675
1674
1669
1662
1660
1659
1654
1650
1649
1641
1638
1630
1629
1624
1622
1616
1617
1614
1616
1614
1612
1612
1612
1616
1616
1619
1611
1616
1618
1619
1615
1621
1617
1618
1618
1621
1621
1621
1617
1623
1621
1622
1621
1622
1621
1625
1624
1627
1627
1630
1625
1630
1624
1624
1622
1624
1624
1634
1630
1631
1628
1631
1631
1634
1628
1628
1630
1628
1634
1631
1631
1630
1634
1630
1625
1625
1627
1627
1625
1629
1625
1622
1612
1615
1611
1614
1615
1619
1617
1622
1623
1625
1624
1622
1622
1627
1624
1625
1622
1624
1624
1623
1623
1624
1617
1621
1619
1622
1622
1624
1621
1622
1621
1622
1618
1618
1617
1617
1616
1611
1592
1567
1516
1473
1405
1339
1280
1253
1248
1306
1385
1464
1520
1559
1588
1611
1629
1640
1650
1659
1662
1669
1666
1662
1667
1667
1664
1673
1673
1672
1674
1673
1674
1676
1672
1673
1675
1677
1675
1679
1681
1680
1686
1687
1686
1680
1681
1680
1682
1681
1681
1681
1681
1683
1682
1675
1672
1668
1673
1668
1667
1663
1656
1653
1643
1643
1636
1632
1630
1630
1624
1623
1617
1615
1609
1611
1615
1612
1608
1612
1610
1612
1612
1612
1612
1616
1617
1621
1616
1611
1611
1612
1617
1615
1612
1611
1617
1615
1614
1616
1622
1615
1618
1621
1621
1614
1617
1616
1617
1617
1621
1621
1622
1621
1627
1625
1627
1622
1627
1630
1630
1627
1627
1627
1627
1624
1628
1627
1624
1627
1627
1630
1627
1627
1622
1625
1624
1623
1621
1621
1621
1622
1622
1621
1617
1610
1611
1608
1610
1610
1611
1611
1615
1616
1617
1612
1621
1617
1619
1621
1618
1617
1621
1619
1622
1618
1616
1614
1616
1618
1619
1614
1612
1612
1618
1616
1616
1615
1617
1615
1612
1610
1593
1558
1522
1473
1422
1357
1283
1263
1267
1324
1398
1470
1521
1560
1586
1610
1623
1638
1643
1645
1654
1660
1664
1668
1668
1669
1673
1664
1663
1664
1669
1667
1669
1669
1673
1673
1673
1674
1676
1673
1681
1679
1676
1679
1681
1679
1679
1681
1680
1683
1682
1680
1679
1679
1680
1677
1673
1669
1659
1663
1659
1657
1655
1651
1651
1647
1645
1635
1631
1624
1624
1619
1617
1611
1609
1610
1611
1612
1611
1612
1611
1614
1612
1614
1611
1615
1610
1604
1610
1610
1616
1614
1614
1617
1617
1616
1615
1614
1616
1619
1616
1615
1619
1617
1621
1617
1621
1617
1621
1616
1623
1622
1622
1623
1625
1624
1625
1624
1624
1624
1625
1624
1631
1631
1632
1630
1635
1629
1628
1624
1623
1624
1629
1624
1622
1622
1627
1622
1624
1617
1622
1617
1621
1615
1616
1616
1618
1622
1621
1616
1622
1616
1618
1614
1622
1616
1618
1619
1619
1617
1618
1619
1619
1621
1621
1621
1619
1612
1616
1619
1617
1619
1616
1617
1617
1619
1614
1612
1604
1601
1578
1540
1496
1436
1370
1332
1276
1277
1309
1376
1456
1514
1556
1582
1608
1624
1631
1645
1650
1651
1659
1660
1664
1669
1663
1662
1666
1667
1670
1673
1669
1668
1669
1674
1675
1679
1673
1673
1677
1675
1675
1675
1677
1677
1682
1688
1681
1682
1681
1681
1680
1680
1681
1680
1677
1679
1679
1674
1668
1664
1661
1659
1654
1650
1645
1644
1636
1637
1628
1627
1622
1618
1619
1621
1617
1616
1614
1614
1615
1614
1612
1605
1615
1612
1622
1617
1619
1615
1618
1612
1617
1614
1616
1612
1624
1621
1621
1616
1621
1619
1622
1621
1621
1622
1623
1623
1627
1622
1623
1622
1624
1623
1627
1622
1627
1625
1631
1632
1627
1631
1631
1631
1630
1630
1630
1632
1630
1631
1631
1634
1631
1631
1631
1630
1630
1628
1625
1623
1624
1623
1630
1629
1627
1622
1616
1616
1617
1615
1616
1618
1622
1623
1622
1617
1621
1622
1621
1622
1627
1623
1625
1625
1622
1624
1625
1629
1629
1629
1623
1619
1622
1625
1624
1624
1624
1624
1625
1621
1621
1618
1611
1599
1556
1525
1464
1397
1343
1296
1269
1273
1326
1404
1487
1546
1573
1603
1624
1640
1649
1659
1664
1668
1667
1668
1673
1674
1674
1657
1673
1674
1682
1679
1676
1673
1676
1679
1682
1682
1683
1687
1685
1683
1686
1688
1687
1687
1686
1688
1690
1689
1688
1690
1687
1689
1687
1683
1681
1683
1681
1674
1674
1668
1664
1661
1660
1655
1650
1645
1643
1636
1631
1627
1623
1622
1619
1622
1621
1617
1617
1621
1617
1621
1619
1621
1616
1624
1623
1627
1621
1622
1619
1621
1621
1622
1621
1625
1622
1624
1627
1624
1624
1625
1624
1627
1624
1624
1622
1627
1631
1635
1630
1631
1631
1631
1631
1631
1630
1632
1631
1629
1634
1635
1635
1634
1636
1640
1636
1631
1632
1631
1631
1631
1635
1635
1630
1627
1624
1617
1617
1621
1624
1627
1627
1625
1623
1625
1625
1631
1625
1630
1625
1630
1625
1627
1623
1625
1624
1623
1624
1625
1625
1622
1627
1623
1623
1623
1622
1625
1623
1627
1624
1622
1617
1608
1579
1541
1496
1430
1379
1318
1273
1256
1272
1345
1432
1502
1553
1584
1606
1627
1638
1650
1660
1659
1662
1667
1669
1673
1675
1673
1673
1674
1675
1679
1679
1674
1673
1681
1679
1676
1683
1683
1685
1683
1688
1687
1683
1683
1688
1685
1685
1682
1686
1685
1686
1687
1683
1681
1685
1679
1674
1673
1670
1668
1664
1660
1655
1650
1648
1643
1638
1632
1627
1625
1622
1622
1616
1618
1614
1612
1612
1615
1616
1614
1617
1616
1618
1614
1617
1616
1616
1615
1622
1619
1624
1617
1621
1617
1621
1621
1624
1619
1624
1623
1624
1623
1621
1617
1622
1621
1623
1624
1627
1623
1629
1631
1636
1629
1630
1629
1631
1630
1631
1631
1630
1634
1634
1636
1631
1634
1635
1640
1631
1631
1627
1630
1627
1631
1627
1629
1623
1624
1623
1622
1617
1621
1621
1623
1622
1625
1624
1622
1619
1622
1622
1624
1612
1545
1570
1592
1611
1612
1615
1617
1617
1624
1622
1623
1619
1625
1622
1624
1624
1625
1621
1622
1617
1618
1608
1588
1554
1521
1470
1412
1344
1283
1257
1277
1343
1412
1483
1535
1572
1597
1618
1635
1640
1650
1656
1661
1660
1660
1668
1670
1673
1673
1673
1669
1672
1674
1676
1673
1677
1677
1677
1680
1680
1677
1681
1679
1683
1680
1685
1683
1686
1688
1683
1682
1687
1681
1680
1687
1682
1683
1680
1679
1669
1673
1669
1664
1660
1656
1655
1650
1645
1641
1634
1631
1627
1622
1617
1614
1617
1612
1616
1614
1612
1606
1616
1611
1615
1612
1612
1612
1615
1615
1617
1616
1616
1615
1615
1618
1617
1622
1616
1621
1615
1621
1614
1617
1616
1622
1621
1622
1617
1622
1621
1622
1619
1622
1621
1623
1624
1630
1625
1625
1627
1627
1624
1623
1623
1623
1623
1629
1627
1627
1629
1627
1627
1629
1628
1623
1617
1615
1622
1623
1624
1617
1622
1617
1615
1612
1609
1611
1612
1616
1617
1622
1612
1614
1611
1615
1616
1617
1612
1619
1616
1621
1615
1616
1612
1616
1612
1616
1612
1614
1618
1619
1619
1619
1612
1612
1612
1611
1612
1612
1612
1604
1582
1548
1502
1432
1372
1328
1283
1261
1272
1348
1416
1489
1533
1570
1589
1612
1627
1640
1645
1650
1657
1659
1660
1661
1662
1659
1663
1663
1662
1663
1664
1663
1672
1673
1673
1673
1672
1670
1674
1676
1676
1673
1669
1670
1677
1679
1675
1680
1677
1677
1679
1681
1676
1673
1672
1669
1668
1668
1662
1660
1657
1655
1657
1650
1642
1636
1640
1631
1631
1622
1624
1615
1615
1611
1615
1605
1604
1608
1609
1612
1612
1617
1615
1619
1616
1616
1612
1614
1618
1617
1617
1621
1615
1619
1619
1619
1617
1616
1616
1604
1621
1616
1621
1621
1622
1622
1628
1627
1623
1622
1628
1629
1628
1625
1629
1628
1629
1629
1625
1628
1627
1630
1627
1631
1624
1627
1629
1630
1630
1629
1627
1628
1624
1627
1629
1629
1624
1627
1624
1627
1622
1619
1612
1614
1610
1614
1612
1616
1615
1621
1622
1621
1622
1622
1624
1621
1622
1616
1617
1619
1618
1621
1622
1621
1622
1617
1619
1621
1621
1617
1621
1619
1623
1617
1621
1615
1618
1611
1610
1593
1551
1513
1472
1412
1358
1306
1270
1259
1331
1412
1487
1537
1570
1602
1622
1632
1644
1650
1659
1662
1662
1664
1666
1664
1668
1673
1669
1668
1673
1672
1674
1673
1670
1673
1670
1669
1676
1673
1674
1676
1675
1673
1680
1681
1677
1675
1679
1679
1679
1672
1676
1675
1676
1672
1669
1667
1663
1660
1660
1659
1653
1645
1643
1643
1635
1631
1629
1622
1619
1622
1617
1612
1610
1614
1610
1611
1608
1605
1608
1606
1612
1611
1612
1611
1615
1617
1617
1617
1611
1616
1611
1615
1614
1618
1616
1618
1617
1619
1617
1616
1617
1621
1622
1622
1621
1619
1622
1627
1625
1627
1627
1627
1630
1630
1634
1631
1630
1629
1627
1629
1630
1629
1631
1627
1625
1624
1624
1624
1625
1630
1631
1630
1625
1624
1621
1621
1622
1618
1619
1619
1625
1627
1627
1623
1623
1622
1622
1622
1622
1623
1621
1624
1623
1627
1622
1623
1625
1627
1624
1625
1623
1624
1619
1625
1624
1623
1618
1625
1621
1622
1616
1602
1572
1531
1485
1425
1354
1305
1267
1259
1300
1376
1469
1530
1570
1595
1622
1636
1645
1654
1662
1666
1662
1669
1669
1673
1677
1674
1673
1675
1675
1679
1683
1680
1683
1686
1683
1681
1682
1687
1686
1681
1692
1692
1693
1689
1690
1693
1692
1677
1685
1682
1685
1688
1688
1686
1687
1686
1679
1679
1681
1674
1667
1660
1657
1660
1649
1648
1640
1635
1630
1631
1624
1627
1621
1621
1621
1622
1616
1621
1621
1621
1621
1619
1617
1622
1622
1625
1627
1625
1625
1628
1622
1623
1622
1621
1621
1623
1623
1627
1627
1627
1627
1627
1631
1631
1628
1630
1630
1631
1630
1635
1631
1635
1636
1635
1635
1635
1634
1631
1636
1634
1636
1636
1638
1634
1640
1635
1635
1630
1630
1630
1636
1634
1631
1630
1631
1631
1623
1622
1622
1616
1616
1621
1622
1622
1627
1629
1629
1628
1622
1623
1624
1622
1623
1624
1622
1624
1622
1627
1627
1623
1623
1627
1624
1624
1624
1621
1619
1621
1623
1622
1622
1617
1615
1608
1586
1551
1506
1443
1376
1328
1294
1256
1264
1337
1409
1489
1541
1577
1598
1616
1634
1642
1653
1662
1664
1664
1666
1670
1668
1668
1670
1670
1674
1674
1675
1674
1675
1676
1680
1679
1676
1677
1681
1681
1681
1682
1686
1687
1683
1685
1687
1687
1687
1690
1687
1687
1686
1683
1679
1683
1679
1672
1672
1666
1667
1668
1659
1655
1648
1643
1641
1638
1631
1625
1621
1621
1621
1618
1617
1614
1612
1611
1612
1612
1611
1614
1616
1618
1618
1621
1616
1621
1621
1623
1618
1621
1618
1624
1619
1623
1619
1622
1622
1623
1623
1625
1622
1623
1622
1629
1627
1629
1624
1627
1629
1630
1629
1629
1631
1630
1632
1631
1637
1635
1636
1634
1640
1635
1634
1631
1630
1630
1631
1632
1628
1631
1631
1632
1624
1624
1624
1625
1622
1627
1627
1627
1630
1629
1629
1631
1625
1629
1630
1628
1629
1631
1627
1630
1630
1631
1630
1630
1627
1627
1629
1628
1627
1625
1627
1625
1627
1625
1628
1622
1621
1614
1591
1567
1505
1461
1402
1348
1299
1264
1269
1337
1414
1482
1537
1573
1601
1622
1638
1649
1655
1660
1670
1669
1672
1668
1673
1676
1673
1675
1674
1676
1680
1681
1679
1681
1685
1682
1683
1688
1687
1692
1687
1688
1688
1692
1689
1693
1692
1689
1693
1693
1694
1696
1688
1686
1687
1689
1685
1679
1677
1674
1672
1669
1662
1661
1654
1649
1645
1636
1631
1630
1629
1622
1622
1619
1621
1617
1621
1623
1621
1616
1622
1621
1618
1624
1624
1625
1624
1623
1624
1627
1624
1622
1624
1625
1625
1622
1623
1622
1624
1629
1630
1622
1623
1627
1629
1627
1630
1629
1634
1630
1632
1635
1636
1636
1635
1635
1636
1635
1635
1638
1638
1641
1640
1640
1638
1638
1641
1640
1638
1631
1634
1630
1631
1632
1631
1629
1627
1625
1622
1622
1619
1618
1618
1621
1623
1625
1625
1629
1627
1629
1629
1627
1622
1628
1630
1630
1624
1628
1622
1627
1624
1625
1622
1627
1624
1632
1630
1629
1630
1630
1625
1629
1622
1622
1622
1611
1582
1550
1506
1438
1360
1313
1302
1270
1307
1378
1456
1521
1558
1590
1611
1627
1641
1651
1660
1660
1662
1669
1673
1670
1672
1672
1670
1673
1680
1677
1674
1674
1681
1682
1681
1679
1681
1681
1685
1686
1686
1687
1685
1688
1690
1692
1688
1692
1692
1692
1692
1692
1688
1683
1681
1682
1680
1681
1677
1677
1670
1663
1667
1660
1655
1649
1645
1641
1634
1630
1628
1629
1623
1629
1622
1621
1619
1623
1621
1622
1621
1622
1623
1624
1622
1630
1624
1629
1628
1632
1630
1630
1630
1631
1627
1627
1624
1625
1630
1630
1635
1630
1634
1630
1634
1630
1634
1631
1643
1636
1643
1643
1640
1638
1637
1643
1643
1645
1644
1647
1654
1647
1650
1645
1645
1641
1636
1631
1630
1635
1635
1641
1638
1645
1640
1638
1634
1631
1631
1630
1627
1625
1629
1630
1635
1630
1632
1632
1635
1632
1636
1632
1636
1632
1632
1632
1634
1631
1632
1630
1634
1632
1631
1631
1636
1635
1634
1632
1630
1630
1629
1630
1627
1629
1615
1593
1567
1520
1468
1402
1328
1298
1277
1305
1369
1449
1518
1566
1597
1622
1640
1650
1660
1668
1669
1673
1673
1677
1677
1680
1677
1680
1685
1683
1687
1687
1686
1679
1688
1688
1689
1689
1688
1695
1693
1693
1692
1695
1692
1693
1694
1702
1696
1693
1696
1701
1701
1696
1696
1689
1687
1685
1683
1680
1679
1674
1672
1664
1663
1660
1653
1645
1642
1640
1636
1631
1628
1624
1627
1628
1624
1624
1624
1627
1625
1627
1622
1629
1629
1630
1630
1630
1630
1630
1629
1632
1635
1627
1625
1625
1630
1632
1636
1631
1631
1636
1638
1635
1637
1632
1636
1638
1636
1640
1638
1640
1637
1641
1643
1642
1644
1643
1650
1644
1644
1643
1641
1641
1642
1642
1638
1641
1641
1640
1641
1638
1638
1638
1640
1637
1637
1636
1631
1628
1630
1630
1630
1631
1630
1631
1630
1632
1631
1630
1631
1632
1634
1630
1635
1631
1632
1629
1632
1631
1631
1630
1636
1634
1632
1630
1635
1632
1634
1636
1635
1635
1625
1630
1630
1621
1592
1554
1515
1441
1385
1318
1277
1242
1274
1344
1435
1511
1565
1597
1622
1640
1654
1661
1666
1674
1681
1681
1680
1680
1687
1683
1683
1683
1687
1688
1692
1688
1688
1688
1687
1689
1693
1696
1698
1694
1696
1694
1700
1700
1705
1701
1702
1702
1702
1696
1700
1698
1696
1696
1700
1695
1692
1692
1687
1686
1681
1673
1668
1666
1660
1662
1655
1650
1644
1641
1643
1637
1632
1628
1617
1621
1630
1624
1628
1625
1630
1625
1631
1627
1634
1632
1637
1634
1640
1636
1634
1635
1634
1634
1635
1635
1631
1636
1635
1636
1638
1641
1641
1643
1641
1641
1641
1642
1644
1641
1641
1641
1641
1647
1648
1649
1647
1645
1648
1645
1645
1648
1648
1644
1650
1648
1645
1643
1642
1649
1642
1644
1638
1637
1635
1634
1635
1635
1638
1632
1636
1634
1636
1636
1636
1634
1638
1636
1640
1640
1636
1641
1640
1641
1635
1634
1632
1635
1634
1635
1637
1637
1635
1635
1638
1631
1636
1632
1635
1630
1631
1617
1589
1556
1516
1457
1393
1327
1286
1259
1299
1369
1445
1515
1559
1589
1621
1636
1650
1661
1664
1669
1675
1680
1676
1676
1680
1681
1683
1685
1681
1682
1688
1688
1687
1687
1690
1693
1692
1692
1693
1688
1692
1693
1693
1694
1698
1696
1695
1698
1701
1696
1693
1698
1695
1693
1687
1690
1683
1682
1682
1681
1674
1674
1669
1663
1660
1651
1650
1644
1641
1638
1640
1631
1624
1628
1630
1627
1629
1624
1625
1630
1629
1630
1627
1627
1628
1632
1629
1630
1630
1630
1627
1630
1627
1636
1629
1629
1630
1631
1634
1635
1631
1628
1631
1631
1631
1631
1635
1638
1641
1642
1638
1638
1631
1636
1636
1637
1637
1641
1645
1643
1649
1649
1645
1643
1641
1644
1641
1643
1638
1636
1640
1642
1643
1636
1640
1636
1641
1631
1630
1623
1630
1629
1631
1631
1634
1631
1636
1632
1637
1638
1635
1635
1635
1636
1631
1634
1631
1631
1631
1631
1635
1635
1635
1636
1642
1635
1638
1638
1637
1636
1634
1629
1630
1630
1618
1593
1551
1516
1462
1386
1341
1294
1279
1295
1367
1447
1515
1561
1592
1616
1636
1654
1662
1662
1672
1673
1677
1679
1683
1683
1686
1687
1596
1625
1645
1657
1669
1676
1682
1687
1687
1689
1692
1693
1692
1696
1696
1693
1693
1699
1701
1700
1698
1698
1695
1695
1695
1695
1698
1695
1690
1688
1683
1679
1681
1679
1674
1668
1664
1660
1659
1650
1656
1645
1644
1632
1640
1632
1628
1627
1629
1625
1631
1627
1628
1628
1629
1631
1631
1632
1628
1631
1635
1640
1640
1640
1636
1635
1635
1636
1636
1631
1630
1630
1635
1634
1636
1637
1642
1640
1645
1643
1641
1643
1640
1641
1641
1640
1642
1641
1647
1647
1650
1645
1643
1648
1643
1645
1643
1644
1643
1645
1650
1647
1649
1640
1643
1641
1641
1640
1641
1641
1637
1638
1630
1635
1628
1630
1628
1634
1630
1635
1638
1635
1636
1637
1637
1636
1640
1640
1640
1635
1632
1635
1638
1637
1640
1636
1634
1636
1638
1636
1638
1631
1635
1635
1635
1631
1630
1624
1616
1589
1537
1483
1417
1359
1302
1296
1280
1337
1409
1483
1540
1578
1605
1623
1643
1653
1660
1661
1675
1675
1675
1677
1686
1681
1681
1679
1681
1682
1683
1687
1688
1687
1687
1692
1692
1688
1687
1692
1692
1695
1692
1692
1695
1694
1696
1694
1696
1696
1700
1699
1693
1693
1692
1692
1688
1681
1685
1679
1674
1673
1672
1662
1663
1657
1659
1657
1649
1643
1637
1636
1635
1635
1630
1624
1624
1625
1623
1627
1627
1628
1627
1628
1631
1635
1635
1636
1635
1631
1635
1632
1632
1634
1634
1632
1634
1630
1635
1636
1638
1638
1640
1641
1636
1638
1637
1636
1638
1638
1641
1641
1645
1643
1648
1642
1645
1649
1649
1650
1645
1648
1649
1650
1650
1647
1648
1645
1645
1650
1645
1649
1650
1650
1648
1644
1643
1645
1645
1644
1643
1636
1632
1635
1636
1634
1636
1638
1636
1637
1641
1641
1664
1670
1663
1659
1654
1644
1648
1641
1644
1641
1643
1641
1640
1638
1641
1640
1638
1637
1635
1641
1640
1645
1643
1636
1636
1631
1630
1612
1578
1526
1485
1431
1378
1309
1283
1282
1340
1427
1507
1556
1593
1621
1641
1655
1660
1666
1673
1679
1683
1683
1688
1687
1685
1692
1692
1693
1690
1692
1694
1693
1692
1692
1696
1698
1701
1702
1701
1699
1699
1700
1705
1702
1703
1700
1703
1707
1705
1699
1700
1702
1700
1698
1699
1698
1693
1687
1687
1681
1676
1675
1670
1664
1664
1660
1653
1645
1645
1641
1636
1636
1634
1635
1631
1636
1630
1631
1631
1631
1631
1636
1631
1632
1638
1638
1641
1632
1635
1632
1634
1636
1637
1634
1635
1641
1643
1648
1643
1641
1641
1638
1642
1641
1643
1642
1647
1642
1643
1642
1641
1644
1648
1647
1651
1650
1650
1651
1650
1650
1648
1645
1643
1650
1650
1653
1650
1645
1648
1650
1647
1645
1642
1649
1643
1642
1640
1637
1630
1630
1636
1638
1637
1636
1640
1640
1642
1640
1641
1638
1636
1640
1641
1643
1640
1641
1641
1642
1642
1640
1640
1636
1640
1638
1640
1640
1637
1640
1638
1640
1636
1635
1630
1631
1612
1583
1535
1492
1421
1351
1295
1264
1251
1309
1392
1483
1543
1584
1611
1635
1654
1664
1669
1672
1679
1679
1686
1688
1696
1690
1688
1690
1690
1689
1686
1695
1695
1696
1696
1698
1698
1698
1701
1702
1700
1701
1702
1701
1705
1711
1707
1705
1705
1706
1701
1703
1702
1701
1702
1698
1694
1693
1692
1688
1687
1682
1680
1674
1670
1664
1660
1657
1650
1649
1643
1641
1640
1641
1634
1634
1634
1635
1635
1634
1638
1632
1638
1641
1644
1638
1641
1641
1643
1643
1643
1641
1641
1641
1641
1642
1645
1635
1556
1583
1608
1623
1634
1632
1640
1645
1643
1643
1643
1649
1650
1650
1651
1650
1650
1653
1651
1655
1654
1655
1651
1650
1653
1647
1651
1651
1656
1654
1650
1649
1645
1648
1649
1650
1647
1642
1641
1636
1643
1641
1643
1642
1643
1645
1645
1643
1641
1643
1640
1641
1645
1645
1643
1643
1648
1643
1644
1641
1641
1642
1642
1645
1643
1643
1643
1643
1643
1641
1641
1638
1637
1636
1630
1617
1589
1556
1499
1450
1376
1322
1272
1264
1305
1384
1466
1530
1574
1605
1630
1648
1654
1663
1669
1676
1680
1685
1687
1687
1687
1693
1696
1689
1690
1698
1698
1693
1694
1695
1696
1696
1700
1705
1699
1698
1702
1702
1703
1707
1703
1698
1703
1706
1705
1702
1699
1702
1705
1703
1699
1696
1699
1689
1688
1682
1683
1679
1673
1669
1663
1660
1653
1651
1648
1645
1642
1636
1635
1631
1632
1631
1635
1629
1636
1632
1635
1635
1638
1635
1638
1638
1638
1638
1636
1636
1636
1636
1640
1640
1637
1640
1645
1641
1640
1638
1638
1640
1641
1641
1640
1641
1641
1644
1648
1643
1643
1645
1650
1649
1648
1650
1654
1656
1650
1654
1653
1648
1651
1650
1650
1656
1651
1654
1649
1649
1649
1642
1648
1648
1648
1645
1640
1638
1631
1635
1637
1640
1641
1642
1645
1642
1649
1641
1641
1640
1637
1642
1643
1642
1641
1642
1645
1643
1641
1636
1640
1638
1641
1641
1641
1642
1641
1641
1641
1645
1640
1640
1640
1638
1630
1616
1574
1525
1474
1423
1366
1312
1282
1296
1347
1428
1501
1551
1591
1614
1641
1653
1662
1664
1677
1683
1686
1687
1689
1683
1685
1690
1696
1692
1688
1698
1696
1693
1693
1696
1698
1695
1700
1702
1703
1703
1707
1707
1703
1706
1705
1683
1677
1692
1696
1698
1698
1700
1703
1698
1698
1694
1693
1688
1685
1688
1680
1672
1673
1668
1663
1660
1654
1651
1645
1643
1638
1636
1629
1632
1631
1635
1631
1634
1634
1636
1636
1638
1637
1636
1638
1640
1641
1642
1638
1642
1640
1645
1641
1641
1642
1643
1641
1645
1643
1640
1645
1643
1649
1645
1643
1643
1642
1648
1649
1653
1653
1649
1657
1651
1651
1649
1648
1649
1650
1655
1657
1656
1653
1650
1657
1653
1653
1659
1655
1654
1650
1649
1648
1645
1649
1645
1648
1641
1642
1641
1638
1636
1635
1636
1635
1641
1640
1645
1641
1645
1645
1645
1645
1645
1645
1636
1643
1643
1641
1643
1641
1645
1642
1641
1640
1636
1638
1636
1643
1641
1641
1640
1641
1637
1636
1618
1591
1550
1508
1445
1397
1330
1302
1289
1335
1403
1482
1537
1578
1608
1629
1650
1660
1666
1670
1679
1685
1686
1687
1688
1689
1687
1687
1693
1692
1692
1694
1696
1693
1695
1696
1696
1698
1698
1698
1696
1698
1708
1707
1705
1703
1702
1702
1702
1706
1706
1706
1702
1705
1700
1702
1698
1695
1689
1692
1683
1677
1675
1673
1670
1673
1664
1659
1654
1647
1644
1640
1638
1636
1635
1631
1631
1631
1631
1630
1635
1635
1635
1640
1635
1637
1637
1637
1642
1638
1641
1640
1643
1640
1641
1637
1638
1641
1640
1643
1640
1643
1637
1636
1642
1643
1645
1644
1645
1648
1648
1650
1645
1650
1648
1650
1645
1648
1650
1650
1650
1653
1653
1650
1650
1655
1650
1651
1651
1648
1650
1647
1649
1649
1648
1644
1649
1648
1649
1647
1645
1643
1641
1635
1636
1630
1635
1637
1640
1636
1641
1640
1640
1641
1641
1641
1636
1640
1641
1642
1640
1640
1641
1641
1643
1640
1642
1643
1642
1641
1642
1641
1635
1632
1695
1679
1664
1655
1645
1641
1621
1589
1540
1485
1427
1364
1306
1276
1281
1331
1408
1490
1547
1589
1614
1630
1655
1664
1670
1674
1681
1681
1683
1685
1683
1682
1683
1688
1695
1693
1693
1695
1696
1696
1696
1696
1698
1698
1694
1696
1699
1699
1696
1705
1702
1706
1706
1703
1702
1706
1706
1703
1702
1701
1698
1696
1695
1696
1689
1686
1679
1676
1675
1672
1662
1660
1655
1655
1648
1645
1641
1636
1636
1631
1630
1630
1632
1631
1634
1631
1630
1629
1625
1631
1631
1627
1629
1630
1635
1638
1632
1635
1635
1638
1638
1637
1636
1635
1632
1635
1636
1635
1636
1636
1638
1640
1641
1641
1640
1641
1638
1644
1636
1643
1640
1640
1642
1645
1649
1645
1644
1641
1642
1643
1642
1641
1641
1644
1642
1643
1640
1636
1641
1641
1643
1635
1635
1629
1630
1630
1630
1627
1627
1630
1631
1634
1630
1631
1632
1631
1631
1635
1635
1635
1634
1634
1631
1631
1630
1630
1635
1634
1638
1632
1635
1632
1634
1635
1635
1629
1631
1631
1627
1627
1625
1617
1593
1550
1506
1445
1369
1318
1275
1248
1281
1341
1427
1499
1551
1586
1612
1631
1642
1653
1660
1663
1670
1674
1673
1674
1679
1679
1674
1676
1680
1679
1681
1685
1683
1685
1686
1688
1690
1688
1687
1688
1687
1690
1692
1692
1693
1696
1695
1693
1693
1687
1694
1693
1690
1690
1690
1688
1687
1683
1683
1675
1669
1667
1666
1661
1653
1653
1645
1641
1636
1636
1630
1625
1622
1624
1618
1622
1617
1622
1617
1623
1622
1625
1625
1630
1627
1631
1631
1630
1625
1630
1629
1630
1631
1627
1629
1630
1631
1627
1630
1630
1637
1631
1634
1632
1638
1636
1640
1641
1637
1635
1636
1636
1636
1636
1638
1640
1641
1643
1643
1650
1647
1643
1643
1643
1641
1643
1641
1643
1636
1642
1640
1640
1631
1638
1634
1632
1629
1631
1628
1628
1629
1629
1627
1624
1631
1631
1634
1629
1631
1631
1635
1631
1631
1630
1634
1630
1635
1631
1634
1631
1636
1632
1634
1631
1631
1629
1629
1630
1630
1629
1625
1629
1623
1611
1583
1545
1492
1435
1366
1318
1275
1260
1308
1385
1463
1521
1565
1592
1618
1638
1649
1656
1659
1664
1669
1673
1673
1673
1673
1677
1679
1683
1681
1679
1679
1680
1681
1688
1689
1683
1681
1683
1687
1681
1683
1688
1692
1694
1689
1696
1695
1692
1688
1690
1687
1686
1688
1688
1688
1683
1683
1675
1674
1668
1667
1662
1655
1655
1654
1645
1643
1642
1635
1637
1623
1624
1627
1618
1619
1621
1618
1615
1612
1616
1614
1614
1616
1621
1621
1621
1622
1624
1621
1621
1619
1621
1621
1621
1622
1621
1621
1622
1624
1622
1625
1627
1627
1627
1627
1623
1625
1624
1627
1630
1632
1630
1632
1635
1635
1634
1635
1634
1631
1636
1634
1640
1632
1635
1634
1637
1632
1631
1631
1630
1630
1631
1631
1630
1627
1629
1632
1628
1630
1627
1629
1619
1617
1610
1623
1615
1617
1619
1621
1621
1623
1622
1622
1621
1624
1622
1625
1623
1627
1623
1623
1623
1625
1622
1624
1623
1622
1622
1622
1627
1625
1622
1619
1622
1619
1619
1622
1622
1615
1603
1580
1545
1495
1442
1382
1332
1279
1269
1294
1365
1441
1508
1552
1583
1604
1623
1641
1645
1650
1657
1662
1663
1669
1673
1672
1670
1676
1679
1675
1675
1669
1674
1677
1677
1679
1680
1680
1680
1679
1683
1685
1687
1687
1687
1687
1688
1686
1681
1687
1692
1687
1683
1681
1686
1680
1677
1676
1673
1669
1668
1664
1663
1655
1650
1643
1638
1631
1629
1627
1625
1621
1621
1619
1616
1611
1616
1616
1616
1617
1618
1615
1614
1617
1622
1619
1617
1617
1623
1621
1621
1617
1619
1617
1622
1621
1624
1621
1624
1622
1623
1622
1623
1621
1624
1625
1630
1631
1629
1627
1632
1631
1631
1630
1630
1627
1631
1634
1636
1631
1634
1634
1635
1636
1634
1634
1637
1631
1634
1636
1631
1631
1630
1632
1631
1631
1624
1627
1624
1624
1627
1628
1623
1624
1622
1622
1617
1617
1616
1622
1622
1624
1624
1625
1621
1625
1624
1625
1623
1623
1622
1625
1624
1624
1621
1622
1623
1623
1624
1622
1621
1622
1622
1618
1617
1623
1621
1621
1618
1616
1601
1573
1543
1503
1436
1377
1332
1276
1272
1308
1379
1453
1511
1553
1585
1609
1622
1640
1649
1654
1660
1661
1663
1664
1667
1668
1669
1668
1673
1676
1675
1674
1674
1676
1675
1674
1676
1679
1680
1682
1681
1683
1683
1683
1683
1687
1690
1692
1692
1689
1688
1686
1683
1690
1683
1680
1676
1674
1675
1674
1668
1662
1662
1655
1653
1653
1641
1640
1634
1634
1623
1622
1619
1622
1622
1622
1617
1617
1611
1612
1616
1616
1611
1614
1616
1616
1618
1618
1621
1619
1617
1618
1622
1621
1616
1616
1621
1622
1622
1621
1622
1623
1624
1629
1623
1624
1625
1630
1627
1631
1630
1631
1631
1635
1631
1630
1630
1631
1635
1635
1636
1635
1641
1636
1641
1638
1638
1635
1631
1631
1636
1636
1635
1636
1631
1636
1632
1631
1629
1627
1630
1631
1631
1629
1631
1630
1624
1627
1622
1619
1624
1622
1624
1624
1625
1622
1624
1628
1630
1628
1631
1631
1631
1640
1631
1625
1627
1627
1629
1629
1629
1625
1629
1625
1630
1630
1631
1625
1629
1629
1629
1622
1622
1614
1597
1563
1578
1621
1494
1397
1337
1298
1296
1350
1421
1505
1554
1586
1609
1627
1642
1654
1659
1660
1668
1673
1673
1677
1679
1676
1679
1679
1679
1679
1680
1679
1683
1682
1686
1688
1690
1686
1683
1692
1693
1689
1688
1693
1694
1692
1692
1699
1698
1695
1695
1698
1693
1690
1689
1688
1687
1685
1681
1674
1673
1670
1670
1663
1657
1653
1649
1643
1641
1635
1631
1623
1624
1622
1619
1621
1617
1622
1622
1623
1622
1622
1622
1622
1623
1627
1625
1625
1629
1630
1627
1625
1624
1625
1624
1625
1629
1627
1627
1631
1635
1631
1632
1630
1634
1631
1634
1635
1636
1635
1635
1641
1641
1641
1636
1636
1636
1640
1640
1641
1644
1641
1642
1640
1643
1636
1641
1640
1638
1640
1637
1641
1636
1640
1640
1637
1636
1635
1638
1634
1635
1630
1625
1618
1622
1621
1623
1622
1631
1631
1636
1627
1631
1631
1630
1631
1630
1631
1630
1630
1631
1631
1627
1632
1630
1629
1629
1635
1631
1632
1630
1630
1630
1630
1629
1629
1623
1624
1623
1612
1586
1546
1508
1447
1379
1322
1275
1242
1262
1337
1428
1500
1545
1583
1606
1624
1641
1650
1653
1660
1663
1662
1673
1669
1669
1675
1673
1674
1676
1676
1673
1679
1681
1681
1679
1683
1687
1687
1682
1692
1688
1689
1692
1696
1694
1689
1688
1693
1695
1692
1694
1695
1692
1686
1688
1687
1680
1677
1677
1677
1677
1669
1663
1660
1651
1649
1645
1642
1640
1632
1632
1631
1629
1625
1629
1621
1624
1622
1621
1621
1627
1628
1627
1623
1624
1627
1623
1623
1624
1629
1631
1629
1634
1631
1630
1625
1631
1631
1630
1630
1631
1631
1632
1636
1636
1634
1635
1636
1635
1638
1636
1635
1638
1641
1645
1647
1645
1640
1641
1635
1638
1638
1637
1636
1597
1614
1623
1631
1631
1640
1638
1641
1638
1638
1636
1635
1636
1631
1632
1625
1624
1625
1622
1621
1629
1627
1630
1630
1629
1631
1631
1628
1631
1630
1630
1628
1631
1630
1634
1632
1631
1630
1631
1635
1630
1630
1627
1631
1627
1629
1625
1631
1630
1634
1631
1632
1627
1604
1572
1532
1474
1414
1361
1294
1269
1269
1320
1390
1468
1527
1570
1593
1621
1636
1644
1655
1663
1666
1668
1667
1667
1677
1679
1680
1677
1677
1680
1677
1681
1680
1676
1679
1686
1682
1681
1687
1687
1687
1689
1692
1694
1689
1694
1692
1690
1685
1685
1687
1688
1686
1688
1687
1685
1680
1679
1676
1673
1669
1660
1659
1651
1650
1647
1643
1640
1636
1638
1631
1630
1622
1621
1619
1617
1614
1614
1616
1617
1617
1618
1617
1617
1621
1619
1622
1624
1622
1622
1622
1623
1622
1621
1616
1622
1622
1624
1623
1629
1624
1629
1622
1623
1625
1624
1622
1629
1625
1630
1628
1634
1630
1635
1632
1631
1631
1631
1636
1631
1634
1631
1640
1634
1637
1632
1635
1634
1636
1631
1632
1634
1631
1634
1630
1635
1630
1625
1621
1623
1625
1629
1625
1624
1621
1622
1621
1619
1619
1615
1612
1617
1616
1618
1617
1621
1618
1624
1622
1625
1625
1622
1621
1624
1622
1622
1622
1622
1625
1627
1629
1624
1625
1623
1622
1622
1624
1624
1627
1624
1627
1617
1621
1605
1583
1552
1507
1442
1390
1337
1292
1272
1290
1363
1435
1501
1547
1586
1606
1628
1641
1650
1655
1664
1663
1668
1669
1676
1674
1676
1669
1673
1677
1675
1679
1681
1680
1677
1682
1682
1677
1679
1679
1683
1687
1687
1687
1692
1692
1693
1693
1692
1689
1690
1688
1692
1688
1685
1686
1688
1681
1679
1673
1672
1670
1669
1649
1685
1664
1656
1654
1645
1640
1631
1630
1627
1627
1621
1622
1622
1622
1622
1624
1619
1619
1616
1617
1621
1624
1623
1625
1627
1629
1625
1624
1627
1630
1625
1627
1628
1629
1624
1629
1629
1630
1630
1627
1627
1632
1630
1637
1638
1638
1634
1636
1640
1640
1641
1636
1640
1643
1642
1642
1641
1641
1642
1647
1645
1643
1641
1641
1643
1640
1640
1640
1638
1640
1645
1641
1641
1640
1637
1636
1637
1636
1631
1631
1635
1632
1631
1631
1630
1627
1624
1625
1629
1631
1631
1631
1635
1634
1636
1635
1638
1637
1636
1635
1631
1632
1631
1635
1634
1634
1632
1635
1635
1635
1632
1631
1631
1631
1635
1635
1631
1625
1619
1603
1570
1516
1470
1408
1352
1302
1279
1279
1335
1415
1499
1548
1582
1608
1631
1644
1650
1660
1669
1670
1676
1676
1679
1680
1681
1681
1679
1680
1680
1683
1682
1686
1687
1687
1690
1690
1692
1693
1694
1698
1698
1694
1695
1698
1698
1699
1698
1698
1702
1699
1699
1695
1699
1696
1693
1693
1689
1681
1677
1674
1673
1672
1668
1663
1661
1653
1654
1647
1643
1638
1634
1631
1628
1627
1623
1628
1624
1629
1622
1627
1627
1630
1630
1631
1630
1631
1630
1630
1631
1634
1631
1627
1634
1635
1640
1638
1641
1638
1635
1640
1638
1640
1635
1636
1638
1641
1637
1636
1643
1640
1644
1641
1645
1647
1645
1650
1650
1649
1641
1645
1649
1643
1649
1647
1645
1650
1649
1647
1643
1640
1640
1642
1640
1641
1641
1640
1642
1643
1645
1642
1641
1636
1635
1632
1630
1631
1627
1630
1631
1637
1635
1635
1638
1645
1640
1644
1641
1640
1641
1641
1644
1640
1642
1637
1643
1641
1644
1642
1643
1641
1637
1641
1638
1635
1634
1636
1635
1635
1632
1630
1657
1664
1617
1547
1475
1414
1343
1299
1264
1272
1328
1421
1502
1557
1589
1618
1636
1654
1663
1669
1675
1677
1683
1683
1683
1682
1686
1687
1688
1692
1694
1693
1687
1692
1693
1696
1694
1695
1701
1698
1698
1700
1699
1700
1702
1703
1706
1706
1706
1703
1703
1702
1707
1698
1696
1700
1698
1696
1690
1693
1686
1677
1677
1674
1668
1666
1660
1660
1650
1645
1640
1640
1635
1636
1635
1631
1630
1630
1630
1629
1631
1631
1636
1631
1634
1631
1632
1630
1634
1635
1635
1635
1630
1636
1632
1636
1636
1636
1635
1641
1638
1640
1640
1636
1640
1640
1643
1641
1643
1641
1642
1643
1642
1642
1640
1642
1643
1648
1650
1649
1650
1647
1648
1649
1643
1645
1643
1645
1648
1642
1649
1640
1641
1640
1641
1641
1634
1636
1632
1637
1634
1632
1628
1635
1631
1640
1640
1635
1638
1636
1640
1640
1641
1634
1636
1632
1636
1636
1638
1636
1636
1640
1635
1640
1636
1640
1640
1636
1640
1632
1636
1631
1637
1634
1635
1630
1624
1591
1559
1519
1449
1398
1326
1289
1264
1285
1352
1432
1502
1558
1591
1614
1631
1645
1655
1663
1664
1672
1674
1676
1679
1676
1682
1679
1680
1681
1687
1689
1683
1685
1692
1692
1689
1688
1692
1688
1692
1690
1696
1693
1694
1696
1700
1699
1695
1695
1693
1693
1698
1696
1690
1689
1688
1688
1683
1679
1681
1677
1670
1670
1664
1657
1655
1645
1643
1637
1640
1630
1635
1630
1630
1630
1629
1624
1625
1622
1624
1625
1625
1624
1629
1630
1629
1627
1627
1632
1630
1631
1631
1634
1628
1632
1634
1632
1631
1632
1634
1638
1636
1638
1640
1636
1640
1636
1641
1637
1641
1638
1645
1645
1641
1643
1643
1643
1641
1644
1641
1640
1644
1631
1648
1647
1644
1643
1643
1641
1643
1638
1631
1636
1640
1641
1643
1636
1635
1631
1631
1629
1628
1624
1631
1630
1637
1635
1634
1634
1634
1637
1634
1632
1635
1636
1636
1641
1635
1635
1631
1635
1637
1635
1635
1634
1635
1634
1638
1635
1635
1635
1641
1635
1636
1631
1624
1596
1560
1522
1470
1403
1338
1298
1276
1308
1378
1441
1511
1554
1592
1611
1631
1644
1657
1663
1669
1669
1670
1675
1677
1676
1681
1682
1682
1685
1685
1686
1686
1683
1680
1681
1685
1686
1687
1692
1692
1694
1692
1693
1695
1695
1692
1694
1692
1692
1693
1696
1695
1694
1690
1688
1687
1681
1679
1679
1679
1674
1672
1662
1660
1656
1649
1649
1641
1641
1636
1632
1629
1627
1625
1622
1618
1617
1616
1622
1622
1619
1622
1625
1624
1625
1624
1628
1630
1628
1630
1627
1627
1625
1630
1627
1630
1629
1629
1624
1629
1628
1630
1627
1627
1624
1629
1627
1630
1631
1632
1637
1636
1640
1637
1640
1636
1638
1637
1636
1644
1638
1640
1640
1642
1638
1637
1640
1638
1640
1641
1641
1631
1632
1634
1641
1631
1632
1632
1631
1629
1628
1624
1623
1622
1623
1629
1627
1624
1625
1628
1624
1629
1623
1629
1629
1631
1629
1635
1630
1630
1634
1635
1635
1631
1631
1630
1631
1630
1630
1627
1627
1628
1632
1631
1627
1622
1619
1602
1574
1535
1477
1414
1353
1312
1267
1273
1322
1404
1481
1535
1578
1603
1625
1640
1649
1657
1661
1666
1673
1673
1674
1679
1679
1677
1677
1681
1682
1680
1680
1680
1681
1682
1686
1690
1689
1692
1692
1692
1696
1693
1693
1694
1693
1692
1694
1695
1693
1698
1699
1699
1699
1693
1692
1692
1688
1683
1677
1674
1675
1669
1668
1661
1657
1659
1649
1647
1636
1669
1650
1645
1632
1634
1629
1631
1630
1631
1627
1629
1627
1629
1629
1630
1630
1629
1627
1624
1624
1624
1630
1631
1631
1635
1635
1629
1631
1631
1632
1635
1636
1635
1634
1634
1636
1641
1640
1640
1636
1640
1636
1640
1641
1643
1644
1643
1645
1647
1649
1648
1644
1650
1649
1649
1645
1649
1648
1647
1645
1643
1643
1637
1642
1643
1643
1641
1641
1643
1641
1641
1636
1638
1637
1637
1634
1630
1629
1625
1630
1630
1635
1635
1636
1630
1635
1634
1635
1634
1637
1635
1638
1634
1636
1640
1636
1636
1640
1641
1631
1636
1632
1638
1635
1635
1634
1635
1635
1636
1632
1625
1627
1617
1586
1552
1489
1450
1377
1314
1268
1253
1275
1357
1450
1521
1571
1602
1627
1645
1657
1667
1668
1672
1673
1677
1682
1679
1681
1685
1687
1683
1686
1687
1688
1688
1689
1692
1693
1687
1690
1693
1690
1696
1699
1696
1695
1699
1705
1706
1699
1699
1699
1700
1698
1698
1698
1696
1696
1695
1694
1689
1683
1682
1679
1674
1670
1669
1664
1656
1651
1648
1645
1640
1638
1635
1631
1630
1631
1627
1629
1623
1630
1629
1627
1625
1631
1631
1631
1634
1630
1631
1631
1631
1630
1630
1630
1632
1635
1634
1635
1638
1636
1636
1640
1632
1631
1631
1636
1638
1640
1641
1640
1641
1641
1644
1645
1643
1641
1643
1647
1642
1643
1648
1645
1645
1645
1645
1645
1645
1644
1643
1644
1641
1643
1638
1644
1643
1640
1640
1638
1638
1636
1631
1625
1628
1627
1631
1630
1636
1635
1641
1636
1635
1634
1634
1630
1631
1637
1638
1638
1635
1636
1636
1638
1640
1638
1640
1640
1641
1637
1641
1638
1635
1632
1635
1635
1635
1631
1635
1627
1608
1564
1521
1461
1404
1345
1295
1261
1270
1331
1388
1460
1519
1561
1599
1622
1638
1649
1662
1664
1673
1677
1676
1676
1681
1679
1679
1681
1687
1682
1682
1683
1690
1688
1688
1688
1692
1693
1695
1695
1699
1696
1698
1699
1699
1693
1695
1698
1698
1693
1694
1700
1696
1693
1694
1696
1689
1688
1687
1680
1680
1679
1669
1663
1660
1655
1654
1647
1642
1640
1641
1635
1632
1622
1624
1617
1622
1621
1627
1618
1625
1627
1630
1630
1627
1627
1629
1629
1629
1630
1629
1631
1631
1630
1629
1630
1630
1631
1631
1632
1631
1635
1631
1635
1635
1635
1631
1634
1632
1636
1635
1638
1640
1640
1641
1643
1642
1641
1637
1641
1640
1642
1641
1642
1645
1643
1645
1644
1642
1638
1643
1640
1637
1636
1635
1634
1631
1635
1635
1635
1631
1630
1627
1629
1628
1621
1619
1624
1623
1624
1627
1627
1627
1630
1631
1631
1632
1627
1630
1634
1634
1630
1634
1629
1630
1630
1630
1628
1627
1629
1630
1631
1631
1631
1629
1634
1624
1630
1622
1622
1603
1574
1545
1495
1437
1374
1327
1283
1264
1322
1386
1459
1526
1565
1596
1615
1628
1643
1654
1659
1668
1668
1669
1673
1675
1675
1675
1674
1673
1677
1677
1675
1677
1682
1683
1682
1681
1683
1685
1687
1688
1690
1686
1688
1688
1692
1692
1687
1688
1690
1688
1692
1694
1692
1685
1683
1681
1681
1679
1675
1673
1668
1667
1660
1662
1655
1650
1648
1644
1640
1634
1631
1627
1624
1619
1625
1615
1621
1617
1619
1618
1625
1624
1630
1624
1631
1624
1628
1622
1629
1628
1631
1629
1630
1627
1630
1630
1627
1623
1622
1624
1625
1629
1631
1634
1631
1635
1635
1637
1632
1636
1634
1641
1640
1638
1637
1641
1641
1641
1645
1644
1644
1645
1643
1642
1640
1641
1637
1641
1636
1673
1688
1672
1660
1655
1650
1641
1641
1637
1638
1632
1629
1624
1624
1621
1628
1627
1629
1630
1632
1630
1630
1629
1627
1634
1630
1636
1631
1631
1625
1631
1630
1631
1630
1631
1631
1635
1635
1631
1629
1627
1630
1630
1627
1630
1630
1625
1624
1612
1583
1532
1487
1440
1370
1328
1281
1275
1321
1395
1470
1532
1565
1597
1617
1636
1649
1656
1657
1672
1670
1669
1669
1673
1674
1679
1679
1676
1679
1679
1680
1683
1682
1683
1687
1683
1683
1685
1685
1686
1685
1688
1692
1694
1689
1696
1694
1693
1690
1692
1692
1688
1686
1689
1692
1683
1681
1681
1674
1664
1669
1661
1657
1654
1649
1649
1641
1643
1632
1634
1628
1630
1625
1621
1618
1622
1622
1617
1616
1619
1621
1621
1622
1624
1619
1622
1623
1627
1629
1629
1625
1624
1625
1622
1622
1627
1627
1627
1630
1630
1631
1628
1630
1634
1631
1630
1631
1630
1629
1630
1632
1634
1634
1641
1638
1645
1643
1642
1640
1637
1638
1637
1637
1635
1640
1632
1640
1638
1636
1635
1635
1635
1634
1631
1627
1634
1631
1631
1629
1631
1628
1630
1631
1631
1624
1624
1622
1622
1621
1624
1621
1622
1619
1624
1623
1624
1625
1631
1630
1630
1630
1627
1630
1627
1625
1622
1622
1624
1629
1630
1630
1629
1627
1625
1628
1625
1627
1624
1622
1619
1619
1605
1580
1533
1499
1428
1371
1316
1275
1248
1287
1359
1450
1518
1564
1591
1618
1635
1645
1657
1661
1663
1669
1674
1676
1679
1675
1675
1681
1680
1679
1681
1685
1685
1685
1681
1681
1683
1687
1689
1689
1688
1688
1688
1688
1693
1694
1695
1696
1696
1696
1694
1695
1692
1692
1690
1688
1693
1686
1681
1680
1681
1672
1668
1663
1656
1660
1653
1649
1645
1640
1637
1640
1612
1618
1616
1618
1622
1623
1624
1625
1623
1623
1623
1627
1624
1622
1624
1623
1628
1628
1629
1625
1630
1629
1634
1627
1630
1630
1630
1629
1634
1630
1631
1630
1635
1636
1636
1636
1636
1641
1638
1638
1636
1641
1637
1642
1643
1643
1642
1643
1647
1642
1642
1642
1640
1640
1643
1645
1641
1642
1638
1636
1634
1636
1636
1638
1631
1631
1629
1625
1624
1627
1627
1625
1630
1627
1630
1630
1631
1635
1637
1634
1635
1631
1632
1630
1630
1625
1630
1628
1631
1631
1630
1625
1630
1630
1631
1631
1630
1631
1629
1630
1629
1625
1622
1614
1592
1548
1503
1438
1376
1327
1286
1256
1264
1333
1421
1501
1550
1579
1605
1625
1640
1654
1659
1662
1663
1667
1669
1676
1674
1670
1673
1677
1674
1679
1677
1676
1681
1681
1680
1681
1681
1683
1687
1686
1688
1687
1686
1686
1689
1693
1692
1688
1693
1692
1687
1687
1692
1688
1686
1685
1682
1679
1674
1672
1666
1663
1660
1657
1649
1651
1643
1643
1638
1631
1627
1622
1617
1618
1616
1619
1615
1615
1617
1621
1616
1621
1622
1622
1622
1622
1622
1623
1622
1624
1624
1628
1623
1627
1624
1627
1625
1622
1624
1625
1624
1624
1629
1630
1630
1632
1631
1631
1631
1630
1634
1638
1640
1636
1636
1638
1640
1640
1638
1640
1640
1638
1641
1641
1645
1643
1643
1641
1637
1636
1634
1635
1632
1636
1635
1635
1630
1630
1629
1630
1630
1627
1629
1629
1631
1630
1634
1630
1634
1635
1636
1632
1632
1632
1635
1631
1632
1631
1631
1631
1631
1636
1631
1635
1630
1635
1635
1636
1631
1635
1629
1630
1624
1616
1586
1547
1498
1448
1370
1321
1285
1264
1294
1367
1451
1513
1559
1592
1618
1640
1649
1655
1649
1712
1702
1700
1694
1688
1688
1688
1688
1682
1686
1685
1687
1683
1692
1693
1692
1688
1694
1694
1692
1692
1696
1696
1698
1696
1698
1698
1696
1701
1703
1698
1698
1700
1695
1695
1694
1692
1688
1683
1680
1681
1675
1668
1667
1662
1662
1656
1651
1650
1645
1640
1635
1631
1629
1630
1630
1627
1630
1628
1627
1624
1627
1630
1627
1630
1628
1631
1625
1630
1627
1630
1629
1631
1631
1636
1631
1630
1629
1630
1630
1631
1629
1630
1631
1635
1636
1631
1632
1635
1637
1637
1635
1636
1640
1641
1642
1645
1641
1640
1641
1642
1642
1641
1644
1644
1644
1641
1642
1641
1641
1643
1640
1640
1635
1636
1637
1641
1641
1641
1641
1631
1630
1629
1624
1623
1629
1629
1635
1631
1631
1631
1631
1635
1629
1631
1630
1634
1630
1631
1627
1630
1629
1631
1632
1631
1635
1632
1631
1630
1634
1631
1635
1632
1635
1630
1627
1629
1622
1596
1560
1528
1475
1403
1356
1295
1269
1282
1341
1418
1485
1539
1578
1603
1625
1638
1650
1660
1664
1667
1672
1673
1673
1676
1677
1677
1679
1680
1683
1682
1689
1687
1683
1682
1683
1687
1685
1687
1688
1692
1689
1693
1692
1689
1692
1693
1698
1696
1693
1688
1695
1690
1690
1692
1688
1682
1682
1683
1676
1672
1672
1668
1666
1662
1654
1650
1644
1643
1636
1632
1631
1630
1627
1629
1624
1624
1624
1624
1622
1629
1630
1628
1629
1627
1631
1630
1634
1631
1634
1631
1635
1634
1631
1630
1634
1631
1635
1636
1635
1641
1635
1640
1637
1636
1630
1640
1641
1641
1642
1641
1643
1643
1645
1643
1643
1644
1642
1649
1650
1647
1651
1645
1655
1650
1653
1645
1643
1642
1649
1654
1649
1649
1647
1645
1644
1641
1641
1637
1640
1630
1635
1627
1624
1625
1631
1635
1641
1641
1636
1636
1634
1640
1637
1638
1635
1640
1641
1641
1640
1636
1641
1637
1641
1637
1636
1632
1637
1640
1637
1641
1636
1638
1638
1637
1634
1636
1614
1590
1559
1502
1450
1376
1318
1287
1293
1344
1399
1475
1533
1579
1608
1629
1643
1656
1663
1670
1675
1679
1682
1683
1687
1686
1689
1688
1683
1687
1686
1690
1689
1690
1694
1696
1696
1693
1696
1694
1698
1699
1700
1698
1698
1701
1706
1700
1701
1698
1698
1699
1698
1698
1696
1694
1692
1690
1688
1683
1679
1679
1673
1670
1668
1659
1659
1654
1650
1645
1643
1636
1634
1634
1631
1630
1627
1627
1622
1629
1628
1632
1627
1631
1635
1635
1635
1635
1634
1631
1636
1632
1636
1631
1631
1632
1632
1631
1634
1635
1635
1640
1640
1638
1635
1635
1636
1636
1640
1640
1645
1643
1644
1645
1649
1645
1645
1649
1650
1644
1645
1645
1649
1645
1648
1650
1649
1650
1650
1654
1651
1649
1649
1643
1643
1642
1644
1645
1644
1645
1642
1643
1635
1631
1630
1631
1636
1636
1641
1641
1643
1636
1640
1634
1643
1640
1641
1642
1641
1641
1641
1636
1636
1640
1635
1635
1640
1640
1640
1636
1636
1635
1634
1636
1640
1636
1630
1627
1612
1584
1553
1485
1445
1373
1316
1286
1275
1319
1398
1486
1548
1586
1611
1631
1649
1660
1667
1673
1679
1680
1687
1683
1683
1680
1688
1687
1693
1692
1694
1693
1694
1694
1694
1695
1695
1694
1700
1698
1702
1700
1700
1706
1706
1706
1702
1702
1705
1708
1708
1707
1702
1702
1699
1700
1698
1700
1692
1683
1686
1685
1675
1669
1667
1662
1662
1656
1659
1654
1653
1644
1643
1636
1636
1632
1630
1631
1635
1636
1634
1636
1635
1611
1624
1631
1632
1635
1635
1641
1642
1640
1637
1636
1640
1641
1644
1643
1642
1644
1645
1648
1642
1642
1641
1642
1645
1649
1650
1642
1649
1648
1649
1654
1648
1650
1653
1655
1654
1651
1654
1655
1654
1655
1655
1655
1654
1654
1653
1648
1649
1645
1650
1651
1654
1655
1653
1649
1643
1644
1643
1640
1641
1643
1645
1644
1645
1644
1643
1642
1643
1645
1643
1648
1649
1645
1645
1649
1650
1645
1650
1649
1645
1644
1641
1645
1645
1649
1648
1647
1644
1642
1643
1640
1635
1621
1598
1565
1521
1472
1390
1340
1294
1272
1296
1365
1450
1520
1572
1603
1630
1645
1660
1664
1677
1681
1681
1683
1688
1687
1688
1692
1692
1696
1701
1695
1694
1690
1694
1696
1698
1701
1705
1702
1700
1706
1705
1705
1702
1700
1702
1703
1701
1702
1705
1705
1705
1705
1703
1700
1700
1695
1695
1690
1687
1682
1681
1675
1669
1669
1667
1661
1660
1655
1653
1648
1637
1638
1634
1635
1632
1631
1631
1638
1635
1641
1640
1636
1635
1636
1637
1638
1640
1641
1641
1640
1641
1642
1641
1641
1641
1643
1641
1642
1643
1642
1643
1644
1645
1641
1640
1641
1645
1643
1643
1644
1648
1645
1650
1649
1650
1649
1650
1650
1650
1650
1650
1655
1653
1650
1651
1650
1650
1654
1655
1653
1649
1645
1649
1645
1645
1643
1643
1643
1641
1641
1641
1638
1635
1641
1642
1642
1641
1641
1641
1643
1647
1641
1648
1643
1642
1645
1643
1641
1641
1640
1641
1642
1643
1636
1641
1637
1648
1645
1645
1645
1644
1644
1643
1642
1637
1624
1598
1559
1514
1461
1396
1334
1294
1262
1307
1378
1451
1520
1570
1603
1623
1641
1657
1664
1672
1679
1686
1688
1683
1694
1695
1692
1692
1693
1693
1692
1692
1698
1698
1695
1696
1701
1700
1699
1701
1701
1701
1735
1724
1716
1712
1713
1711
1708
1705
1707
1703
1705
1705
1699
1698
1696
1695
1693
1688
1683
1682
1679
1673
1669
1664
1662
1660
1654
1650
1643
1637
1632
1635
1632
1632
1632
1636
1632
1631
1631
1631
1637
1635
1641
1638
1641
1632
1636
1636
1635
1636
1635
1638
1637
1640
1640
1641
1635
1641
1638
1638
1642
1645
1641
1638
1642
1643
1643
1640
1642
1649
1643
1645
1645
1647
1644
1643
1651
1653
1654
1650
1650
1653
1650
1650
1649
1647
1648
1649
1650
1645
1645
1644
1649
1647
1648
1648
1642
1640
1641
1643
1645
1641
1640
1636
1632
1631
1631
1624
1627
1630
1636
1635
1638
1638
1635
1638
1636
1635
1631
1636
1634
1636
1640
1638
1636
1632
1636
1636
1637
1635
1635
1636
1634
1635
1637
1636
1635
1634
1632
1631
1630
1622
1597
1570
1521
1463
1403
1343
1300
1267
1283
1352
1432
1505
1554
1591
1612
1631
1649
1656
1666
1670
1673
1679
1680
1680
1679
1681
1682
1681
1686
1683
1688
1683
1687
1688
1687
1688
1692
1690
1696
1694
1698
1696
1696
1696
1693
1698
1695
1695
1693
1698
1699
1698
1693
1692
1693
1689
1687
1683
1680
1675
1675
1674
1673
1664
1657
1655
1655
1649
1649
1640
1640
1631
1631
1629
1629
1622
1622
1622
1625
1623
1627
1630
1630
1631
1631
1631
1630
1630
1630
1631
1630
1635
1632
1635
1630
1631
1631
1631
1631
1631
1631
1631
1632
1631
1635
1635
1636
1638
1641
1638
1641
1638
1641
1640
1642
1642
1641
1641
1643
1642
1642
1641
1643
1645
1645
1650
1654
1654
1649
1650
1645
1645
1643
1645
1645
1641
1638
1638
1640
1636
1642
1635
1638
1640
1641
1636
1636
1632
1632
1556
1579
1601
1608
1619
1621
1630
1631
1631
1629
1630
1629
1631
1630
1631
1629
1624
1622
1611
1573
1527
1492
1435
1389
1331
1285
1274
1326
1390
1470
1527
1564
1591
1615
1634
1642
1654
1660
1664
1664
1674
1677
1673
1676
1679
1677
1674
1681
1681
1681
1683
1687
1690
1688
1686
1688
1693
1689
1688
1688
1693
1694
1693
1693
1694
1695
1696
1696
1695
1690
1689
1687
1688
1686
1685
1682
1679
1676
1675
1669
1662
1662
1659
1659
1650
1648
1641
1635
1634
1629
1627
1621
1621
1622
1622
1622
1625
1625
1625
1627
1629
1627
1623
1621
1622
1625
1625
1624
1631
1629
1634
1631
1629
1627
1625
1627
1629
1628
1630
1629
1627
1629
1630
1635
1631
1634
1628
1631
1634
1638
1634
1631
1631
1631
1632
1635
1635
1632
1637
1636
1636
1634
1637
1637
1640
1641
1638
1635
1634
1635
1635
1636
1634
1634
1631
1632
1635
1634
1630
1627
1631
1630
1631
1629
1631
1624
1630
1629
1636
1635
1631
1627
1627
1624
1618
1617
1617
1614
1622
1619
1624
1622
1622
1617
1622
1625
1630
1627
1631
1629
1630
1624
1624
1622
1622
1624
1624
1624
1627
1630
1624
1622
1622
1617
1616
1621
1622
1617
1615
1604
1592
1563
1513
1463
1395
1319
1275
1256
1248
1309
1395
1480
1537
1570
1603
1624
1640
1651
1656
1659
1664
1668
1673
1673
1669
1674
1677
1675
1679
1679
1681
1680
1681
1681
1681
1685
1682
1679
1685
1688
1693
1690
1692
1694
1693
1693
1695
1696
1693
1690
1693
1689
1690
1687
1690
1688
1683
1679
1680
1677
1673
1669
1664
1660
1659
1650
1650
1645
1644
1641
1636
1629
1630
1628
1622
1615
1617
1616
1617
1619
1622
1621
1622
1622
1623
1623
1625
1622
1624
1627
1631
1624
1625
1624
1627
1627
1627
1616
1619
1624
1631
1631
1634
1634
1634
1635
1631
1634
1632
1635
1631
1635
1635
1637
1634
1636
1636
1641
1641
1645
1642
1640
1638
1640
1642
1635
1636
1635
1638
1635
1637
1638
1635
1635
1634
1635
1630
1630
1625
1628
1621
1621
1623
1628
1627
1631
1631
1630
1627
1630
1630
1634
1630
1629
1627
1629
1624
1624
1624
1625
1625
1632
1628
1634
1627
1630
1625
1629
1627
1625
1624
1625
1625
1627
1622
1614
1590
1552
1521
1466
1389
1337
1283
1253
1256
1322
1402
1475
1535
1573
1599
1621
1635
1647
1654
1662
1662
1664
1663
1669
1672
1673
1673
1673
1674
1674
1679
1676
1674
1677
1680
1680
1680
1681
1681
1680
1681
1683
1687
1687
1686
1688
1693
1688
1687
1683
1687
1686
1683
1686
1686
1680
1675
1679
1673
1670
1668
1662
1657
1651
1647
1643
1635
1632
1631
1630
1627
1628
1619
1616
1612
1614
1612
1615
1621
1616
1621
1615
1616
1618
1618
1618
1624
1622
1617
1621
1624
1621
1622
1616
1622
1619
1619
1616
1623
1619
1622
1621
1624
1617
1623
1623
1627
1625
1628
1629
1624
1622
1625
1630
1627
1635
1634
1636
1631
1632
1631
1632
1624
1630
1630
1631
1629
1634
1635
1636
1634
1631
1631
1627
1629
1627
1627
1622
1618
1618
1622
1617
1621
1615
1617
1618
1622
1622
1622
1622
1625
1627
1625
1624
1624
1623
1625
1618
1622
1621
1621
1619
1624
1621
1624
1619
1622
1622
1627
1623
1624
1624
1624
1624
1622
1612
1604
1582
1541
1494
1444
1373
1311
1273
1275
1290
1361
1441
1506
1552
1580
1611
1624
1636
1648
1654
1659
1668
1666
1668
1669
1669
1674
1674
1670
1674
1677
1677
1677
1677
1680
1674
1682
1687
1681
1680
1683
1666
1674
1677
1683
1687
1688
1688
1687
1686
1688
1682
1683
1689
1683
1680
1681
1681
1677
1672
1668
1663
1664
1660
1654
1651
1643
1642
1635
1635
1631
1629
1623
1622
1617
1621
1616
1616
1616
1618
1621
1618
1621
1622
1622
1624
1627
1623
1621
1617
1621
1622
1623
1623
1629
1625
1627
1625
1623
1623
1624
1625
1627
1629
1624
1627
1627
1628
1628
1631
1630
1634
1630
1636
1636
1636
1635
1636
1636
1635
1636
1634
1635
1631
1636
1636
1641
1637
1640
1636
1636
1635
1636
1631
1630
1631
1630
1630
1630
1632
1630
1630
1624
1627
1630
1631
1628
1627
1621
1622
1615
1617
1615
1617
1617
1621
1621
1627
1624
1622
1619
1622
1622
1623
1624
1623
1624
1625
1622
1625
1624
1624
1621
1625
1622
1622
1618
1619
1621
1623
1619
1623
1617
1619
1617
1614
1592
1563
1526
1469
1418
1352
1309
1251
1255
1316
1389
1456
1518
1554
1588
1611
1630
1641
1641
1650
1655
1660
1661
1660
1660
1661
1662
1664
1673
1672
1673
1669
1673
1672
1668
1669
1669
1670
1675
1674
1677
1676
1679
1682
1680
1674
1679
1682
1683
1681
1681
1681
1677
1675
1681
1674
1672
1670
1669
1669
1667
1660
1660
1653
1649
1644
1641
1636
1631
1630
1624
1623
1619
1617
1616
1614
1612
1612
1612
1611
1612
1611
1615
1616
1619
1619
1623
1621
1624
1623
1623
1623
1624
1623
1622
1621
1622
1624
1628
1627
1630
1627
1624
1627
1624
1623
1625
1627
1630
1632
1629
1631
1631
1635
1636
1638
1637
1634
1635
1635
1640
1641
1641
1636
1636
1636
1637
1637
1635
1632
1636
1641
1637
1640
1635
1635
1635
1638
1635
1635
1634
1631
1631
1631
1635
1631
1630
1630
1629
1624
1622
1621
1605
1617
1617
1622
1624
1627
1630
1632
1631
1629
1631
1627
1630
1627
1630
1628
1630
1625
1631
1629
1629
1627
1630
1630
1629
1625
1627
1627
1630
1630
1634
1627
1625
1622
1615
1591
1553
1505
1451
1391
1319
1290
1263
1273
1351
1438
1508
1554
1585
1614
1631
1644
1653
1659
1666
1669
1673
1673
1674
1674
1677
1677
1679
1679
1679
1677
1675
1679
1681
1687
1685
1685
1686
1692
1688
1687
1692
1693
1693
1692
1692
1689
1692
1692
1695
1694
1694
1692
1692
1688
1685
1683
1683
1679
1675
1673
1664
1664
1660
1662
1653
1650
1647
1638
1630
1629
1630
1629
1624
1622
1621
1622
1621
1619
1618
1615
1619
1621
1622
1621
1622
1625
1627
1629
1631
1627
1623
1623
1627
1627
1624
1623
1631
1629
1627
1629
1631
1628
1630
1627
1635
1631
1631
1630
1634
1628
1631
1632
1635
1638
1637
1640
1635
1637
1632
1636
1637
1638
1640
1635
1638
1637
1637
1638
1635
1635
1635
1636
1636
1638
1634
1631
1630
1635
1631
1635
1629
1634
1630
1629
1624
1624
1618
1623
1624
1625
1627
1623
1627
1625
1627
1627
1624
1627
1627
1627
1630
1629
1628
1631
1630
1625
1630
1627
1631
1628
1629
1627
1622
1622
1623
1625
1629
1629
1627
1627
1622
1612
1585
1537
1482
1417
1359
1311
1270
1249
1274
1347
1435
1511
1559
1586
1612
1637
1648
1654
1662
1672
1675
1677
1679
1676
1682
1685
1681
1680
1685
1680
1683
1686
1686
1688
1688
1690
1689
1692
1695
1693
1694
1692
1690
1695
1700
1700
1696
1700
1699
1698
1696
1698
1694
1695
1692
1693
1689
1681
1679
1675
1673
1669
1666
1660
1657
1655
1653
1647
1645
1640
1636
1631
1630
1625
1624
1623
1624
1627
1629
1629
1624
1625
1627
1631
1625
1630
1630
1632
1630
1631
1630
1677
1663
1661
1651
1648
1643
1641
1642
1638
1637
1635
1636
1636
1641
1636
1638
1636
1640
1643
1644
1643
1638
1640
1636
1642
1642
1642
1640
1640
1641
1645
1648
1643
1648
1641
1643
1641
1640
1638
1640
1641
1640
1640
1638
1635
1637
1640
1638
1637
1635
1631
1629
1629
1627
1623
1627
1628
1630
1630
1631
1632
1631
1631
1634
1631
1635
1631
1637
1631
1635
1631
1631
1627
1630
1630
1630
1631
1629
1635
1631
1631
1628
1635
1631
1631
1625
1630
1624
1622
1603
1577
1537
1483
1404
1350
1302
1255
1261
1305
1383
1461
1525
1559
1597
1617
1634
1648
1656
1662
1669
1669
1669
1674
1679
1677
1677
1675
1675
1680
1685
1681
1676
1681
1682
1680
1681
1689
1687
1686
1687
1692
1690
1687
1693
1696
1693
1690
1692
1693
1692
1692
1695
1692
1689
1687
1690
1688
1683
1680
1675
1670
1666
1664
1663
1655
1648
1648
1640
1640
1627
1629
1624
1624
1621
1623
1621
1621
1624
1623
1622
1624
1621
1624
1621
1622
1622
1622
1617
1623
1627
1629
1624
1625
1624
1625
1625
1623
1619
1622
1621
1624
1627
1627
1628
1624
1630
1630
1632
1627
1635
1629
1634
1630
1632
1631
1632
1635
1638
1637
1634
1641
1636
1641
1636
1636
1629
1631
1636
1635
1636
1632
1634
1635
1636
1634
1635
1631
1635
1638
1635
1635
1630
1627
1624
1625
1624
1625
1624
1624
1629
1630
1625
1630
1627
1630
1624
1629
1627
1631
1627
1631
1631
1635
1630
1635
1630
1629
1630
1634
1627
1627
1631
1631
1634
1629
1631
1627
1630
1627
1623
1604
1574
1535
1488
1434
1357
1305
1274
1276
1321
1395
1466
1528
1571
1605
1622
1638
1647
1656
1662
1669
1667
1586
1615
1636
1654
1662
1668
1669
1676
1679
1682
1680
1679
1683
1685
1687
1688
1688
1687
1692
1693
1693
1692
1690
1689
1689
1690
1692
1688
1694
1694
1695
1692
1692
1689
1685
1680
1681
1680
1674
1669
1663
1663
1661
1654
1653
1649
1648
1640
1636
1630
1627
1622
1630
1623
1623
1618
1622
1621
1622
1624
1625
1624
1624
1624
1629
1623
1623
1622
1627
1623
1625
1625
1628
1627
1630
1629
1628
1625
1630
1629
1631
1635
1627
1629
1629
1630
1631
1634
1629
1631
1632
1638
1635
1632
1631
1634
1640
1640
1641
1638
1640
1638
1641
1640
1637
1637
1635
1638
1638
1641
1638
1641
1636
1636
1635
1631
1632
1630
1635
1630
1636
1634
1631
1629
1631
1625
1631
1627
1632
1627
1631
1630
1627
1628
1632
1629
1625
1623
1621
1619
1621
1621
1616
1618
1619
1623
1630
1630
1625
1628
1627
1625
1627
1630
1630
1629
1627
1628
1628
1627
1630
1630
1630
1630
1630
1628
1627
1627
1631
1630
1630
1624
1628
1627
1628
1617
1598
1565
1532
1470
1412
1351
1299
1256
1269
1332
1404
1480
1531
1577
1602
1623
1638
1648
1653
1660
1663
1664
1667
1667
1670
1673
1673
1675
1677
1676
1674
1676
1677
1675
1677
1679
1680
1682
1689
1686
1685
1683
1692
1688
1688
1689
1693
1690
1692
1690
1688
1688
1687
1688
1689
1685
1683
1687
1681
1677
1674
1668
1666
1664
1661
1659
1650
1645
1640
1637
1636
1631
1628
1624
1621
1624
1621
1622
1615
1627
1622
1622
1621
1624
1624
1622
1627
1631
1625
1624
1622
1629
1627
1624
1624
1627
1627
1627
1630
1627
1625
1624
1630
1631
1631
1625
1631
1631
1638
1635
1636
1631
1638
1637
1640
1640
1641
1643
1641
1643
1644
1642
1641
1643
1645
1644
1641
1640
1641
1641
1635
1686
1664
1654
1649
1653
1647
1645
1641
1643
1640
1641
1641
1636
1638
1630
1632
1629
1636
1628
1632
1627
1629
1630
1632
1629
1634
1631
1632
1631
1629
1627
1630
1630
1630
1628
1627
1627
1623
1619
1617
1619
1618
1621
1622
1622
1629
1627
1629
1629
1631
1634
1630
1629
1627
1632
1635
1634
1631
1635
1628
1634
1630
1634
1627
1630
1625
1629
1623
1627
1627
1628
1624
1630
1616
1584
1539
1494
1429
1379
1308
1264
1251
1274
1356
1438
1513
1558
1593
1619
1640
1650
1656
1660
1664
1673
1673
1672
1672
1675
1679
1681
1677
1675
1676
1680
1682
1685
1682
1682
1681
1685
1686
1687
1687
1692
1687
1689
1694
1693
1688
1692
1695
1696
1687
1692
1689
1692
1688
1692
1688
1682
1679
1679
1676
1669
1668
1662
1661
1656
1650
1653
1643
1644
1635
1635
1630
1623
1623
1622
1621
1622
1621
1621
1619
1622
1621
1624
1621
1624
1624
1627
1623
1629
1623
1625
1627
1630
1631
1629
1627
1631
1631
1631
1631
1629
1631
1629
1635
1630
1636
1632
1635
1636
1635
1635
1638
1638
1635
1638
1638
1638
1638
1638
1640
1636
1638
1640
1641
1636
1636
1638
1636
1636
1636
1636
1631
1638
1634
1640
1634
1635
1636
1638
1634
1631
1631
1629
1629
1627
1632
1634
1636
1630
1630
1628
1630
1629
1631
1627
1630
1630
1632
1631
1634
1630
1628
1624
1627
1630
1627
1631
1629
1629
1627
1629
1627
1630
1627
1630
1630
1630
1624
1629
1625
1630
1627
1631
1627
1627
1627
1631
1630
1630
1629
1631
1631
1627
1627
1624
1622
1618
1624
1624
1624
1624
1628
1627
1625
1622
1622
1619
1622
1622
1627
1624
1627
1624
1627
1628
1629
1630
1629
1627
1631
1627
1627
1618
1604
1612
1621
1622
1625
1627
1630
1628
1631
1624
1624
1624
1629
1619
1616
1592
1557
1507
1448
1388
1321
1264
1247
1257
1319
1399
1473
1532
1570
1598
1621
1638
1645
1650
1660
1666
1670
1669
1677
1674
1673
1679
1680
1674
1680
1677
1681
1679
1680
1680
1683
1685
1688
1687
1692
1688
1689
1692
1694
1690
1689
1692
1693
1692
1689
1687
1687
1688
1688
1688
1683
1685
1685
1680
1677
1676
1673
1669
1664
1662
1655
1647
1645
1643
1638
1638
1631
1629
1624
1622
1617
1619
1614
1612
1617
1619
1621
1617
1619
1619
1621
1621
1621
1618
1621
1617
1622
1622
1623
1621
1624
1622
1622
1624
1623
1621
1623
1622
1624
1622
1624
1625
1624
1627
1629
1627
1627
1631
1631
1636
1632
1634
1628
1631
1629
1634
1635
1634
1637
1637
1637
1635
1635
1634
1636
1636
1635
1631
1630
1629
1630
1634
1629
1628
1628
1631
1629
1630
1629
1629
1625
1627
1624
1629
1625
1627
1627
1630
1627
1625
1623
1623
1623
1625
1627
1624
1627
1625
1627
1619
1623
1618
1622
1621
1623
1621
1623
1622
1624
1621
1616
1612
1615
1608
1612
1619
1618
1619
1623
1624
1624
1630
1621
1621
1621
1612
1622
1622
1623
1622
1624
1624
1625
1623
1624
1622
1624
1621
1624
1621
1622
1622
1622
1618
1611
1593
1559
1503
1460
1395
1345
1295
1268
1270
1327
1397
1473
1527
1570
1598
1616
1631
1644
1654
1660
1663
1664
1669
1669
1667
1669
1670
1669
1673
1670
1673
1679
1679
1677
1681
1679
1679
1683
1681
1681
1679
1687
1686
1685
1685
1683
1687
1688
1688
1692
1685
1687
1687
1687
1688
1688
1685
1682
1681
1679
1674
1669
1666
1664
1664
1660
1657
1644
1645
1640
1640
1631
1631
1612
1612
1616
1618
1616
1621
1618
1621
1623
1619
1619
1621
1622
1624
1622
1623
1622
1622
1625
1624
1619
1624
1625
1625
1623
1625
1622
1624
1628
1630
1630
1631
1629
1630
1631
1630
1631
1628
1630
1630
1635
1636
1636
1635
1641
1640
1640
1640
1641
1641
1640
1642
1642
1640
1636
1637
1636
1638
1636
1637
1636
1640
1641
1640
1636
1634
1632
1631
1635
1635
1635
1628
1630
1627
1634
1629
1630
1625
1628
1627
1628
1627
1627
1624
1623
1624
1624
1618
1619
1622
1623
1624
1623
1624
1625
1624
1627
1627
1629
1624
1627
1627
1629
1628
1627
1627
1625
1630
1622
1624
1622
1629
1627
1627
1623
1631
1629
1624
1617
1608
1591
1552
1511
1454
1397
1328
1292
1254
1272
1324
1416
1489
1545
1574
1603
1623
1632
1645
1654
1656
1664
1666
1664
1669
1676
1673
1676
1675
1672
1674
1672
1677
1674
1683
1679
1675
1679
1683
1687
1685
1682
1681
1687
1687
1683
1687
1688
1690
1688
1687
1689
1690
1688
1693
1688
1688
1683
1679
1680
1677
1674
1669
1661
1663
1660
1655
1650
1645
1643
1638
1637
1630
1628
1624
1622
1621
1621
1617
1615
1612
1618
1621
1622
1619
1621
1619
1624
1621
1623
1621
1622
1621
1622
1624
1629
1624
1630
1631
1631
1627
1627
1624
1627
1631
1631
1631
1630
1630
1630
1636
1630
1632
1634
1636
1636
1641
1637
1636
1638
1634
1640
1635
1634
1631
1636
1634
1638
1640
1641
1641
1637
1636
1632
1635
1630
1637
1636
1636
1634
1631
1627
1630
1632
1640
1635
1631
1631
1630
1624
1624
1622
1618
1617
1624
1625
1630
1627
1630
1628
1628
1630
1629
1630
1630
1635
1631
1630
1630
1635
1631
1632
1631
1632
1630
1629
1629
1632
1630
1612
1623
1627
1627
1627
1624
1621
1595
1556
1514
1464
1403
1332
1277
1248
1245
1314
1403
1486
1540
1583
1608
1627
1643
1653
1660
1663
1668
1676
1673
1673
1677
1681
1679
1680
1686
1681
1683
1687
1683
1683
1685
1688
1687
1688
1688
1689
1689
1692
1695
1696
1696
1695
1701
1699
1698
1698
1699
1698
1698
1694
1696
1693
1687
1689
1687
1683
1680
1674
1673
1664
1664
1660
1651
1649
1645
1643
1640
1635
1631
1630
1630
1627
1628
1623
1624
1622
1629
1625
1628
1622
1629
1627
1631
1627
1630
1629
1630
1630
1630
1629
1627
1629
1631
1631
1628
1627
1629
1629
1627
1630
1631
1634
1635
1636
1636
1634
1634
1631
1635
1632
1637
1631
1636
1636
1641
1636
1640
1641
1641
1641
1638
1641
1637
1636
1636
1635
1635
1635
1635
1634
1635
1631
1635
1631
1628
1624
1630
1631
1634
1627
1631
1630
1627
1622
1624
1619
1622
1622
1627
1629
1627
1625
1624
1627
1625
1630
1629
1631
1631
1636
1631
1632
1628
1632
1631
1631
1625
1627
1624
1627
1627
1628
1627
1630
1630
1623
1624
1621
1612
1593
1559
1508
1451
1377
1333
1299
1255
1259
1316
1395
1474
1530
1572
1603
1621
1631
1645
1651
1660
1668
1667
1669
1674
1677
1676
1676
1674
1676
1681
1683
1683
1683
1682
1690
1683
1687
1687
1686
1686
1693
1693
1688
1688
1696
1696
1693
1698
1698
1696
1695
1698
1698
1696
1689
1694
1689
1683
1683
1683
1674
1673
1670
1669
1666
1663
1654
1660
1648
1643
1640
1635
1631
1630
1630
1624
1622
1622
1622
1625
1627
1627
1627
1624
1623
1629
1630
1630
1627
1630
1630
1627
1631
1635
1631
1630
1631
1634
1634
1630
1631
1634
1632
1630
1631
1631
1632
1632
1636
1636
1635
1641
1640
1643
1638
1640
1640
1643
1642
1629
1636
1636
1638
1642
1645
1645
1643
1643
1641
1645
1643
1644
1641
1638
1636
1636
1636
1637
1640
1632
1637
1631
1637
1635
1631
1629
1634
1623
1624
1624
1627
1628
1635
1632
1634
1635
1636
1641
1634
1636
1631
1635
1631
1638
1631
1636
1638
1635
1640
1636
1637
1641
1642
1638
1638
1635
1635
1631
1632
1629
1625
1608
1574
1537
1494
1428
1372
1306
1267
1264
1322
1397
1470
1530
1567
1595
1623
1640
1650
1660
1662
1667
1670
1676
1673
1679
1680
1679
1679
1679
1679
1677
1686
1683
1681
1683
1689
1692
1688
1687
1687
1688
1689
1692
1692
1692
1688
1694
1696
1694
1693
1695
1692
1690
1690
1696
1690
1686
1683
1685
1683
1679
1672
1669
1668
1664
1660
1656
1649
1645
1638
1640
1632
1631
1631
1630
1624
1627
1627
1629
1624
1630
1627
1625
1623
1628
1630
1634
1635
1630
1634
1630
1632
1629
1630
1625
1629
1630
1629
1627
1630
1631
1634
1636
1636
1636
1635
1635
1631
1641
1636
1638
1640
1641
1644
1640
1641
1640
1642
1640
1644
1643
1638
1641
1641
1642
1642
1645
1645
1641
1643
1644
1642
1641
1636
1640
1638
1640
1638
1640
1635
1638
1636
1637
1631
1632
1630
1631
1629
1627
1627
1625
1630
1631
1634
1634
1631
1631
1634
1632
1632
1631
1634
1632
1635
1640
1632
1635
1632
1636
1640
1640
1632
1636
1635
1632
1636
1634
1640
1634
1635
1630
1627
1606
1578
1532
1485
1427
1356
1314
1279
1285
1340
1411
1481
1539
1578
1605
1628
1644
1650
1656
1669
1673
1674
1676
1679
1682
1679
1681
1682
1687
1687
1686
1688
1692
1688
1689
1693
1692
1696
1693
1695
1695
1696
1694
1699
1698
1698
1699
1695
1728
1715
1709
1707
1705
1702
1705
1698
1693
1696
1693
1690
1686
1679
1679
1675
1670
1664
1662
1657
1654
1649
1645
1643
1641
1634
1634
1630
1631
1630
1631
1631
1636
1635
1637
1631
1635
1635
1634
1636
1636
1641
1637
1641
1641
1638
1638
1638
1635
1635
1641
1638
1641
1637
1640
1640
1641
1641
1643
1643
1643
1649
1645
1643
1641
1643
1643
1642
1649
1645
1645
1643
1647
1645
1647
1650
1650
1655
1654
1651
1649
1649
1649
1648
1649
1642
1642
1648
1644
1643
1638
1643
1642
1641
1641
1640
1637
1631
1634
1631
1632
1631
1636
1636
1641
1641
1641
1638
1637
1635
1637
1642
1643
1640
1643
1640
1641
1640
1641
1634
1637
1640
1642
1641
1632
1641
1641
1642
1640
1638
1635
1634
1630
1627
1605
1565
1527
1455
1404
1347
1293
1256
1247
1333
1416
1494
1546
1586
1611
1636
1653
1660
1662
1669
1679
1682
1680
1683
1680
1686
1688
1692
1692
1690
1689
1693
1693
1694
1688
1693
1693
1698
1696
1698
1698
1698
1700
1702
1705
1701
1701
1702
1711
1707
1705
1701
1708
1699
1698
1698
1700
1693
1692
1690
1688
1681
1677
1674
1672
1664
1663
1657
1650
1645
1645
1640
1641
1638
1635
1630
1630
1630
1629
1629
1629
1634
1631
1635
1632
1636
1635
1636
1636
1640
1636
1635
1637
1640
1640
1636
1638
1638
1634
1636
1640
1636
1635
1641
1643
1644
1643
1642
1645
1643
1647
1644
1648
1642
1649
1650
1649
1649
1647
1650
1650
1650
1653
1645
1649
1643
1648
1649
1648
1649
1647
1650
1650
1655
1654
1645
1648
1649
1645
1644
1643
1642
1640
1649
1645
1645
1642
1641
1645
1648
1644
1642
1643
1641
1644
1641
1643
1644
1642
1644
1644
1645
1641
1642
1638
1636
1640
1638
1643
1640
1640
1638
1640
1619
1618
1622
1627
1627
1635
1635
1638
1641
1637
1641
1636
1641
1637
1640
1640
1640
1640
1640
1641
1641
1641
1640
1641
1640
1642
1641
1640
1641
1640
1641
1641
1641
1635
1627
1601
1567
1514
1459
1396
1340
1299
1253
1267
1331
1418
1494
1551
1591
1617
1640
1655
1660
1668
1679
1681
1680
1685
1688
1690
1688
1692
1693
1693
1689
1688
1693
1688
1693
1696
1696
1695
1695
1699
1700
1699
1702
1700
1700
1699
1703
1701
1700
1702
1701
1699
1707
1705
1699
1698
1699
1698
1693
1692
1686
1686
1681
1677
1672
1673
1666
1660
1655
1653
1649
1642
1641
1632
1636
1634
1631
1631
1628
1625
1624
1630
1628
1630
1627
1631
1631
1635
1635
1635
1632
1631
1632
1634
1631
1634
1637
1638
1640
1635
1635
1634
1636
1636
1635
1636
1632
1638
1635
1641
1636
1637
1640
1641
1648
1640
1643
1641
1643
1648
1645
1645
1642
1644
1638
1648
1644
1645
1649
1649
1650
1649
1645
1645
1645
1643
1642
1645
1641
1641
1640
1641
1643
1641
1643
1640
1641
1631
1638
1638
1636
1635
1635
1635
1635
1635
1634
1638
1638
1638
1635
1634
1631
1634
1635
1634
1635
1631
1636
1636
1636
1634
1631
1631
1631
1635
1631
1634
1635
1636
1631
1635
1631
1635
1631
1636
1636
1637
1632
1638
1637
1634
1638
1631
1632
1630
1632
1632
1635
1632
1630
1637
1634
1630
1624
1624
1624
1627
1630
1631
1625
1632
1630
1631
1631
1630
1632
1635
1638
1635
1637
1634
1636
1634
1636
1634
1636
1631
1638
1636
1631
1638
1636
1636
1634
1631
1622
1596
1565
1522
1451
1397
1344
1294
1255
1279
1348
1423
1500
1550
1592
1614
1632
1648
1653
1663
1669
1681
1679
1680
1682
1672
1687
1687
1689
1687
1687
1690
1688
1689
1690
1693
1693
1698
1698
1698
1695
1694
1693
1696
1702
1702
1702
1698
1699
1699
1702
1700
1698
1698
1699
1698
1701
1699
1696
1693
1692
1688
1683
1681
1674
1672
1670
1664
1663
1657
1655
1654
1644
1641
1637
1635
1635
1636
1636
1635
1628
1631
1631
1632
1635
1636
1634
1632
1636
1636
1632
1630
1636
1636
1637
1635
1635
1636
1640
1637
1638
1636
1634
1632
1635
1638
1634
1635
1638
1641
1636
1641
1638
1638
1640
1640
1641
1637
1643
1640
1641
1643
1643
1644
1645
1648
1648
1650
1647
1645
1645
1643
1645
1644
1645
1642
1641
1641
1641
1642
1642
1641
1638
1640
1638
1636
1641
1635
1640
1641
1640
1635
1631
1631
1635
1637
1635
1635
1632
1634
1628
1628
1618
1622
1619
1623
1627
1630
1627
1631
1628
1630
1627
1628
1625
1630
1630
1629
1627
1622
1622
1619
1614
1617
1603
1601
1596
1590
1589
1583
1584
1578
1570
1573
1572
1554
1537
1513
1468
1414
1357
1290
1248
1217
1223
1300
1374
1437
1488
1525
1546
1567
1580
1593
1598
1604
1605
1608
1605
1611
1614
1618
1614
1614
1617
1619
1621
1617
1615
1619
1621
1622
1623
1622
1621
1624
1627
1627
1625
1630
1630
1634
1632
1636
1636
1635
1635
1632
1635
1634
1632
1629
1628
1627
1628
1624
1624
1619
1615
1611
1608
1603
1601
1595
1590
1589
1586
1577
1578
1577
1570
1573
1570
1567
1570
1572
1570
1577
1570
1572
1573
1567
1571
1573
1571
1578
1574
1578
1582
1579
1578
1577
1577
1579
1579
1573
1580
1578
1583
1586
1586
1584
1585
1586
1586
1582
1586
1580
1583
1588
1589
1589
1589
1589
1593
1597
1599
1598
1599
1597
1593
1598
1596
1612
1622
1616
1611
1598
1603
1602
1596
1597
1592
1596
1591
1585
1589
1586
1590
1589
1589
1592
1592
1592
1593
1591
1589
1588
1589
1586
1585
1586
1588
1586
1589
1588
1585
1579
1579
1586
1584
1583
1583
1585
1589
1586
1588
1586
1584
1589
1602
1597
1592
1592
1591
1584
1591
1593
1596
1593
1589
1597
1596
1593
1592
1593
1596
1595
1593
1593
1588
1589
1584
1564
1535
1492
1432
1359
1301
1253
1243
1227
1274
1354
1438
1501
1546
1563
1590
1608
1618
1625
1627
1630
1635
1640
1641
1640
1642
1643
1645
1647
1649
1650
1649
1653
1649
1649
1649
1653
1653
1656
1657
1653
1653
1657
1659
1659
1661
1659
1660
1662
1662
1662
1656
1659
1659
1659
1660
1657
1653
1650
1650
1650
1645
1640
1635
1631
1627
1624
1621
1619
1611
1611
1608
1603
1597
1593
1592
1589
1589
1593
1595
1596
1593
1593
1595
1592
1592
1593
1596
1593
1595
1597
1599
1601
1602
1605
1598
1601
1598
1599
1598
1601
1602
1597
1602
1598
1603
1603
1603
1603
1604
1604
1605
1609
1603
1611
1608
1608
1605
1608
1609
1606
1609
1606
1612
1606
1610
1606
1611
1611
1609
1606
1608
1608
1606
1605
1603
1602
1598
1603
1603
1603
1603
1603
1603
1601
1598
1590
1591
1586
1589
1597
1593
1599
1598
1599
1601
1601
1598
1598
1599
1601
1602
1598
1598
1599
1598
1602
1593
1593
1595
1595
1598
1595
1598
1592
1598
1593
1597
1597
1592
1596
1588
1572
1546
1516
1459
1398
1321
1286
1249
1231
1263
1347
1417
1481
1526
1559
1584
1603
1616
1627
1630
1636
1642
1643
1648
1644
1649
1645
1647
1649
1651
1650
1651
1654
1654
1654
1653
1653
1661
1664
1664
1666
1660
1664
1666
1666
1664
1668
1664
1666
1669
1669
1672
1667
1660
1662
1661
1662
1595
1578
1604
1619
1632
1634
1631
1630
1630
1629
1623
1619
1614
1610
1612
1606
1608
1602
1598
1597
1593
1598
1593
1595
1597
1596
1602
1597
1603
1598
1603
1603
1605
1608
1605
1604
1603
1606
1603
1604
1603
1603
1603
1604
1604
1603
1610
1608
1606
1605
1611
1611
1604
1616
1612
1616
1610
1612
1611
1612
1617
1616
1616
1614
1617
1618
1615
1614
1616
1615
1616
1612
1617
1612
1617
1616
1622
1621
1616
1614
1612
1610
1611
1611
1609
1609
1608
1614
1608
1608
1605
1602
1602
1602
1604
1599
1608
1602
1608
1606
1608
1603
1608
1609
1608
1611
1610
1610
1611
1612
1611
1610
1606
1606
1606
1611
1606
1608
1611
1611
1612
1610
1611
1606
1604
1605
1597
1565
1516
1480
1419
1360
1302
1277
1243
1280
1346
1421
1483
1526
1560
1584
1605
1622
1632
1636
1640
1644
1648
1649
1655
1650
1660
1659
1656
1656
1655
1657
1660
1656
1660
1657
1657
1664
1670
1669
1673
1668
1664
1673
1673
1669
1669
1668
1672
1677
1679
1673
1672
1673
1670
1669
1663
1660
1657
1660
1660
1659
1649
1649
1642
1641
1638
1636
1628
1622
1619
1617
1611
1608
1605
1605
1605
1603
1604
1598
1602
1602
1608
1608
1611
1606
1608
1611
1609
1608
1611
1609
1604
1612
1609
1612
1610
1612
1612
1615
1610
1612
1606
1606
1611
1611
1612
1611
1616
1617
1622
1622
1622
1618
1621
1621
1622
1619
1617
1621
1621
1622
1627
1624
1627
1624
1627
1624
1625
1618
1624
1622
1624
1621
1624
1622
1623
1622
1624
1624
1625
1621
1624
1622
1623
1617
1619
1612
1619
1616
1621
1616
1621
1618
1621
1619
1617
1618
1617
1619
1618
1616
1616
1617
1614
1621
1661
1657
1644
1640
1632
1630
1623
1617
1614
1616
1615
1611
1617
1617
1617
1615
1617
1615
1610
1606
1608
1608
1611
1611
1611
1616
1616
1615
1616
1617
1614
1616
1617
1617
1615
1617
1621
1622
1621
1621
1617
1618
1616
1619
1617
1621
1622
1627
1621
1619
1612
1602
1583
1550
1505
1456
1399
1343
1300
1266
1281
1335
1403
1477
1526
1565
1591
1611
1628
1637
1647
1653
1654
1659
1660
1662
1664
1667
1667
1666
1663
1670
1669
1668
1669
1672
1673
1676
1677
1677
1677
1680
1677
1679
1681
1681
1683
1681
1675
1679
1683
1681
1679
1683
1685
1686
1682
1680
1680
1679
1679
1673
1666
1664
1661
1662
1660
1653
1651
1648
1641
1636
1635
1627
1623
1621
1622
1617
1617
1616
1615
1612
1617
1617
1617
1614
1616
1617
1621
1616
1621
1619
1619
1618
1617
1619
1614
1622
1622
1624
1624
1621
1623
1622
1624
1624
1621
1623
1625
1627
1629
1629
1629
1629
1623
1630
1631
1625
1631
1630
1634
1630
1634
1631
1632
1640
1640
1641
1640
1638
1635
1637
1636
1636
1631
1630
1634
1634
1635
1638
1634
1631
1631
1630
1631
1630
1629
1627
1631
1631
1631
1629
1624
1624
1629
1631
1629
1628
1631
1635
1635
1640
1635
1636
1630
1630
1627
1630
1630
1630
1635
1635
1636
1630
1637
1629
1630
1628
1625
1622
1627
1625
1630
1630
1627
1630
1630
1624
1629
1630
1627
1627
1627
1625
1624
1627
1625
1622
1617
1608
1584
1546
1492
1435
1378
1312
1264
1263
1289
1361
1445
1511
1556
1586
1614
1631
1641
1653
1657
1667
1674
1677
1676
1675
1677
1677
1681
1683
1681
1682
1688
1688
1688
1693
1692
1688
1693
1694
1693
1693
1694
1700
1700
1698
1702
1700
1696
1702
1703
1699
1706
1699
1701
1703
1702
1700
1668
1672
1679
1683
1680
1682
1679
1674
1674
1669
1664
1662
1657
1656
1651
1650
1642
1641
1632
1635
1636
1635
1631
1631
1634
1631
1635
1635
1637
1637
1643
1640
1642
1640
1642
1643
1640
1642
1641
1641
1636
1643
1644
1644
1645
1641
1641
1640
1643
1645
1643
1642
1648
1649
1649
1653
1649
1649
1654
1650
1651
1649
1651
1654
1654
1655
1650
1654
1653
1653
1651
1654
1653
1650
1648
1653
1648
1651
1649
1653
1649
1649
1649
1645
1649
1644
1645
1649
1648
1649
1649
1651
1649
1644
1643
1640
1643
1642
1644
1645
1647
1643
1641
1636
1640
1638
1631
1635
1636
1637
1640
1638
1640
1641
1642
1640
1644
1642
1642
1643
1641
1643
1640
1641
1642
1644
1641
1642
1642
1640
1641
1640
1642
1640
1641
1638
1636
1631
1625
1605
1567
1522
1473
1414
1340
1279
1250
1261
1338
1421
1498
1551
1586
1612
1631
1648
1662
1668
1673
1679
1687
1685
1686
1688
1686
1686
1687
1692
1689
1692
1692
1698
1692
1693
1693
1699
1700
1700
1699
1699
1700
1700
1698
1701
1705
1702
1700
1700
1709
1707
1702
1705
1707
1701
1698
1698
1694
1693
1692
1687
1681
1680
1677
1679
1674
1667
1664
1657
1650
1645
1645
1643
1641
1642
1638
1638
1635
1635
1636
1640
1638
1637
1636
1636
1642
1637
1645
1643
1641
1643
1641
1643
1637
1644
1636
1640
1640
1643
1641
1641
1641
1642
1642
1641
1642
1644
1643
1649
1647
1650
1650
1649
1650
1650
1650
1649
1654
1651
1650
1655
1656
1654
1657
1657
1657
1656
1655
1656
1657
1657
1651
1655
1655
1654
1654
1654
1650
1651
1643
1641
1640
1644
1644
1648
1645
1648
1650
1650
1654
1648
1650
1650
1651
1656
1650
1649
1648
1650
1649
1574
1574
1603
1619
1630
1636
1643
1642
1648
1648
1649
1651
1650
1650
1644
1643
1624
1588
1540
1503
1441
1384
1334
1294
1283
1345
1414
1494
1548
1588
1621
1641
1660
1670
1680
1683
1692
1695
1698
1698
1698
1700
1701
1702
1705
1705
1701
1708
1707
1706
1706
1708
1709
1711
1716
1715
1713
1718
1714
1713
1715
1714
1715
1716
1716
1718
1720
1716
1716
1714
1715
1716
1712
1711
1711
1707
1702
1702
1696
1687
1688
1686
1679
1677
1673
1669
1663
1655
1655
1653
1649
1654
1650
1653
1650
1645
1648
1649
1650
1650
1655
1651
1651
1655
1655
1650
1654
1654
1656
1654
1654
1654
1651
1654
1654
1655
1655
1654
1654
1655
1654
1657
1654
1660
1657
1659
1660
1661
1660
1662
1662
1661
1660
1660
1659
1664
1667
1666
1664
1660
1663
1666
1663
1663
1662
1659
1662
1661
1662
1662
1659
1655
1653
1651
1649
1651
1659
1657
1659
1660
1659
1659
1657
1657
1659
1655
1655
1657
1659
1660
1657
1659
1660
1657
1662
1664
1661
1661
1655
1650
1650
1651
1651
1654
1657
1662
1653
1651
1638
1617
1578
1522
1480
1415
1356
1314
1302
1318
1374
1451
1516
1567
1603
1625
1648
1662
1673
1679
1688
1693
1693
1692
1696
1698
1701
1702
1700
1699
1701
1705
1702
1700
1711
1707
1706
1706
1711
1707
1712
1709
1714
1715
1712
1708
1718
1718
1714
1715
1714
1715
1716
1716
1715
1714
1709
1708
1709
1707
1702
1699
1698
1692
1689
1689
1681
1676
1673
1668
1666
1661
1655
1655
1649
1649
1649
1650
1648
1645
1650
1649
1651
1651
1648
1650
1650
1651
1653
1650
1655
1655
1655
1654
1653
1655
1650
1654
1654
1660
1656
1653
1655
1656
1656
1657
1654
1659
1657
1660
1662
1659
1660
1635
1643
1644
1651
1654
1661
1659
1664
1668
1664
1663
1662
1666
1669
1663
1663
1662
1662
1664
1664
1667
1663
1655
1657
1655
1651
1647
1649
1654
1657
1657
1659
1655
1659
1657
1660
1662
1657
1660
1659
1657
1659
1654
1655
1657
1654
1659
1655
1651
1654
1655
1655
1654
1656
1651
1649
1654
1653
1651
1647
1637
1619
1588
1537
1479
1417
1357
1324
1280
1299
1361
1434
1513
1565
1598
1627
1650
1662
1677
1681
1686
1687
1689
1690
1695
1696
1694
1698
1700
1698
1699
1702
1701
1696
1696
1700
1703
1700
1707
1708
1715
1715
1707
1709
1711
1711
1711
1715
1712
1707
1708
1714
1718
1713
1712
1712
1712
1707
1701
1700
1696
1692
1689
1690
1686
1680
1676
1673
1669
1669
1660
1657
1649
1649
1647
1643
1641
1644
1645
1648
1647
1644
1641
1643
1648
1643
1645
1643
1648
1647
1645
1649
1648
1648
1650
1653
1650
1649
1655
1653
1650
1653
1650
1653
1644
1650
1655
1653
1653
1653
1654
1654
1657
1662
1657
1657
1659
1659
1662
1659
1660
1659
1654
1653
1660
1656
1657
1659
1659
1662
1657
1655
1657
1654
1655
1653
1650
1650
1642
1644
1643
1643
1644
1650
1650
1649
1650
1653
1650
1645
1644
1647
1649
1653
1650
1650
1653
1653
1654
1656
1651
1654
1651
1654
1651
1647
1647
1650
1650
1651
1650
1650
1648
1648
1642
1631
1601
1550
1496
1442
1378
1327
1288
1269
1285
1361
1451
1527
1577
1605
1631
1654
1666
1675
1677
1683
1693
1696
1690
1689
1696
1699
1698
1698
1699
1699
1702
1702
1703
1702
1703
1706
1705
1706
1711
1707
1713
1712
1715
1714
1712
1711
1712
1714
1713
1719
1715
1709
1711
1711
1711
1711
1707
1701
1700
1695
1692
1688
1683
1680
1730
1707
1693
1680
1668
1663
1659
1650
1648
1642
1642
1641
1643
1640
1641
1638
1643
1642
1644
1643
1643
1648
1642
1645
1648
1642
1641
1640
1643
1641
1644
1644
1648
1649
1649
1653
1649
1647
1649
1648
1650
1650
1654
1654
1654
1650
1654
1660
1656
1654
1659
1659
1657
1655
1654
1660
1657
1659
1659
1656
1655
1655
1655
1653
1654
1657
1655
1656
1653
1650
1649
1642
1642
1638
1640
1636
1641
1642
1644
1643
1644
1644
1641
1645
1648
1649
1643
1643
1645
1643
1643
1645
1645
1642
1642
1645
1641
1641
1635
1643
1642
1642
1641
1641
1640
1637
1638
1638
1630
1603
1573
1527
1477
1404
1356
1308
1263
1259
1333
1409
1480
1541
1580
1605
1630
1645
1655
1664
1673
1677
1677
1679
1680
1685
1688
1687
1687
1688
1687
1686
1689
1689
1688
1692
1694
1693
1693
1696
1696
1694
1694
1703
1699
1700
1699
1706
1705
1705
1701
1700
1702
1701
1700
1698
1698
1693
1692
1694
1689
1687
1680
1677
1672
1668
1668
1663
1659
1654
1651
1645
1641
1631
1631
1631
1631
1632
1623
1631
1629
1631
1631
1632
1627
1634
1631
1635
1635
1635
1635
1634
1634
1632
1635
1630
1636
1632
1635
1637
1637
1635
1635
1636
1631
1634
1631
1636
1636
1641
1642
1645
1643
1641
1649
1647
1647
1642
1642
1649
1650
1650
1647
1648
1648
1641
1654
1650
1649
1647
1649
1649
1649
1650
1645
1643
1640
1641
1636
1631
1636
1635
1636
1635
1638
1640
1637
1637
1641
1643
1636
1641
1637
1641
1638
1643
1641
1641
1640
1642
1642
1641
1641
1640
1640
1637
1637
1638
1641
1643
1640
1645
1638
1636
1630
1621
1589
1541
1494
1429
1369
1337
1299
1285
1312
1389
1466
1530
1567
1602
1624
1642
1660
1640
1650
1662
1668
1669
1680
1679
1681
1683
1690
1685
1688
1689
1683
1687
1688
1695
1690
1688
1692
1695
1693
1698
1698
1698
1696
1700
1698
1699
1693
1694
1698
1696
1699
1696
1698
1690
1695
1696
1693
1689
1687
1681
1679
1674
1672
1669
1661
1663
1659
1653
1644
1640
1636
1636
1634
1629
1630
1631
1630
1630
1631
1625
1630
1629
1631
1630
1638
1634
1636
1634
1636
1636
1632
1634
1631
1631
1631
1635
1632
1635
1632
1638
1637
1641
1636
1637
1638
1640
1638
1636
1638
1635
1642
1640
1642
1637
1642
1644
1644
1644
1642
1645
1643
1645
1648
1645
1644
1643
1649
1648
1643
1640
1641
1641
1636
1637
1636
1640
1632
1634
1630
1631
1631
1627
1625
1630
1631
1636
1635
1635
1631
1632
1635
1631
1629
1630
1635
1631
1634
1631
1636
1631
1632
1634
1630
1631
1629
1635
1629
1634
1631
1631
1629
1631
1630
1635
1612
1589
1563
1511
1454
1396
1337
1300
1285
1300
1366
1435
1506
1554
1586
1611
1631
1642
1653
1659
1664
1669
1668
1673
1677
1676
1675
1679
1679
1679
1681
1683
1679
1681
1680
1687
1683
1686
1687
1686
1687
1690
1688
1692
1692
1692
1693
1692
1694
1692
1695
1692
1693
1694
1695
1689
1688
1687
1681
1679
1674
1674
1669
1668
1663
1662
1655
1650
1649
1643
1642
1632
1631
1627
1628
1625
1627
1621
1622
1621
1622
1624
1624
1623
1625
1624
1628
1634
1630
1627
1629
1631
1631
1631
1631
1631
1635
1635
1631
1631
1628
1631
1631
1632
1631
1629
1631
1635
1635
1634
1638
1638
1641
1641
1644
1642
1643
1641
1643
1645
1643
1645
1645
1644
1642
1645
1648
1645
1644
1643
1642
1640
1641
1648
1645
1643
1641
1643
1631
1631
1630
1627
1612
1625
1625
1635
1635
1635
1632
1631
1631
1631
1636
1632
1636
1635
1641
1638
1641
1637
1636
1637
1635
1637
1634
1636
1636
1640
1631
1635
1634
1631
1631
1631
1630
1625
1604
1570
1531
1485
1422
1364
1302
1266
1269
1333
1416
1492
1546
1586
1609
1634
1650
1659
1660
1667
1672
1675
1676
1675
1677
1686
1683
1686
1682
1685
1685
1682
1683
1688
1687
1687
1688
1690
1693
1692
1690
1694
1695
1699
1696
1695
1694
1694
1698
1696
1696
1699
1701
1698
1694
1692
1688
1683
1687
1685
1674
1673
1673
1666
1661
1659
1656
1649
1643
1648
1640
1640
1635
1635
1629
1629
1622
1628
1622
1624
1621
1629
1630
1631
1627
1631
1634
1629
1630
1627
1627
1625
1635
1630
1635
1630
1635
1630
1634
1631
1634
1631
1635
1635
1636
1636
1632
1637
1635
1638
1638
1636
1635
1638
1638
1641
1641
1640
1641
1640
1643
1645
1645
1642
1641
1645
1645
1648
1649
1642
1647
1643
1648
1642
1641
1638
1636
1636
1635
1632
1627
1627
1630
1635
1637
1638
1634
1637
1636
1634
1635
1632
1635
1636
1636
1632
1638
1634
1636
1631
1636
1636
1636
1636
1636
1638
1634
1635
1634
1635
1631
1635
1630
1631
1630
1624
1595
1563
1515
1460
1392
1327
1274
1244
1268
1338
1422
1501
1554
1589
1611
1630
1645
1657
1666
1668
1669
1674
1682
1680
1680
1679
1686
1683
1687
1683
1688
1682
1687
1687
1686
1688
1692
1692
1693
1694
1694
1698
1693
1694
1693
1698
1696
1694
1696
1699
1700
1698
1696
1692
1690
1688
1688
1687
1683
1687
1679
1673
1673
1668
1662
1654
1650
1650
1645
1643
1641
1641
1631
1636
1630
1630
1625
1630
1629
1630
1630
1632
1631
1631
1631
1631
1631
1630
1637
1634
1636
1622
1687
1669
1659
1649
1650
1643
1640
1637
1637
1636
1632
1635
1632
1640
1635
1642
1636
1637
1638
1641
1645
1641
1643
1641
1643
1642
1643
1643
1641
1644
1645
1650
1641
1643
1638
1644
1641
1644
1643
1640
1641
1635
1634
1630
1628
1627
1631
1634
1636
1640
1640
1634
1632
1634
1632
1634
1630
1631
1629
1628
1630
1627
1627
1630
1630
1631
1625
1627
1628
1631
1625
1628
1622
1630
1625
1627
1622
1623
1612
1602
1576
1537
1481
1422
1359
1309
1270
1261
1294
1359
1445
1511
1554
1583
1606
1622
1638
1649
1651
1656
1664
1663
1668
1668
1668
1670
1669
1669
1669
1674
1674
1679
1676
1675
1675
1679
1675
1676
1681
1679
1683
1685
1685
1680
1683
1685
1683
1683
1683
1683
1687
1687
1688
1681
1679
1681
1681
1679
1673
1674
1664
1663
1660
1657
1650
1647
1643
1638
1635
1627
1627
1625
1627
1624
1623
1617
1619
1617
1622
1621
1621
1621
1623
1622
1623
1622
1627
1622
1627
1627
1628
1621
1627
1625
1631
1625
1630
1624
1625
1624
1629
1628
1630
1631
1630
1631
1629
1627
1627
1631
1631
1636
1636
1636
1634
1636
1640
1636
1640
1641
1642
1641
1645
1648
1640
1638
1637
1640
1641
1638
1637
1637
1640
1635
1642
1636
1632
1631
1631
1624
1624
1621
1627
1625
1631
1634
1630
1625
1627
1630
1627
1635
1631
1635
1634
1635
1630
1636
1631
1634
1631
1640
1632
1631
1630
1635
1630
1634
1631
1634
1630
1630
1635
1631
1630
1625
1616
1586
1552
1503
1436
1384
1330
1289
1259
1300
1361
1445
1508
1556
1586
1608
1630
1641
1653
1659
1661
1668
1673
1674
1673
1679
1676
1675
1680
1681
1681
1681
1679
1679
1689
1685
1685
1686
1692
1692
1692
1687
1706
1694
1696
1700
1700
1694
1695
1698
1694
1690
1688
1690
1689
1688
1688
1686
1685
1681
1676
1670
1673
1663
1662
1659
1655
1651
1650
1644
1642
1640
1631
1629
1625
1623
1621
1622
1622
1623
1618
1624
1624
1624
1625
1631
1629
1631
1631
1634
1631
1632
1631
1634
1630
1631
1628
1629
1631
1631
1632
1635
1637
1631
1635
1635
1635
1634
1636
1636
1636
1636
1636
1641
1640
1640
1641
1644
1640
1641
1642
1641
1641
1640
1642
1640
1641
1636
1642
1643
1642
1641
1638
1638
1636
1640
1636
1636
1631
1635
1631
1630
1624
1629
1623
1630
1632
1631
1630
1628
1631
1631
1631
1631
1636
1631
1632
1635
1631
1630
1630
1634
1636
1635
1636
1631
1627
1630
1631
1630
1627
1634
1629
1631
1625
1625
1617
1605
1573
1532
1473
1422
1359
1314
1290
1285
1322
1389
1466
1522
1565
1593
1612
1631
1642
1650
1659
1659
1667
1668
1669
1679
1677
1675
1672
1677
1681
1679
1677
1679
1679
1683
1683
1680
1681
1683
1682
1686
1689
1689
1687
1692
1693
1693
1688
1692
1694
1692
1692
1689
1690
1687
1683
1687
1687
1679
1674
1673
1667
1666
1663
1656
1650
1644
1645
1644
1642
1632
1632
1631
1630
1627
1621
1621
1621
1619
1621
1619
1622
1622
1624
1630
1630
1632
1627
1631
1625
1631
1629
1631
1630
1630
1627
1631
1629
1630
1630
1634
1637
1636
1635
1634
1632
1634
1635
1636
1636
1632
1640
1641
1643
1643
1641
1641
1640
1641
1643
1641
1641
1641
1645
1645
1649
1649
1650
1645
1643
1645
1641
1643
1641
1641
1636
1641
1643
1643
1643
1641
1640
1634
1631
1627
1629
1634
1632
1631
1635
1637
1636
1636
1637
1636
1636
1641
1640
1637
1632
1636
1635
1636
1641
1548
1567
1588
1605
1615
1627
1625
1631
1629
1634
1636
1635
1634
1631
1627
1614
1584
1537
1488
1436
1384
1327
1286
1273
1295
1373
1454
1527
1570
1597
1622
1641
1653
1662
1669
1677
1683
1680
1679
1683
1683
1683
1685
1688
1689
1689
1689
1693
1693
1696
1699
1696
1696
1699
1699
1700
1700
1698
1699
1699
1699
1701
1700
1700
1702
1701
1705
1701
1702
1701
1700
1695
1698
1688
1686
1682
1681
1680
1679
1669
1668
1661
1659
1655
1648
1645
1643
1641
1638
1632
1631
1627
1629
1629
1631
1635
1631
1632
1632
1632
1630
1631
1630
1631
1635
1637
1638
1636
1636
1635
1635
1631
1640
1636
1640
1640
1640
1641
1635
1640
1643
1643
1644
1641
1645
1645
1650
1649
1649
1643
1644
1642
1643
1644
1642
1643
1649
1648
1651
1654
1653
1645
1644
1641
1641
1642
1641
1649
1645
1645
1640
1638
1631
1632
1635
1636
1640
1637
1642
1641
1641
1642
1643
1641
1641
1643
1641
1641
1636
1636
1640
1641
1643
1641
1641
1642
1641
1641
1638
1637
1636
1641
1641
1641
1640
1641
1635
1635
1629
1605
1554
1513
1460
1408
1353
1292
1261
1280
1337
1418
1496
1550
1582
1608
1631
1648
1659
1664
1674
1676
1682
1683
1681
1681
1686
1692
1686
1685
1688
1692
1688
1693
1693
1692
1692
1695
1700
1699
1699
1698
1699
1699
1700
1701
1699
1702
1700
1702
1706
1702
1702
1701
1701
1696
1692
1692
1690
1692
1688
1681
1679
1674
1673
1670
1664
1660
1655
1650
1645
1643
1641
1640
1638
1631
1635
1632
1631
1630
1631
1631
1635
1641
1638
1637
1632
1642
1641
1641
1637
1640
1638
1643
1645
1641
1641
1641
1643
1647
1649
1645
1641
1643
1640
1645
1643
1642
1643
1645
1650
1654
1650
1653
1655
1655
1654
1659
1655
1654
1655
1654
1655
1653
1654
1654
1654
1655
1650
1649
1649
1650
1657
1650
1653
1650
1650
1645
1643
1643
1642
1643
1643
1649
1649
1640
1648
1644
1648
1644
1647
1645
1647
1651
1649
1653
1645
1645
1644
1649
1649
1650
1649
1642
1643
1645
1647
1650
1648
1649
1649
1643
1645
1640
1623
1604
1572
1522
1469
1392
1357
1300
1281
1312
1378
1451
1513
1567
1597
1627
1644
1655
1663
1672
1677
1679
1681
1687
1687
1692
1692
1693
1692
1692
1692
1695
1694
1695
1692
1694
1698
1696
1700
1701
1703
1707
1706
1703
1702
1702
1702
1703
1707
1703
1700
1705
1706
1706
1705
1699
1698
1698
1698
1693
1688
1680
1677
1677
1673
1666
1662
1655
1654
1654
1649
1650
1641
1641
1631
1638
1630
1632
1630
1632
1635
1636
1636
1632
1637
1638
1641
1638
1634
1640
1635
1636
1638
1638
1635
1640
1640
1645
1645
1643
1643
1641
1641
1641
1643
1640
1645
1647
1648
1650
1645
1649
1645
1643
1645
1649
1648
1650
1653
1651
1653
1654
1653
1650
1650
1654
1653
1649
1648
1650
1650
1650
1653
1650
1653
1645
1647
1641
1640
1640
1637
1640
1635
1632
1630
1635
1631
1640
1637
1638
1637
1636
1641
1641
1641
1640
1638
1640
1641
1643
1640
1641
1642
1642
1641
1642
1638
1638
1643
1641
1645
1641
1642
1642
1640
1641
1635
1636
1631
1629
1603
1566
1518
1468
1402
1347
1299
1283
1293
1360
1447
1513
1563
1597
1621
1641
1654
1661
1669
1675
1680
1682
1687
1687
1685
1683
1689
1687
1687
1688
1692
1692
1692
1696
1698
1699
1696
1698
1698
1700
1700
1699
1694
1699
1705
1700
1700
1702
1701
1700
1698
1703
1701
1698
1698
1696
1692
1679
1670
1673
1674
1677
1673
1669
1669
1664
1663
1654
1647
1642
1638
1640
1635
1635
1631
1632
1634
1636
1634
1636
1636
1637
1637
1638
1642
1640
1643
1640
1641
1642
1641
1642
1643
1649
1645
1642
1641
1640
1636
1641
1644
1645
1645
1650
1651
1650
1650
1650
1650
1650
1653
1654
1651
1654
1656
1654
1657
1659
1655
1655
1655
1660
1662
1660
1660
1659
1657
1660
1659
1659
1656
1653
1654
1655
1655
1656
1656
1655
1655
1655
1650
1645
1653
1649
1651
1650
1645
1640
1640
1640
1638
1642
1644
1645
1649
1649
1649
1648
1645
1648
1647
1650
1645
1647
1649
1655
1655
1650
1647
1642
1645
1643
1644
1650
1649
1650
1653
1650
1649
1645
1648
1644
1648
1636
1630
1596
1554
1493
1437
1388
1327
1280
1274
1325
1398
1480
1545
1580
1610
1634
1650
1661
1669
1676
1681
1688
1692
1693
1699
1693
1694
1695
1693
1692
1693
1701
1700
1700
1702
1702
1705
1706
1706
1705
1707
1706
1703
1706
1711
1707
1707
1708
1711
1707
1711
1711
1711
1706
1703
1703
1702
1698
1693
1695
1694
1688
1681
1679
1679
1673
1673
1662
1662
1654
1654
1650
1648
1641
1638
1640
1635
1636
1635
1635
1634
1642
1643
1645
1643
1642
1645
1644
1644
1642
1643
1643
1643
1649
1649
1645
1649
1643
1645
1643
1645
1654
1648
1651
1653
1654
1655
1654
1655
1655
1659
1659
1657
1657
1655
1660
1662
1655
1660
1659
1656
1661
1660
1660
1666
1660
1662
1662
1659
1655
1660
1659
1660
1659
1656
1654
1654
1659
1659
1663
1653
1654
1654
1653
1653
1651
1650
1649
1649
1644
1645
1641
1642
1648
1649
1649
1650
1649
1650
1649
1653
1650
1649
1649
1650
1650
1649
1649
1650
1649
1649
1711
1687
1673
1667
1662
1655
1659
1649
1650
1649
1649
1649
1650
1648
1640
1629
1598
1548
1477
1424
1357
1301
1269
1275
1301
1378
1472
1544
1589
1618
1642
1656
1668
1669
1683
1686
1693
1692
1698
1696
1698
1698
1698
1700
1701
1702
1707
1700
1698
1703
1706
1705
1705
1707
1708
1712
1712
1714
1709
1714
1714
1715
1714
1712
1711
1713
1709
1708
1713
1711
1708
1705
1706
1705
1699
1692
1695
1688
1683
1681
1677
1669
1668
1664
1660
1656
1650
1650
1648
1643
1644
1641
1642
1640
1643
1641
1643
1642
1642
1649
1645
1647
1644
1643
1643
1644
1647
1649
1645
1649
1648
1650
1648
1650
1645
1647
1651
1653
1655
1653
1650
1654
1654
1654
1650
1654
1653
1655
1657
1659
1655
1657
1655
1663
1662
1657
1660
1659
1659
1662
1660
1656
1655
1655
1659
1655
1659
1660
1657
1660
1659
1656
1654
1651
1655
1655
1653
1655
1649
1653
1648
1644
1640
1638
1643
1641
1649
1650
1649
1648
1643
1649
1650
1654
1650
1654
1650
1654
1655
1651
1650
1653
1645
1648
1649
1654
1649
1648
1654
1654
1655
1654
1651
1650
1645
1643
1642
1634
1612
1583
1543
1474
1421
1352
1305
1270
1292
1354
1423
1502
1559
1596
1622
1642
1661
1681
1679
1685
1688
1690
1693
1696
1700
1698
1696
1699
1698
1698
1700
1703
1706
1706
1705
1706
1709
1707
1707
1711
1711
1711
1715
1714
1711
1711
1711
1712
1711
1711
1713
1713
1715
1712
1711
1707
1703
1708
1706
1698
1693
1693
1688
1687
1682
1674
1670
1667
1663
1662
1655
1648
1641
1642
1641
1640
1636
1640
1640
1642
1643
1643
1641
1641
1644
1643
1645
1645
1642
1645
1645
1649
1647
1650
1647
1647
1650
1645
1643
1647
1649
1645
1647
1649
1649
1649
1654
1654
1654
1655
1630
1641
1645
1653
1657
1654
1661
1659
1664
1663
1662
1663
1663
1663
1664
1662
1660
1659
1659
1663
1662
1663
1660
1661
1662
1659
1656
1655
1650
1655
1655
1654
1654
1649
1649
1644
1643
1645
1644
1649
1647
1654
1654
1653
1654
1653
1657
1653
1654
1653
1649
1653
1651
1655
1655
1651
1656
1653
1651
1653
1649
1649
1649
1654
1654
1654
1649
1649
1651
1645
1645
1634
1616
1586
1537
1483
1425
1357
1316
1290
1308
1366
1441
1511
1565
1603
1627
1647
1664
1669
1676
1683
1688
1689
1689
1692
1698
1694
1693
1694
1695
1695
1698
1705
1698
1698
1698
1700
1700
1705
1701
1699
1702
1706
1711
1708
1709
1708
1706
1707
1707
1706
1706
1706
1706
1705
1702
1702
1700
1700
1695
1694
1692
1686
1679
1677
1673
1672
1661
1663
1659
1651
1645
1645
1642
1640
1640
1640
1636
1636
1636
1640
1636
1641
1641
1643
1643
1643
1644
1644
1648
1642
1645
1648
1644
1644
1641
1643
1642
1644
1645
1648
1653
1654
1654
1650
1645
1649
1647
1650
1649
1653
1650
1649
1653
1655
1655
1657
1657
1655
1659
1655
1654
1655
1655
1659
1659
1655
1654
1654
1655
1654
1659
1657
1654
1659
1655
1653
1650
1649
1654
1650
1653
1650
1645
1650
1649
1649
1645
1643
1643
1641
1645
1645
1651
1648
1645
1649
1649
1653
1650
1651
1647
1650
1650
1649
1651
1655
1654
1653
1651
1653
1650
1645
1649
1650
1654
1654
1650
1649
1643
1645
1642
1635
1608
1574
1526
1489
1414
1347
1313
1290
1318
1385
1461
1528
1577
1606
1634
1650
1662
1672
1681
1685
1693
1699
1694
1695
1696
1699
1701
1701
1698
1699
1711
1703
1706
1703
1706
1706
1705
1707
1707
1692
1745
1731
1725
1726
1719
1720
1720
1719
1712
1716
1714
1713
1711
1713
1711
1711
1705
1702
1698
1696
1694
1687
1688
1687
1681
1677
1672
1666
1667
1657
1660
1650
1645
1643
1644
1644
1641
1648
1643
1641
1636
1645
1648
1644
1648
1649
1650
1650
1648
1649
1648
1653
1651
1655
1654
1650
1654
1651
1651
1653
1651
1649
1650
1653
1654
1655
1653
1654
1660
1659
1657
1659
1653
1659
1656
1660
1660
1659
1657
1660
1660
1663
1664
1663
1662
1660
1663
1660
1655
1661
1657
1655
1654
1650
1655
1653
1659
1657
1657
1649
1645
1645
1641
1642
1644
1643
1648
1649
1650
1653
1648
1650
1650
1655
1649
1651
1651
1649
1650
1649
1650
1650
1645
1650
1651
1654
1651
1649
1650
1650
1649
1645
1643
1645
1645
1649
1638
1624
1589
1539
1490
1425
1364
1313
1272
1260
1308
1389
1479
1546
1586
1616
1640
1660
1669
1679
1683
1692
1689
1695
1692
1690
1692
1694
1698
1696
1696
1698
1700
1699
1702
1698
1700
1705
1702
1705
1708
1705
1702
1707
1711
1709
1711
1707
1707
1709
1711
1712
1708
1705
1700
1702
1701
1700
1698
1698
1695
1689
1685
1680
1677
1674
1673
1664
1659
1654
1651
1649
1645
1645
1641
1640
1635
1640
1640
1640
1640
1641
1643
1640
1641
1641
1643
1642
1641
1645
1644
1645
1645
1649
1650
1647
1650
1645
1645
1649
1645
1650
1645
1650
1649
1650
1649
1649
1649
1650
1651
1653
1650
1655
1654
1654
1659
1650
1655
1655
1655
1656
1659
1660
1657
1656
1659
1660
1659
1655
1651
1650
1649
1655
1657
1653
1650
1649
1649
1643
1640
1637
1643
1641
1643
1650
1649
1650
1649
1654
1650
1647
1650
1648
1651
1650
1654
1653
1648
1649
1650
1649
1649
1649
1631
1640
1643
1642
1641
1641
1641
1647
1642
1645
1642
1641
1621
1593
1564
1512
1445
1380
1325
1282
1256
1298
1370
1454
1521
1572
1598
1624
1643
1659
1669
1677
1679
1683
1688
1688
1687
1689
1689
1694
1694
1696
1700
1698
1699
1700
1699
1696
1702
1700
1702
1706
1712
1709
1705
1712
1711
1706
1708
1711
1708
1711
1711
1707
1708
1707
1705
1698
1698
1698
1688
1688
1687
1688
1683
1679
1669
1664
1664
1662
1655
1650
1642
1641
1638
1640
1638
1635
1632
1638
1636
1636
1634
1635
1632
1635
1635
1638
1640
1637
1636
1640
1642
1640
1638
1641
1640
1641
1641
1643
1632
1640
1640
1643
1638
1640
1641
1638
1642
1642
1642
1640
1642
1645
1645
1643
1642
1644
1645
1649
1648
1649
1650
1650
1650
1655
1649
1650
1644
1647
1650
1649
1649
1644
1647
1643
1644
1645
1643
1647
1645
1643
1642
1641
1635
1632
1631
1629
1638
1627
1636
1635
1643
1637
1641
1637
1635
1640
1640
1640
1638
1637
1640
1645
1642
1643
1638
1636
1637
1640
1640
1635
1638
1635
1636
1638
1638
1638
1640
1636
1632
1623
1602
1547
1501
1448
1396
1345
1299
1275
1292
1364
1442
1506
1554
1589
1610
1630
1648
1655
1661
1668
1669
1679
1681
1679
1683
1683
1683
1682
1687
1688
1687
1685
1689
1692
1690
1688
1692
1693
1693
1692
1695
1695
1695
1696
1699
1698
1698
1700
1698
1698
1694
1694
1695
1695
1696
1694
1692
1686
1681
1686
1683
1674
1669
1667
1666
1661
1654
1650
1643
1641
1637
1640
1635
1634
1629
1631
1629
1630
1628
1622
1627
1629
1636
1635
1640
1636
1641
1634
1636
1631
1631
1631
1636
1638
1631
1634
1631
1636
1632
1636
1636
1641
1636
1637
1642
1638
1640
1637
1643
1624
1628
1635
1640
1643
1643
1649
1645
1648
1647
1645
1651
1645
1645
1644
1649
1648
1645
1647
1645
1643
1645
1649
1643
1643
1642
1642
1644
1641
1643
1636
1636
1631
1632
1631
1631
1631
1635
1640
1635
1638
1636
1636
1635
1638
1632
1634
1636
1640
1638
1640
1638
1640
1642
1640
1643
1643
1640
1635
1636
1634
1636
1638
1636
1638
1634
1632
1628
1622
1601
1548
1508
1456
1405
1341
1294
1283
1309
1371
1443
1508
1556
1588
1615
1631
1642
1653
1660
1668
1675
1676
1674
1673
1680
1680
1677
1679
1683
1682
1682
1689
1689
1685
1686
1688
1689
1688
1689
1690
1692
1692
1693
1696
1694
1694
1693
1696
1694
1692
1696
1696
1694
1695
1692
1692
1686
1686
1683
1677
1675
1668
1668
1662
1657
1657
1654
1651
1645
1644
1640
1627
1625
1619
1621
1619
1625
1624
1624
1622
1629
1627
1627
1624
1630
1628
1630
1630
1629
1630
1627
1629
1630
1634
1631
1635
1631
1634
1631
1636
1631
1632
1632
1634
1630
1630
1631
1636
1640
1640
1640
1638
1640
1636
1636
1640
1636
1636
1640
1645
1643
1640
1641
1641
1642
1644
1643
1640
1640
1641
1641
1641
1636
1635
1631
1634
1632
1634
1631
1630
1627
1630
1623
1624
1622
1625
1631
1631
1631
1631
1631
1631
1632
1631
1630
1632
1635
1634
1636
1636
1635
1631
1630
1631
1631
1631
1631
1634
1631
1631
1635
1636
1630
1630
1630
1625
1622
1612
1593
1551
1516
1463
1405
1328
1288
1262
1261
1332
1418
1493
1547
1582
1605
1629
1645
1655
1662
1668
1669
1679
1677
1677
1677
1679
1679
1679
1677
1676
1683
1681
1683
1682
1688
1688
1687
1690
1690
1690
1692
1693
1698
1693
1693
1693
1699
1695
1693
1698
1670
1621
1641
1657
1664
1669
1674
1676
1670
1674
1674
1669
1669
1664
1662
1654
1650
1644
1642
1638
1631
1631
1627
1624
1617
1622
1619
1619
1619
1624
1622
1624
1622
1627
1627
1630
1629
1631
1627
1629
1628
1631
1627
1631
1634
1635
1635
1636
1635
1630
1632
1631
1636
1635
1635
1631
1640
1636
1640
1641
1641
1640
1642
1643
1641
1641
1635
1640
1637
1640
1642
1641
1637
1642
1642
1644
1645
1641
1641
1636
1634
1634
1636
1635
1635
1640
1634
1634
1627
1630
1624
1624
1624
1630
1624
1628
1625
1631
1627
1630
1630
1631
1627
1635
1631
1632
1631
1631
1631
1629
1625
1624
1627
1624
1631
1631
1631
1631
1630
1629
1629
1622
1623
1622
1622
1621
1608
1584
1537
1495
1451
1388
1316
1263
1248
1262
1332
1418
1496
1545
1578
1605
1623
1636
1648
1651
1657
1662
1667
1668
1672
1668
1672
1672
1669
1673
1674
1673
1677
1676
1677
1679
1679
1679
1676
1683
1679
1680
1682
1687
1682
1683
1683
1688
1687
1692
1692
1689
1685
1685
1682
1681
1681
1674
1675
1674
1673
1674
1666
1659
1654
1650
1643
1640
1636
1631
1625
1622
1616
1621
1615
1612
1615
1612
1612
1615
1615
1617
1622
1617
1623
1612
1621
1616
1622
1615
1622
1616
1624
1619
1627
1622
1623
1621
1622
1623
1624
1622
1625
1624
1624
1627
1627
1623
1627
1627
1629
1627
1625
1632
1631
1630
1631
1638
1631
1634
1634
1635
1636
1640
1635
1636
1635
1634
1634
1631
1637
1635
1638
1635
1631
1628
1627
1627
1630
1627
1630
1623
1629
1623
1623
1618
1619
1616
1619
1622
1623
1621
1625
1623
1628
1624
1628
1621
1623
1622
1625
1622
1628
1627
1630
1630
1629
1625
1625
1624
1625
1625
1624
1623
1622
1621
1623
1621
1618
1612
1604
1584
1544
1495
1485
1501
1386
1324
1308
1312
1365
1430
1500
1546
1579
1604
1622
1636
1644
1649
1655
1660
1661
1662
1667
1663
1669
1670
1673
1674
1670
1672
1674
1673
1674
1672
1677
1677
1681
1680
1679
1683
1686
1681
1681
1683
1686
1687
1683
1681
1683
1682
1679
1683
1681
1681
1677
1679
1673
1668
1663
1661
1660
1656
1654
1649
1641
1637
1631
1630
1623
1618
1617
1617
1616
1612
1612
1608
1608
1608
1611
1608
1606
1606
1608
1612
1616
1617
1617
1617
1621
1617
1612
1612
1608
1611
1610
1616
1614
1615
1617
1612
1615
1615
1614
1614
1617
1617
1619
1616
1621
1616
1621
1619
1622
1617
1618
1622
1625
1624
1628
1624
1625
1624
1624
1622
1628
1622
1622
1624
1625
1622
1622
1618
1622
1621
1623
1622
1617
1611
1617
1615
1621
1616
1621
1617
1617
1612
1612
1606
1604
1606
1611
1610
1612
1615
1611
1612
1612
1616
1610
1617
1612
1615
1611
1612
1612
1616
1616
1617
1612
1611
1612
1610
1616
1608
1611
1609
1617
1612
1612
1610
1610
1603
1598
1584
1545
1495
1442
1392
1332
1300
1262
1261
1314
1388
1463
1515
1553
1577
1599
1616
1625
1636
1641
1645
1648
1650
1650
1650
1651
1655
1655
1659
1655
1657
1659
1662
1666
1666
1662
1662
1662
1667
1668
1667
1666
1666
1670
1672
1673
1673
1669
1673
1674
1669
1669
1667
1668
1664
1664
1662
1660
1656
1654
1649
1647
1645
1642
1636
1632
1629
1621
1617
1614
1605
1611
1606
1603
1603
1603
1603
1601
1602
1597
1602
1601
1602
1605
1604
1608
1604
1612
1603
1610
1603
1603
1605
1604
1609
1605
1612
1603
1615
1608
1605
1608
1610
1608
1612
1614
1612
1612
1610
1615
1610
1662
1648
1642
1631
1631
1627
1624
1621
1619
1619
1622
1622
1618
1622
1621
1622
1621
1619
1612
1616
1617
1621
1618
1614
1614
1616
1611
1611
1611
1611
1608
1609
1616
1610
1611
1603
1603
1603
1601
1604
1602
1603
1605
1611
1610
1611
1610
1608
1610
1608
1610
1606
1608
1608
1611
1612
1612
1610
1614
1612
1611
1612
1608
1610
1608
1611
1608
1611
1605
1605
1606
1602
1603
1593
1571
1537
1505
1448
1378
1313
1254
1242
1262
1337
1412
1487
1530
1564
1589
1611
1617
1630
1635
1641
1649
1649
1649
1649
1650
1654
1650
1653
1651
1657
1656
1656
1661
1659
1661
1666
1667
1664
1664
1663
1668
1669
1667
1672
1669
1667
1669
1669
1668
1670
1664
1668
1675
1669
1664
1664
1660
1655
1655
1655
1650
1641
1641
1635
1632
1630
1625
1621
1617
1609
1606
1605
1598
1597
1597
1598
1593
1596
1598
1598
1603
1603
1604
1599
1603
1606
1604
1596
1605
1603
1604
1610
1605
1606
1603
1605
1605
1610
1604
1610
1611
1610
1611
1612
1616
1611
1611
1611
1615
1615
1611
1612
1616
1615
1614
1615
1614
1611
1612
1619
1616
1616
1611
1617
1616
1619
1616
1617
1619
1612
1612
1618
1614
1614
1611
1615
1611
1612
1608
1610
1610
1612
1612
1612
1612
1606
1612
1603
1603
1599
1595
1596
1603
1606
1608
1612
1610
1608
1608
1610
1605
1605
1606
1608
1615
1614
1611
1610
1612
1612
1612
1611
1611
1609
1611
1611
1605
1606
1606
1611
1606
1610
1602
1601
1589
1563
1520
1469
1396
1324
1295
1250
1242
1255
1334
1423
1494
1544
1574
1598
1610
1631
1642
1645
1654
1660
1655
1654
1659
1656
1662
1660
1661
1664
1663
1664
1669
1669
1669
1669
1670
1669
1669
1672
1673
1676
1672
1676
1675
1680
1676
1668
1711
1698
1688
1683
1681
1677
1674
1677
1673
1673
1667
1667
1659
1654
1650
1645
1640
1634
1632
1630
1627
1621
1621
1615
1611
1608
1610
1605
1605
1604
1603
1608
1605
1608
1608
1609
1605
1615
1611
1611
1611
1612
1616
1617
1616
1615
1612
1608
1616
1616
1616
1612
1619
1621
1622
1619
1623
1622
1621
1621
1624
1621
1621
1624
1624
1623
1628
1629
1627
1624
1623
1624
1629
1624
1624
1627
1631
1628
1624
1624
1625
1625
1625
1624
1623
1622
1621
1617
1616
1615
1612
1611
1615
1616
1616
1617
1614
1617
1617
1617
1614
1619
1617
1622
1617
1619
1612
1618
1622
1622
1618
1619
1619
1619
1617
1617
1622
1616
1615
1617
1619
1612
1614
1610
1604
1582
1550
1515
1447
1386
1319
1283
1261
1268
1315
1392
1468
1524
1561
1589
1608
1627
1638
1645
1648
1653
1655
1662
1662
1664
1664
1664
1664
1668
1668
1668
1673
1673
1674
1673
1676
1674
1675
1676
1677
1679
1677
1682
1681
1681
1680
1688
1687
1683
1683
1687
1686
1683
1679
1681
1677
1677
1677
1673
1667
1663
1662
1659
1663
1649
1645
1640
1635
1631
1630
1624
1617
1618
1621
1617
1616
1616
1616
1617
1614
1616
1612
1612
1612
1621
1617
1621
1619
1618
1617
1622
1622
1624
1623
1624
1622
1623
1622
1624
1622
1624
1622
1624
1622
1625
1623
1624
1623
1627
1624
1629
1625
1630
1630
1631
1629
1634
1631
1631
1635
1634
1632
1636
1636
1634
1635
1634
1634
1630
1630
1631
1634
1625
1631
1629
1629
1627
1627
1627
1630
1624
1624
1622
1617
1617
1622
1622
1624
1624
1625
1625
1628
1621
1625
1617
1629
1627
1631
1624
1624
1621
1630
1624
1630
1628
1627
1628
1629
1630
1627
1627
1625
1624
1623
1609
1612
1614
1617
1619
1610
1583
1548
1502
1443
1396
1340
1285
1262
1289
1351
1427
1494
1541
1577
1603
1627
1635
1644
1651
1653
1660
1663
1667
1669
1668
1669
1676
1679
1673
1675
1675
1676
1679
1679
1677
1676
1682
1681
1682
1686
1685
1686
1683
1683
1682
1687
1688
1687
1687
1690
1688
1686
1685
1687
1683
1681
1679
1669
1674
1674
1672
1668
1663
1656
1654
1644
1641
1635
1634
1627
1634
1623
1618
1621
1623
1617
1616
1621
1617
1617
1612
1615
1617
1619
1616
1623
1622
1627
1622
1625
1621
1622
1618
1622
1619
1624
1621
1624
1624
1627
1622
1622
1622
1622
1624
1625
1624
1623
1627
1630
1631
1632
1631
1631
1634
1635
1636
1632
1634
1634
1635
1630
1636
1631
1631
1632
1635
1632
1630
1630
1629
1631
1630
1631
1630
1628
1621
1622
1618
1618
1616
1619
1617
1624
1621
1624
1622
1622
1622
1628
1623
1623
1622
1627
1622
1624
1622
1623
1627
1629
1629
1625
1622
1624
1622
1627
1624
1627
1628
1630
1630
1627
1622
1617
1601
1583
1534
1498
1432
1388
1319
1280
1269
1314
1377
1447
1512
1557
1585
1611
1624
1632
1649
1650
1659
1660
1656
1661
1667
1669
1669
1673
1669
1672
1672
1669
1669
1673
1672
1677
1679
1673
1676
1681
1679
1683
1685
1687
1686
1686
1685
1683
1683
1679
1681
1680
1686
1682
1682
1680
1679
1677
1675
1669
1662
1657
1659
1655
1650
1650
1645
1641
1638
1636
1628
1622
1619
1616
1617
1616
1617
1615
1612
1614
1617
1617
1616
1617
1616
1625
1624
1624
1624
1624
1622
1622
1622
1621
1618
1622
1624
1627
1622
1627
1625
1625
1623
1630
1624
1627
1625
1631
1629
1628
1630
1632
1631
1634
1636
1631
1635
1636
1641
1635
1640
1627
1632
1635
1636
1637
1638
1641
1637
1643
1635
1636
1634
1632
1631
1635
1634
1630
1630
1632
1638
1631
1630
1627
1622
1621
1618
1623
1622
1622
1624
1624
1627
1627
1624
1627
1629
1627
1631
1631
1627
1627
1630
1631
1634
1632
1634
1631
1631
1629
1628
1627
1629
1630
1631
1630
1632
1631
1631
1625
1622
1599
1560
1518
1483
1414
1351
1302
1285
1282
1343
1418
1492
1546
1577
1603
1624
1642
1649
1659
1660
1667
1670
1670
1672
1675
1673
1673
1680
1677
1676
1674
1679
1679
1680
1677
1679
1683
1685
1683
1683
1685
1688
1686
1686
1690
1689
1687
1686
1695
1698
1693
1688
1689
1688
1687
1683
1681
1681
1677
1674
1673
1670
1660
1660
1657
1650
1645
1641
1637
1635
1635
1631
1627
1619
1621
1621
1622
1618
1621
1618
1622
1616
1621
1618
1618
1619
1627
1623
1625
1623
1627
1628
1628
1624
1629
1627
1624
1625
1628
1629
1627
1625
1625
1629
1625
1629
1627
1631
1631
1640
1636
1638
1635
1635
1634
1636
1635
1635
1636
1638
1641
1642
1645
1641
1641
1636
1641
1640
1632
1635
1631
1631
1630
1631
1630
1629
1631
1635
1636
1635
1631
1627
1624
1622
1618
1617
1618
1621
1622
1624
1627
1623
1627
1624
1627
1627
1625
1624
1631
1631
1630
1628
1632
1629
1629
1625
1627
1627
1627
1628
1631
1629
1627
1624
1622
1619
1625
1621
1623
1615
1602
1570
1520
1474
1406
1347
1292
1262
1261
1306
1374
1463
1522
1564
1592
1616
1631
1641
1650
1657
1657
1660
1664
1669
1669
1673
1669
1670
1676
1674
1674
1676
1673
1677
1682
1682
1683
1679
1682
1683
1685
1685
1683
1685
1686
1685
1688
1686
1688
1690
1688
1687
1687
1687
1680
1680
1681
1679
1673
1649
1659
1655
1660
1657
1649
1644
1640
1636
1631
1630
1624
1622
1622
1621
1623
1622
1617
1616
1614
1616
1614
1619
1619
1621
1619
1621
1621
1616
1619
1621
1623
1624
1624
1621
1623
1619
1624
1624
1623
1621
1623
1625
1627
1627
1628
1627
1630
1624
1631
1628
1630
1627
1630
1630
1631
1629
1631
1630
1632
1636
1634
1632
1635
1636
1635
1637
1635
1636
1630
1632
1630
1629
1631
1632
1627
1631
1625
1624
1617
1617
1618
1621
1619
1624
1622
1624
1624
1629
1622
1624
1622
1629
1622
1628
1621
1628
1622
1622
1624
1624
1619
1624
1622
1627
1624
1624
1621
1624
1624
1624
1619
1619
1612
1616
1615
1597
1567
1513
1473
1397
1350
1294
1262
1256
1312
1386
1460
1518
1556
1584
1606
1624
1635
1642
1645
1655
1660
1659
1661
1657
1662
1663
1664
1662
1668
1668
1669
1673
1672
1668
1669
1675
1672
1674
1674
1676
1680
1677
1679
1679
1679
1680
1677
1679
1680
1679
1683
1679
1676
1677
1674
1672
1669
1662
1663
1660
1659
1659
1655
1649
1641
1636
1630
1625
1624
1618
1618
1616
1611
1615
1608
1608
1609
1610
1603
1604
1610
1608
1610
1609
1611
1609
1612
1612
1616
1612
1616
1615
1619
1612
1615
1611
1611
1608
1612
1616
1616
1615
1616
1617
1612
1616
1616
1617
1617
1621
1621
1622
1619
1621
1625
1625
1625
1627
1624
1624
1623
1624
1623
1624
1627
1628
1627
1627
1625
1625
1627
1629
1627
1623
1622
1622
1623
1624
1616
1616
1614
1614
1611
1612
1608
1611
1612
1615
1614
1616
1612
1615
1617
1617
1618
1618
1615
1615
1617
1618
1617
1617
1617
1619
1622
1617
1617
1612
1612
1616
1621
1617
1618
1617
1617
1617
1615
1608
1585
1537
1511
1448
1396
1347
1524
1419
1385
1427
1466
1516
1559
1584
1610
1622
1630
1638
1645
1650
1659
1659
1662
1660
1660
1662
1663
1664
1662
1664
1664
1667
1664
1669
1672
1672
1669
1673
1670
1670
1674
1677
1679
1682
1679
1679
1680
1680
1679
1679
1675
1679
1681
1680
1674
1676
1673
1668
1667
1666
1659
1654
1648
1649
1641
1640
1632
1635
1630
1624
1618
1614
1612
1610
1610
1610
1608
1602
1609
1605
1611
1610
1612
1609
1612
1616
1614
1615
1612
1615
1614
1616
1611
1616
1615
1615
1616
1621
1616
1616
1614
1612
1621
1618
1617
1618
1617
1619
1621
1622
1619
1619
1622
1627
1629
1630
1627
1629
1625
1630
1627
1630
1625
1631
1630
1631
1627
1630
1630
1629
1625
1625
1621
1623
1621
1623
1623
1624
1612
1615
1612
1611
1615
1612
1622
1616
1616
1617
1617
1615
1616
1617
1622
1621
1614
1619
1616
1621
1622
1624
1622
1622
1619
1622
1621
1621
1619
1619
1617
1619
1618
1621
1623
1619
1617
1616
1608
1584
1554
1514
1454
1397
1343
1299
1267
1275
1345
1414
1482
1532
1567
1592
1611
1624
1636
1644
1649
1657
1657
1661
1662
1664
1667
1663
1664
1667
1668
1669
1670
1672
1669
1668
1669
1673
1677
1675
1673
1677
1680
1682
1677
1681
1679
1679
1682
1681
1676
1682
1688
1686
1683
1682
1677
1673
1670
1668
1668
1663
1660
1655
1651
1650
1647
1641
1638
1631
1630
1625
1622
1616
1612
1618
1612
1616
1611
1616
1614
1617
1619
1621
1617
1619
1619
1623
1615
1621
1618
1621
1617
1623
1619
1622
1623
1627
1625
1630
1627
1627
1623
1628
1627
1630
1622
1628
1624
1634
1630
1631
1631
1632
1635
1636
1636
1634
1635
1635
1641
1636
1640
1640
1643
1641
1642
1640
1635
1632
1631
1648
1643
1641
1636
1640
1634
1637
1631
1630
1628
1631
1631
1635
1631
1631
1624
1625
1619
1621
1614
1621
1619
1628
1629
1627
1627
1627
1627
1624
1625
1624
1627
1627
1629
1636
1629
1627
1629
1631
1634
1635
1629
1630
1630
1630
1630
1631
1628
1625
1630
1627
1624
1618
1603
1577
1537
1483
1422
1354
1294
1255
1260
1294
1376
1459
1526
1567
1593
1617
1638
1645
1659
1667
1668
1669
1677
1674
1674
1676
1677
1677
1679
1679
1680
1683
1685
1685
1683
1686
1686
1683
1687
1687
1688
1692
1695
1695
1690
1687
1692
1692
1696
1693
1694
1692
1692
1693
1692
1688
1688
1687
1682
1680
1674
1669
1667
1664
1661
1659
1650
1649
1643
1641
1632
1631
1625
1624
1623
1625
1619
1621
1619
1621
1622
1622
1622
1622
1621
1624
1627
1627
1624
1629
1625
1629
1627
1625
1629
1627
1627
1629
1631
1625
1630
1631
1632
1634
1635
1631
1637
1635
1635
1638
1638
1636
1636
1640
1638
1640
1636
1636
1637
1638
1640
1641
1641
1637
1642
1641
1641
1640
1636
1635
1635
1637
1638
1635
1634
1638
1636
1636
1631
1631
1627
1624
1622
1621
1621
1624
1625
1629
1627
1629
1627
1628
1630
1631
1631
1627
1630
1623
1627
1629
1632
1627
1630
1630
1635
1635
1632
1630
1631
1629
1630
1630
1630
1628
1629
1630
1630
1631
1622
1610
1577
1540
1482
1427
1359
1314
1272
1263
1285
1356
1436
1511
1556
1591
1616
1631
1643
1654
1657
1663
1668
1667
1669
1673
1674
1679
1680
1679
1679
1681
1680
1677
1680
1681
1685
1683
1686
1686
1687
1687
1688
1687
1689
1692
1692
1690
1693
1692
1688
1692
1690
1694
1692
1686
1687
1683
1680
1683
1676
1672
1672
1664
1663
1659
1650
1649
1559
1567
1586
1602
1606
1614
1612
1624
1615
1622
1616
1623
1619
1622
1622
1623
1621
1627
1622
1629
1629
1630
1627
1629
1627
1630
1623
1624
1627
1630
1628
1627
1630
1628
1628
1630
1631
1631
1631
1635
1637
1635
1635
1634
1635
1634
1636
1640
1641
1641
1641
1643
1638
1640
1636
1643
1637
1637
1638
1638
1638
1640
1638
1636
1640
1635
1642
1638
1636
1635
1632
1627
1630
1624
1630
1622
1625
1627
1630
1630
1632
1630
1628
1627
1630
1630
1629
1629
1630
1630
1631
1634
1634
1635
1630
1634
1634
1631
1627
1630
1630
1631
1630
1630
1630
1630
1629
1629
1619
1608
1574
1539
1481
1436
1369
1322
1280
1264
1301
1378
1454
1512
1564
1593
1618
1631
1645
1649
1653
1661
1664
1668
1669
1673
1674
1680
1677
1677
1677
1679
1679
1679
1679
1676
1679
1680
1679
1679
1685
1685
1680
1683
1689
1687
1687
1687
1689
1688
1692
1687
1689
1688
1688
1687
1683
1680
1680
1676
1673
1672
1668
1661
1659
1655
1659
1649
1648
1643
1636
1630
1627
1621
1622
1619
1622
1629
1621
1617
1622
1621
1623
1619
1625
1624
1627
1627
1627
1623
1624
1622
1624
1627
1627
1630
1627
1628
1628
1631
1625
1625
1627
1631
1629
1632
1636
1632
1631
1630
1631
1632
1631
1634
1636
1635
1642
1640
1641
1636
1641
1638
1640
1638
1636
1638
1641
1643
1642
1641
1642
1643
1641
1641
1641
1638
1641
1635
1638
1634
1632
1632
1636
1636
1635
1632
1627
1627
1627
1630
1627
1631
1630
1635
1631
1629
1630
1635
1631
1635
1637
1632
1631
1634
1636
1634
1636
1638
1637
1632
1638
1637
1638
1635
1636
1635
1634
1631
1631
1631
1625
1624
1616
1595
1560
1524
1461
1428
1361
1314
1286
1307
1463
1515
1557
1584
1611
1629
1643
1653
1656
1661
1664
1669
1676
1677
1674
1676
1677
1680
1679
1681
1685
1682
1681
1685
1688
1685
1687
1688
1692
1695
1689
1693
1693
1694
1695
1698
1700
1699
1699
1703
1700
1698
1699
1700
1700
1698
1696
1693
1687
1685
1683
1681
1679
1673
1669
1669
1663
1656
1650
1649
1642
1640
1635
1631
1630
1628
1627
1631
1629
1630
1624
1627
1625
1630
1627
1625
1629
1627
1635
1632
1636
1632
1636
1635
1635
1631
1630
1630
1631
1632
1634
1631
1631
1637
1636
1636
1638
1640
1640
1641
1642
1637
1638
1641
1641
1642
1645
1648
1647
1649
1650
1654
1651
1644
1649
1648
1650
1649
1650
1649
1645
1643
1645
1648
1643
1636
1643
1648
1649
1643
1642
1640
1635
1634
1631
1631
1630
1635
1638
1641
1637
1643
1640
1641
1643
1641
1640
1636
1640
1638
1636
1640
1642
1640
1640
1641
1641
1642
1641
1642
1636
1636
1638
1635
1635
1635
1638
1638
1636
1630
1618
1589
1545
1498
1434
1370
1307
1280
1256
1307
1384
1469
1531
1573
1603
1627
1642
1657
1667
1669
1674
1677
1677
1676
1681
1683
1687
1685
1688
1692
1688
1687
1688
1692
1688
1693
1694
1693
1695
1696
1698
1699
1700
1700
1700
1699
1707
1706
1702
1705
1700
1699
1700
1700
1700
1696
1694
1696
1695
1688
1683
1683
1679
1673
1669
1662
1660
1655
1654
1654
1649
1642
1636
1641
1632
1635
1635
1636
1630
1631
1635
1636
1635
1638
1640
1641
1643
1637
1641
1640
1641
1641
1641
1640
1637
1642
1643
1643
1642
1643
1641
1648
1645
1645
1649
1645
1649
1649
1648
1649
1650
1650
1650
1654
1657
1654
1654
1653
1653
1651
1650
1654
1655
1654
1656
1655
1655
1656
1654
1655
1650
1683
1702
1687
1673
1663
1660
1650
1644
1642
1642
1640
1643
1643
1641
1645
1643
1641
1641
1643
1643
1642
1648
1643
1648
1643
1645
1649
1648
1650
1645
1648
1649
1648
1644
1643
1645
1645
1645
1645
1644
1642
1645
1649
1647
1645
1632
1603
1572
1531
1470
1405
1330
1289
1251
1281
1351
1432
1512
1567
1596
1628
1647
1663
1670
1675
1682
1689
1688
1686
1686
1688
1692
1693
1692
1698
1695
1698
1700
1700
1695
1699
1699
1698
1700
1700
1703
1699
1707
1709
1707
1706
1705
1706
1711
1711
1706
1706
1706
1703
1701
1706
1699
1698
1692
1694
1692
1687
1681
1675
1674
1669
1664
1656
1654
1653
1649
1644
1640
1636
1632
1634
1631
1638
1631
1635
1632
1636
1635
1631
1631
1635
1635
1636
1642
1641
1641
1636
1641
1640
1638
1637
1635
1637
1640
1643
1643
1643
1645
1647
1647
1641
1643
1641
1641
1645
1645
1649
1643
1649
1649
1651
1650
1650
1654
1653
1653
1657
1651
1648
1644
1650
1651
1651
1654
1650
1647
1641
1641
1636
1631
1634
1638
1642
1642
1641
1643
1643
1642
1644
1643
1642
1641
1640
1641
1645
1643
1642
1640
1641
1638
1641
1638
1638
1638
1643
1644
1641
1645
1644
1642
1640
1640
1637
1635
1631
1619
1591
1554
1503
1442
1364
1305
1280
1275
1303
1376
1456
1524
1565
1597
1624
1638
1650
1663
1669
1677
1681
1681
1687
1687
1681
1682
1682
1687
1690
1687
1692
1692
1693
1696
1699
1695
1698
1699
1698
1695
1696
1699
1696
1698
1700
1701
1700
1696
1703
1705
1702
1700
1702
1698
1695
1690
1695
1692
1687
1687
1682
1674
1673
1669
1663
1660
1657
1655
1645
1642
1641
1636
1636
1632
1634
1631
1631
1632
1635
1629
1631
1631
1636
1630
1635
1631
1634
1635
1631
1635
1638
1635
1635
1641
1642
1641
1635
1636
1637
1641
1641
1642
1641
1640
1642
1641
1643
1640
1643
1645
1645
1648
1650
1650
1648
1650
1655
1651
1654
1650
1651
1656
1653
1655
1653
1650
1650
1653
1654
1649
1648
1645
1649
1651
1654
1650
1643
1642
1641
1640
1640
1636
1640
1638
1640
1641
1643
1640
1642
1641
1643
1641
1643
1643
1643
1642
1642
1643
1641
1641
1642
1643
1643
1638
1641
1640
1640
1640
1640
1640
1638
1641
1640
1640
1636
1630
1612
1585
1537
1489
1424
1365
1328
1294
1285
1331
1403
1475
1532
1576
1601
1624
1640
1655
1664
1674
1670
1674
1679
1683
1680
1682
1683
1687
1685
1688
1688
1688
1693
1688
1693
1693
1690
1696
1696
1698
1692
1698
1698
1699
1700
1702
1700
1699
1700
1701
1700
1698
1700
1698
1698
1696
1693
1693
1686
1686
1680
1676
1668
1673
1662
1659
1662
1657
1657
1650
1643
1637
1635
1631
1631
1631
1630
1631
1629
1634
1630
1631
1630
1632
1631
1636
1634
1632
1632
1631
1641
1640
1640
1636
1637
1636
1636
1635
1636
1638
1637
1642
1640
1638
1637
1638
1642
1637
1643
1643
1645
1643
1643
1651
1645
1650
1653
1653
1655
1654
1651
1650
1653
1656
1655
1654
1653
1649
1648
1648
1650
1651
1650
1656
1649
1648
1644
1637
1638
1641
1648
1641
1643
1642
1648
1643
1643
1641
1641
1645
1650
1648
1650
1642
1645
1641
1645
1641
1645
1642
1647
1650
1650
1647
1649
1645
1648
1642
1645
1641
1643
1641
1641
1640
1624
1588
1550
1490
1442
1376
1324
1288
1280
1324
1401
1480
1540
1584
1611
1631
1654
1667
1675
1679
1686
1688
1692
1688
1687
1690
1696
1692
1692
1694
1699
1696
1700
1673
1685
1694
1696
1696
1700
1703
1700
1700
1703
1707
1707
1702
1711
1707
1711
1712
1707
1702
1707
1705
1703
1700
1699
1696
1693
1696
1693
1683
1679
1677
1679
1670
1673
1661
1659
1655
1649
1645
1640
1643
1638
1642
1638
1643
1641
1641
1638
1640
1642
1641
1641
1640
1644
1641
1650
1653
1649
1648
1648
1645
1644
1643
1645
1643
1649
1644
1650
1645
1645
1650
1653
1655
1649
1655
1655
1650
1653
1653
1650
1653
1654
1659
1655
1655
1655
1654
1657
1659
1661
1659
1655
1657
1656
1660
1657
1654
1656
1650
1649
1644
1645
1642
1641
1645
1648
1649
1645
1648
1648
1644
1649
1650
1648
1650
1654
1656
1650
1649
1649
1649
1649
1643
1645
1644
1645
1649
1649
1651
1643
1649
1648
1645
1644
1638
1637
1631
1617
1589
1537
1477
1414
1358
1309
1283
1272
1308
1380
1473
1541
1580
1612
1631
1647
1663
1674
1676
1685
1688
1690
1693
1693
1693
1693
1692
1698
1694
1694
1695
1699
1700
1698
1700
1700
1698
1700
1705
1703
1708
1703
1703
1711
1706
1705
1707
1706
1702
1707
1708
1706
1701
1702
1698
1698
1694
1689
1686
1682
1681
1676
1674
1668
1662
1659
1656
1654
1645
1650
1643
1640
1638
1637
1635
1632
1634
1630
1635
1637
1636
1638
1641
1649
1645
1641
1636
1641
1640
1642
1642
1645
1643
1643
1650
1649
1649
1645
1648
1649
1644
1645
1650
1649
1647
1645
1650
1649
1650
1653
1654
1656
1654
1655
1655
1654
1655
1654
1654
1656
1655
1659
1655
1655
1655
1651
1656
1656
1660
1657
1653
1653
1643
1643
1640
1641
1638
1645
1647
1645
1649
1645
1647
1649
1649
1650
1648
1650
1645
1649
1653
1654
1650
1648
1647
1644
1645
1643
1645
1649
1645
1645
1649
1648
1638
1610
1625
1631
1635
1637
1635
1615
1588
1552
1502
1428
1380
1318
1282
1266
1315
1386
1464
1531
1576
1605
1627
1649
1660
1668
1675
1674
1683
1686
1688
1688
1693
1689
1689
1690
1692
1693
1689
1694
1696
1696
1698
1703
1699
1700
1706
1705
1703
1703
1708
1707
1702
1707
1707
1706
1702
1706
1707
1706
1707
1700
1701
1701
1696
1692
1690
1683
1682
1681
1676
1666
1664
1661
1657
1650
1650
1647
1641
1637
1635
1638
1630
1630
1625
1630
1629
1631
1630
1631
1631
1637
1636
1638
1636
1636
1636
1635
1636
1634
1635
1631
1632
1635
1636
1635
1638
1635
1635
1638
1634
1635
1632
1638
1637
1642
1640
1643
1643
1644
1649
1648
1642
1643
1645
1649
1644
1645
1647
1650
1650
1649
1649
1648
1645
1641
1645
1641
1641
1644
1640
1641
1638
1632
1627
1629
1625
1628
1635
1634
1637
1637
1636
1636
1638
1632
1635
1631
1635
1635
1636
1634
1636
1641
1641
1638
1635
1634
1635
1635
1636
1637
1635
1634
1631
1632
1631
1629
1631
1625
1627
1608
1573
1521
1488
1431
1378
1332
1285
1272
1318
1391
1464
1525
1565
1592
1615
1635
1648
1654
1657
1664
1670
1673
1673
1679
1675
1677
1680
1677
1675
1681
1680
1680
1683
1688
1683
1683
1682
1687
1688
1683
1687
1692
1689
1688
1690
1689
1687
1687
1692
1689
1688
1687
1692
1688
1687
1683
1677
1674
1674
1673
1666
1662
1655
1659
1649
1649
1641
1638
1630
1631
1627
1631
1623
1624
1619
1623
1621
1622
1617
1621
1619
1622
1627
1625
1624
1623
1627
1627
1628
1624
1624
1627
1623
1625
1622
1629
1628
1631
1629
1631
1627
1632
1632
1634
1632
1634
1632
1631
1634
1636
1640
1637
1640
1638
1623
1612
1622
1634
1630
1636
1638
1641
1638
1638
1641
1640
1641
1640
1638
1635
1636
1640
1640
1635
1630
1629
1627
1623
1624
1623
1627
1624
1632
1632
1635
1630
1632
1631
1629
1629
1627
1629
1624
1629
1628
1634
1630
1635
1630
1631
1631
1635
1631
1631
1630
1631
1627
1630
1627
1631
1627
1627
1624
1611
1583
1534
1486
1424
1366
1324
1280
1280
1315
1390
1464
1522
1566
1597
1617
1630
1644
1655
1660
1663
1662
1672
1669
1672
1674
1679
1674
1675
1679
1676
1681
1679
1677
1677
1685
1685
1683
1681
1681
1687
1688
1687
1686
1692
1692
1689
1688
1692
1688
1692
1692
1690
1683
1686
1679
1680
1680
1675
1670
1668
1664
1662
1656
1651
1643
1640
1640
1631
1630
1624
1623
1621
1623
1619
1621
1615
1614
1610
1614
1616
1617
1615
1619
1622
1623
1625
1624
1622
1619
1622
1625
1624
1624
1612
1624
1623
1627
1624
1625
1623
1629
1627
1630
1623
1630
1624
1631
1631
1632
1634
1635
1640
1640
1641
1641
1640
1637
1640
1638
1638
1638
1631
1637
1636
1641
1635
1638
1636
1640
1636
1638
1634
1631
1631
1631
1631
1627
1624
1623
1621
1617
1623
1621
1624
1623
1629
1625
1627
1623
1629
1625
1629
1627
1631
1625
1630
1627
1630
1627
1627
1627
1630
1634
1625
1627
1625
1629
1624
1627
1624
1625
1623
1624
1624
1623
1612
1586
1552
1513
1451
1390
1320
1270
1241
1276
1348
1428
1507
1550
1586
1611
1625
1636
1649
1660
1663
1664
1667
1670
1672
1673
1676
1679
1679
1679
1679
1679
1675
1677
1680
1681
1683
1687
1688
1692
1690
1687
1692
1690
1687
1688
1693
1689
1694
1693
1695
1690
1688
1693
1694
1692
1687
1683
1679
1677
1675
1664
1664
1696
1677
1669
1660
1654
1649
1643
1638
1637
1625
1624
1622
1622
1618
1618
1617
1617
1621
1622
1624
1629
1624
1627
1624
1624
1618
1623
1622
1627
1623
1629
1627
1629
1627
1631
1628
1630
1627
1634
1631
1634
1627
1630
1631
1631
1631
1632
1635
1631
1635
1638
1641
1636
1640
1640
1641
1641
1643
1643
1636
1640
1636
1642
1643
1641
1635
1635
1636
1636
1640
1630
1631
1627
1627
1625
1624
1624
1629
1629
1630
1629
1628
1624
1627
1628
1625
1624
1627
1623
1627
1625
1631
1627
1629
1629
1631
1629
1630
1624
1629
1625
1630
1625
1624
1623
1622
1625
1627
1623
1622
1612
1606
1567
1527
1473
1397
1343
1283
1263
1256
1295
1360
1447
1515
1564
1589
1612
1627
1640
1649
1654
1656
1662
1664
1664
1667
1670
1670
1670
1674
1673
1674
1673
1673
1676
1677
1675
1679
1679
1680
1680
1685
1683
1682
1687
1690
1689
1683
1692
1688
1683
1681
1686
1686
1681
1681
1682
1679
1677
1670
1669
1664
1657
1659
1654
1650
1645
1643
1636
1637
1632
1627
1624
1621
1617
1611
1610
1606
1605
1612
1611
1616
1614
1614
1615
1619
1621
1621
1617
1619
1622
1622
1617
1622
1619
1621
1622
1625
1621
1621
1622
1624
1623
1625
1623
1628
1622
1625
1625
1630
1625
1625
1625
1631
1631
1631
1631
1631
1635
1632
1640
1631
1636
1631
1632
1636
1638
1634
1632
1627
1631
1631
1630
1624
1622
1622
1622
1624
1624
1624
1625
1624
1625
1623
1625
1627
1630
1624
1628
1631
1625
1625
1629
1630
1629
1624
1623
1624
1624
1624
1627
1624
1630
1630
1624
1630
1622
1622
1617
1619
1605
1572
1525
1485
1436
1374
1324
1288
1264
1293
1365
1449
1508
1553
1585
1608
1631
1642
1653
1657
1661
1666
1668
1673
1668
1669
1668
1673
1661
1668
1667
1673
1674
1681
1679
1677
1679
1681
1683
1683
1687
1688
1683
1688
1688
1682
1689
1688
1687
1685
1688
1688
1685
1683
1689
1688
1685
1677
1677
1669
1672
1666
1662
1660
1651
1650
1645
1643
1634
1634
1627
1629
1624
1623
1619
1621
1616
1622
1622
1619
1621
1622
1622
1619
1622
1623
1624
1625
1623
1629
1622
1624
1622
1624
1623
1623
1622
1623
1623
1629
1627
1631
1630
1627
1631
1631
1630
1634
1629
1630
1630
1635
1636
1636
1635
1636
1637
1636
1638
1638
1638
1634
1641
1641
1641
1640
1640
1643
1640
1638
1631
1634
1632
1640
1631
1630
1627
1627
1622
1624
1617
1622
1622
1624
1623
1627
1625
1624
1625
1630
1627
1629
1627
1625
1627
1630
1632
1629
1627
1624
1627
1624
1624
1624
1625
1625
1630
1624
1630
1624
1627
1624
1625
1621
1621
1601
1567
1531
1492
1444
1374
1308
1277
1288
1332
1390
1456
1518
1560
1590
1612
1627
1641
1649
1655
1668
1668
1669
1673
1672
1672
1673
1669
1672
1674
1677
1679
1679
1681
1680
1681
1679
1680
1680
1679
1679
1681
1683
1688
1688
1687
1687
1689
1690
1683
1685
1687
1688
1686
1685
1680
1676
1677
1673
1668
1668
1663
1660
1655
1657
1650
1641
1641
1634
1631
1629
1624
1624
1621
1614
1617
1617
1617
1616
1616
1619
1618
1618
1622
1622
1622
1623
1627
1627
1624
1625
1627
1627
1627
1624
1627
1624
1627
1624
1625
1624
1627
1625
1630
1629
1634
1631
1631
1631
1632
1632
1632
1635
1638
1641
1636
1638
1635
1635
1636
1641
1641
1635
1642
1643
1643
1636
1636
1630
1635
1631
1637
1630
1637
1635
1637
1635
1629
1624
1624
1624
1625
1630
1631
1631
1625
1556
1578
1598
1605
1617
1622
1629
1627
1630
1624
1631
1631
1630
1627
1627
1624
1630
1630
1629
1630
1629
1631
1631
1635
1625
1622
1619
1611
1592
1563
1512
1451
1397
1344
1307
1274
1287
1354
1431
1502
1550
1580
1605
1629
1640
1650
1657
1663
1666
1673
1672
1676
1675
1670
1674
1675
1679
1683
1679
1679
1679
1687
1681
1680
1679
1683
1687
1688
1688
1687
1692
1690
1690
1688
1689
1689
1688
1692
1693
1688
1687
1688
1687
1683
1683
1676
1673
1672
1666
1664
1661
1655
1651
1643
1643
1636
1631
1625
1624
1622
1624
1616
1619
1616
1618
1615
1622
1614
1616
1621
1621
1617
1623
1623
1624
1621
1625
1635
1624
1621
1624
1624
1629
1625
1627
1624
1629
1627
1631
1625
1624
1622
1630
1630
1635
1632
1635
1635
1634
1637
1635
1631
1630
1632
1632
1636
1635
1632
1634
1636
1641
1637
1640
1635
1638
1635
1635
1630
1631
1632
1634
1636
1636
1632
1622
1621
1619
1621
1621
1624
1624
1630
1630
1632
1624
1629
1625
1627
1629
1631
1627
1631
1630
1631
1630
1627
1628
1625
1629
1627
1627
1628
1631
1629
1631
1625
1623
1627
1624
1622
1623
1612
1593
1554
1518
1466
1405
1358
1289
1257
1264
1320
1399
1479
1532
1577
1598
1622
1635
1644
1656
1661
1667
1672
1669
1669
1673
1675
1674
1677
1677
1675
1677
1680
1687
1679
1679
1682
1681
1681
1685
1687
1687
1688
1692
1690
1690
1688
1688
1692
1688
1693
1692
1692
1692
1692
1689
1682
1681
1679
1674
1673
1668
1663
1666
1660
1660
1650
1642
1635
1635
1630
1630
1623
1622
1621
1616
1617
1619
1615
1616
1612
1619
1617
1622
1621
1622
1622
1622
1622
1629
1625
1625
1627
1629
1623
1629
1624
1629
1625
1628
1627
1630
1627
1644
1669
1660
1647
1649
1641
1641
1640
1641
1636
1632
1635
1635
1641
1635
1637
1640
1638
1636
1640
1640
1637
1636
1635
1638
1632
1634
1630
1635
1631
1635
1625
1627
1624
1625
1628
1631
1627
1631
1630
1630
1631
1631
1628
1630
1631
1631
1631
1629
1630
1634
1632
1629
1630
1625
1625
1630
1630
1629
1630
1627
1632
1630
1627
1629
1630
1624
1625
1618
1596
1561
1521
1473
1411
1351
1292
1249
1238
1305
1373
1454
1516
1563
1591
1612
1628
1640
1649
1654
1663
1668
1672
1668
1669
1673
1677
1673
1669
1673
1674
1675
1679
1681
1677
1675
1679
1681
1681
1687
1687
1686
1683
1687
1687
1686
1682
1682
1686
1685
1685
1680
1685
1683
1681
1680
1679
1674
1672
1668
1664
1660
1655
1650
1650
1643
1643
1634
1629
1621
1619
1616
1617
1610
1610
1610
1608
1612
1611
1611
1611
1616
1616
1619
1617
1621
1618
1621
1619
1622
1614
1617
1616
1617
1616
1617
1616
1619
1621
1622
1621
1624
1619
1624
1622
1624
1621
1621
1621
1624
1625
1625
1628
1629
1629
1632
1631
1631
1627
1631
1627
1631
1630
1630
1625
1629
1625
1631
1630
1624
1624
1624
1624
1624
1622
1614
1616
1614
1618
1616
1617
1621
1625
1625
1624
1622
1621
1622
1621
1624
1622
1622
1621
1622
1621
1622
1622
1622
1618
1621
1623
1622
1621
1617
1616
1619
1619
1618
1619
1618
1616
1616
1596
1560
1521
1473
1424
1365
1313
1267
1249
1308
1382
1456
1516
1553
1584
1611
1627
1640
1645
1651
1655
1659
1663
1663
1662
1667
1668
1669
1670
1672
1668
1676
1674
1676
1679
1680
1677
1679
1675
1677
1680
1680
1679
1682
1686
1687
1687
1687
1687
1687
1688
1686
1680
1685
1681
1679
1679
1673
1670
1672
1654
1649
1654
1649
1648
1640
1641
1631
1632
1624
1623
1619
1622
1614
1614
1616
1614
1612
1612
1611
1612
1616
1612
1616
1614
1616
1618
1621
1617
1621
1615
1617
1618
1617
1621
1619
1617
1619
1621
1622
1624
1622
1622
1622
1624
1629
1627
1623
1622
1624
1630
1630
1630
1629
1624
1631
1635
1637
1635
1635
1635
1637
1636
1635
1635
1638
1638
1635
1632
1634
1630
1627
1631
1629
1630
1631
1627
1624
1623
1623
1618
1617
1622
1622
1627
1624
1625
1623
1624
1624
1627
1622
1622
1619
1627
1624
1628
1627
1630
1622
1630
1624
1628
1622
1622
1621
1623
1622
1624
1621
1623
1623
1624
1619
1619
1611
1584
1535
1498
1423
1366
1319
1288
1272
1283
1359
1430
1494
1548
1579
1601
1619
1630
1643
1651
1655
1659
1659
1659
1663
1667
1662
1664
1666
1663
1669
1672
1668
1669
1673
1674
1677
1672
1672
1672
1675
1674
1679
1679
1677
1680
1681
1680
1679
1679
1681
1677
1675
1676
1676
1676
1668
1669
1669
1663
1659
1659
1654
1653
1648
1643
1637
1631
1629
1627
1616
1615
1610
1611
1612
1611
1603
1611
1609
1608
1612
1611
1615
1611
1617
1617
1616
1612
1612
1614
1616
1618
1621
1618
1619
1616
1621
1616
1619
1615
1621
1617
1622
1621
1622
1616
1622
1622
1625
1624
1628
1630
1631
1631
1634
1631
1631
1630
1631
1634
1631
1632
1629
1632
1631
1637
1631
1638
1636
1636
1630
1631
1629
1631
1630
1631
1634
1624
1619
1619
1617
1619
1617
1619
1622
1630
1624
1630
1624
1624
1622
1625
1629
1625
1624
1624
1627
1625
1627
1630
1630
1623
1623
1624
1625
1623
1623
1623
1623
1619
1619
1617
1618
1621
1616
1610
1592
1545
1515
1459
1389
1324
1295
1262
1277
1374
1454
1509
1556
1586
1606
1625
1640
1648
1656
1662
1667
1667
1666
1668
1673
1669
1674
1674
1674
1677
1674
1676
1676
1676
1673
1674
1677
1677
1679
1683
1680
1681
1686
1685
1686
1680
1683
1688
1686
1683
1681
1683
1683
1682
1681
1677
1676
1672
1670
1664
1659
1656
1653
1655
1648
1645
1638
1636
1631
1629
1622
1623
1622
1621
1614
1614
1612
1614
1612
1612
1617
1619
1621
1616
1621
1622
1624
1616
1624
1622
1624
1623
1628
1627
1624
1623
1623
1622
1623
1625
1629
1627
1630
1628
1631
1631
1628
1627
1622
1627
1623
1627
1631
1636
1638
1640
1635
1636
1631
1631
1631
1631
1635
1631
1631
1630
1640
1632
1630
1630
1631
1635
1634
1627
1627
1632
1618
1617
1616
1616
1616
1619
1621
1622
1622
1622
1624
1621
1623
1623
1624
1622
1627
1622
1624
1625
1622
1621
1624
1625
1629
1622
1624
1622
1625
1624
1627
1625
1625
1623
1623
1616
1616
1608
1589
1551
1512
1442
1380
1309
1262
1247
1256
1322
1404
1492
1548
1583
1603
1622
1636
1649
1654
1660
1661
1664
1666
1664
1673
1673
1668
1674
1677
1677
1675
1679
1679
1680
1682
1682
1679
1682
1681
1680
1686
1692
1693
1689
1687
1692
1689
1688
1686
1688
1692
1688
1688
1688
1681
1681
1680
1681
1675
1669
1668
1664
1660
1651
1650
1645
1642
1636
1636
1627
1624
1623
1622
1617
1618
1616
1617
1614
1616
1618
1622
1619
1622
1619
1622
1622
1623
1622
1621
1621
1623
1625
1624
1625
1629
1622
1627
1625
1629
1623
1629
1630
1634
1631
1636
1635
1636
1630
1634
1632
1634
1631
1636
1642
1640
1638
1636
1640
1637
1636
1641
1641
1637
1635
1640
1636
1635
1635
1641
1636
1640
1635
1635
1635
1630
1630
1622
1624
1622
1625
1630
1629
1630
1631
1631
1631
1631
1632
1630
1630
1634
1632
1630
1631
1631
1632
1630
1634
1637
1638
1630
1631
1631
1631
1630
1627
1629
1630
1629
1631
1627
1625
1612
1589
1552
1511
1447
1380
1328
1272
1256
1280
1352
1432
1503
1556
1585
1611
1629
1643
1654
1660
1663
1673
1674
1676
1677
1674
1673
1677
1679
1676
1680
1679
1680
1681
1682
1680
1683
1685
1685
1685
1686
1687
1690
1687
1692
1693
1692
1695
1695
1692
1690
1688
1690
1689
1687
1687
1687
1682
1681
1675
1669
1673
1666
1663
1662
1655
1653
1642
1642
1636
1632
1623
1627
1622
1622
1617
1619
1619
1621
1619
1621
1619
1621
1619
1621
1624
1623
1621
1622
1622
1623
1627
1629
1624
1623
1627
1627
1625
1624
1617
1619
1622
1622
1622
1624
1627
1631
1630
1631
1627
1630
1631
1631
1632
1635
1636
1635
1638
1637
1641
1638
1640
1635
1636
1640
1640
1640
1638
1636
1630
1630
1627
1630
1628
1634
1630
1632
1625
1624
1619
1622
1621
1622
1617
1625
1624
1624
1623
1624
1624
1627
1625
1631
1629
1624
1623
1624
1627
1625
1627
1622
1621
1622
1624
1629
1624
1623
1627
1624
1625
1622
1623
1621
1622
1617
1608
1584
1543
1487
1435
1370
1325
1270
1256
1285
1359
1436
1501
1548
1579
1605
1624
1637
1649
1654
1656
1668
1667
1669
1669
1669
1672
1675
1674
1673
1673
1675
1679
1682
1680
1679
1682
1683
1681
1681
1683
1687
1687
1685
1688
1688
1688
1687
1688
1692
1688
1687
1688
1687
1687
1681
1679
1679
1675
1673
1675
1668
1661
1656
1650
1650
1643
1640
1635
1631
1627
1627
1622
1619
1621
1617
1616
1615
1618
1617
1621
1619
1622
1624
1619
1615
1622
1608
1612
1617
1619
1621
1624
1624
1622
1623
1621
1623
1623
1623
1627
1622
1627
1627
1630
1629
1631
1631
1631
1631
1631
1636
1636
1635
1635
1636
1636
1636
1636
1637
1640
1641
1640
1640
1641
1638
1641
1640
1642
1638
1636
1634
1637
1636
1636
1638
1631
1635
1630
1627
1621
1624
1622
1624
1625
1631
1631
1630
1625
1630
1627
1630
1627
1630
1631
1631
1630
1631
1629
1631
1630
1630
1629
1631
1627
1629
1627
1630
1628
1631
1627
1630
1630
1630
1625
1624
1612
1586
1545
1501
1441
1385
1346
1294
1275
1299
1369
1442
1507
1551
1584
1611
1624
1643
1655
1662
1664
1669
1669
1673
1669
1669
1674
1673
1677
1679
1681
1679
1679
1681
1679
1677
1679
1683
1685
1683
1687
1692
1687
1686
1688
1686
1692
1692
1692
1694
1688
1688
1690
1690
1686
1687
1688
1681
1679
1673
1668
1667
1666
1660
1660
1648
1649
1644
1642
1635
1631
1630
1629
1624
1621
1617
1617
1617
1621
1621
1616
1619
1624
1622
1624
1627
1629
1627
1630
1631
1632
1630
1627
1630
1627
1624
1624
1627
1625
1627
1630
1631
1630
1629
1631
1634
1634
1634
1637
1635
1638
1637
1641
1641
1638
1641
1641
1645
1641
1642
1641
1643
1643
1642
1647
1643
1642
1642
1643
1643
1643
1644
1641
1643
1641
1641
1637
1636
1635
1635
1631
1630
1629
1627
1631
1629
1636
1634
1637
1631
1632
1635
1631
1634
1636
1636
1636
1641
1638
1636
1641
1641
1640
1640
1636
1638
1636
1637
1640
1635
1638
1641
1642
1637
1632
1630
1631
1619
1591
1546
1500
1437
1379
1330
1281
1256
1296
1377
1467
1531
1577
1606
1630
1653
1664
1672
1673
1679
1683
1683
1687
1688
1688
1687
1693
1698
1694
1692
1693
1700
1699
1695
1707
1681
1688
1690
1693
1699
1700
1700
1702
1711
1709
1707
1702
1706
1705
1702
1702
1706
1702
1699
1702
1700
1698
1689
1692
1687
1681
1677
1674
1669
1662
1660
1654
1650
1640
1641
1636
1636
1635
1641
1632
1636
1634
1632
1636
1636
1640
1636
1642
1637
1642
1640
1641
1640
1641
1640
1640
1641
1641
1642
1640
1642
1643
1644
1647
1649
1647
1649
1649
1649
1653
1654
1650
1650
1649
1647
1651
1653
1653
1650
1654
1655
1654
1656
1655
1654
1659
1656
1660
1655
1654
1653
1649
1653
1656
1654
1650
1645
1649
1649
1643
1641
1640
1644
1641
1644
1641
1645
1645
1649
1648
1645
1647
1645
1650
1649
1645
1645
1641
1642
1642
1647
1650
1644
1645
1647
1649
1645
1643
1643
1641
1643
1645
1649
1645
1642
1637
1631
1615
1578
1538
1492
1412
1370
1315
1276
1256
1324
1404
1488
1543
1584
1612
1636
1660
1672
1674
1676
1681
1686
1687
1688
1688
1690
1692
1693
1695
1696
1693
1698
1698
1698
1698
1696
1696
1698
1698
1699
1703
1706
1706
1705
1709
1707
1706
1707
1706
1705
1706
1706
1702
1698
1698
1698
1695
1692
1688
1687
1679
1677
1676
1668
1664
1662
1659
1655
1648
1642
1640
1638
1635
1636
1636
1635
1635
1632
1636
1631
1634
1630
1631
1634
1638
1636
1641
1643
1642
1647
1644
1643
1641
1644
1641
1644
1644
1642
1648
1643
1644
1644
1642
1644
1645
1650
1650
1650
1649
1649
1647
1649
1650
1650
1651
1655
1655
1659
1657
1657
1655
1656
1660
1657
1654
1654
1654
1654
1655
1649
1653
1654
1654
1654
1659
1649
1649
1645
1644
1643
1643
1643
1642
1641
1645
1645
1649
1645
1647
1649
1654
1654
1653
1649
1649
1648
1647
1650
1648
1649
1651
1650
1649
1650
1627
1640
1642
1643
1648
1649
1649
1645
1647
1641
1638
1617
1578
1545
1506
1442
1385
1320
1290
1285
1333
1401
1475
1539
1579
1614
1636
1657
1664
1672
1679
1686
1686
1686
1693
1693
1695
1694
1695
1696
1696
1702
1703
1701
1702
1705
1707
1706
1707
1706
1703
1707
1712
1711
1711
1711
1709
1712
1711
1711
1711
1713
1707
1711
1711
1708
1705
1700
1699
1696
1696
1692
1687
1680
1679
1674
1668
1660
1662
1655
1651
1648
1641
1641
1634
1634
1636
1638
1636
1636
1636
1641
1641
1637
1636
1641
1641
1641
1645
1641
1641
1640
1641
1640
1643
1641
1640
1641
1643
1645
1643
1641
1645
1647
1649
1649
1650
1649
1649
1650
1650
1650
1650
1650
1654
1651
1654
1653
1654
1660
1655
1657
1660
1657
1655
1655
1657
1655
1655
1654
1650
1650
1654
1653
1653
1653
1650
1654
1650
1651
1650
1648
1645
1643
1645
1637
1636
1634
1636
1640
1636
1640
1641
1644
1642
1645
1642
1643
1643
1641
1644
1640
1638
1638
1640
1638
1638
1641
1641
1642
1641
1641
1635
1637
1635
1635
1635
1635
1637
1632
1636
1630
1612
1574
1524
1472
1423
1365
1324
1279
1280
1327
1397
1473
1530
1576
1604
1623
1643
1650
1660
1669
1672
1674
1677
1683
1679
1679
1686
1687
1687
1685
1692
1692
1688
1688
1694
1692
1688
1693
1698
1698
1700
1698
1701
1699
1701
1702
1702
1699
1705
1701
1700
1700
1705
1698
1698
1702
1699
1693
1688
1688
1685
1680
1674
1668
1662
1661
1660
1656
1650
1645
1641
1643
1631
1631
1627
1630
1625
1630
1629
1634
1634
1636
1640
1641
1636
1640
1638
1636
1637
1642
1638
1636
1634
1640
1638
1643
1641
1643
1641
1648
1647
1648
1644
1642
1645
1660
1627
1636
1641
1642
1643
1649
1650
1651
1650
1645
1660
1655
1653
1655
1650
1654
1651
1657
1654
1650
1654
1653
1655
1654
1651
1656
1651
1651
1648
1648
1649
1645
1651
1649
1644
1641
1641
1641
1641
1642
1640
1643
1641
1649
1648
1643
1640
1641
1643
1643
1645
1644
1650
1645
1649
1649
1643
1645
1641
1650
1645
1645
1645
1647
1644
1643
1645
1644
1640
1638
1637
1636
1627
1606
1574
1531
1472
1421
1359
1308
1294
1313
1376
1443
1513
1563
1592
1618
1640
1654
1664
1669
1674
1679
1687
1681
1683
1687
1688
1689
1688
1688
1690
1687
1688
1692
1693
1696
1696
1699
1694
1694
1696
1696
1702
1702
1707
1702
1700
1702
1701
1700
1700
1702
1700
1699
1701
1700
1688
1687
1689
1682
1681
1683
1672
1668
1669
1662
1664
1653
1649
1643
1634
1635
1632
1635
1629
1630
1625
1631
1627
1625
1628
1631
1625
1631
1630
1631
1631
1636
1636
1636
1636
1635
1641
1640
1643
1638
1640
1635
1635
1638
1636
1637
1631
1637
1640
1638
1641
1641
1641
1643
1645
1643
1641
1643
1642
1644
1645
1649
1644
1648
1645
1645
1644
1643
1644
1648
1648
1644
1642
1643
1641
1641
1641
1643
1643
1637
1643
1640
1645
1641
1636
1631
1635
1631
1630
1627
1627
1629
1627
1630
1631
1631
1631
1636
1636
1641
1640
1640
1632
1636
1637
1631
1635
1634
1635
1635
1640
1636
1638
1638
1638
1640
1635
1632
1632
1632
1632
1635
1627
1622
1606
1579
1534
1489
1422
1356
1303
1267
1262
1314
1393
1475
1540
1578
1611
1630
1645
1655
1663
1673
1680
1677
1677
1681
1682
1683
1686
1685
1688
1689
1692
1692
1693
1688
1690
1694
1696
1693
1690
1693
1696
1695
1694
1699
1701
1698
1705
1703
1677
1631
1651
1666
1674
1679
1681
1685
1681
1688
1687
1680
1674
1672
1669
1662
1660
1655
1653
1648
1642
1638
1634
1630
1627
1629
1625
1624
1622
1622
1625
1624
1622
1624
1622
1623
1622
1630
1631
1634
1640
1640
1637
1637
1636
1636
1632
1638
1635
1636
1635
1635
1635
1636
1640
1641
1644
1641
1641
1640
1640
1640
1640
1640
1640
1641
1641
1643
1641
1645
1645
1645
1643
1643
1643
1642
1644
1644
1642
1635
1640
1640
1637
1641
1636
1640
1640
1640
1635
1631
1625
1623
1624
1629
1631
1630
1627
1631
1636
1631
1638
1637
1636
1634
1631
1631
1628
1627
1627
1629
1627
1630
1628
1631
1631
1635
1627
1629
1631
1631
1629
1634
1629
1629
1622
1622
1605
1574
1543
1492
1435
1367
1305
1270
1243
1275
1356
1436
1511
1550
1585
1604
1629
1641
1654
1657
1663
1664
1664
1669
1673
1673
1673
1674
1677
1679
1680
1679
1680
1687
1683
1683
1685
1686
1687
1692
1692
1693
1688
1690
1694
1698
1693
1693
1692
1692
1693
1690
1689
1694
1688
1688
1687
1680
1679
1677
1674
1673
1668
1662
1657
1650
1649
1643
1641
1631
1630
1627
1627
1619
1617
1615
1619
1618
1622
1619
1621
1621
1623
1624
1625
1622
1621
1622
1623
1624
1627
1629
1629
1622
1627
1629
1622
1627
1625
1631
1625
1627
1627
1631
1630
1637
1638
1640
1632
1638
1631
1635
1634
1636
1635
1636
1641
1642
1642
1643
1642
1642
1641
1642
1640
1641
1637
1641
1643
1644
1632
1638
1638
1637
1640
1638
1637
1635
1631
1631
1631
1627
1627
1628
1632
1631
1635
1631
1631
1631
1635
1638
1636
1637
1635
1636
1634
1632
1630
1634
1631
1636
1635
1638
1631
1636
1636
1636
1637
1635
1636
1629
1631
1625
1624
1612
1608
1564
1522
1483
1418
1359
1290
1270
1294
1354
1416
1490
1541
1579
1604
1624
1641
1649
1661
1662
1668
1672
1677
1677
1681
1683
1679
1679
1681
1682
1683
1688
1688
1687
1692
1695
1694
1689
1689
1693
1693
1693
1698
1700
1696
1696
1699
1705
1700
1698
1699
1696
1696
1694
1694
1690
1687
1685
1687
1677
1674
1669
1667
1667
1660
1656
1650
1648
1642
1642
1636
1635
1629
1627
1622
1627
1625
1624
1622
1622
1627
1625
1623
1625
1631
1628
1631
1629
1630
1630
1635
1634
1632
1630
1630
1631
1631
1630
1631
1630
1628
1632
1632
1635
1631
1635
1638
1640
1641
1641
1640
1636
1640
1641
1642
1641
1642
1641
1647
1649
1648
1645
1640
1643
1648
1645
1649
1643
1645
1644
1641
1640
1640
1648
1642
1648
1641
1641
1631
1635
1632
1630
1631
1630
1632
1635
1636
1641
1640
1636
1636
1640
1635
1637
1635
1636
1638
1640
1638
1638
1636
1634
1635
1638
1640
1634
1636
1635
1638
1635
1640
1635
1631
1630
1631
1622
1605
1570
1530
1485
1430
1371
1313
1290
1285
1340
1406
1475
1533
1572
1603
1623
1640
1655
1659
1662
1669
1676
1674
1669
1674
1676
1676
1680
1681
1677
1687
1688
1688
1687
1687
1690
1692
1688
1688
1692
1689
1694
1698
1699
1696
1698
1696
1700
1695
1700
1698
1698
1693
1694
1696
1694
1692
1692
1688
1681
1679
1679
1670
1666
1662
1660
1655
1650
1643
1636
1636
1631
1634
1631
1631
1629
1630
1628
1627
1627
1631
1628
1628
1630
1631
1630
1631
1634
1631
1635
1635
1641
1637
1635
1635
1636
1632
1634
1636
1636
1640
1635
1641
1642
1645
1644
1644
1643
1643
1644
1642
1645
1642
1643
1650
1649
1650
1649
1650
1650
1645
1650
1644
1648
1688
1673
1668
1659
1654
1649
1649
1650
1648
1649
1643
1644
1640
1640
1636
1631
1631
1634
1636
1636
1641
1635
1641
1640
1645
1641
1647
1647
1645
1643
1640
1641
1638
1635
1637
1638
1637
1638
1643
1642
1648
1640
1642
1638
1637
1635
1638
1630
1627
1617
1593
1560
1511
1453
1391
1340
1281
1276
1309
1376
1457
1521
1567
1597
1622
1645
1655
1662
1674
1681
1674
1679
1681
1682
1683
1683
1681
1685
1687
1686
1686
1690
1694
1688
1692
1694
1693
1692
1689
1695
1698
1698
1698
1698
1698
1700
1702
1700
1698
1702
1699
1699
1698
1694
1690
1687
1683
1683
1679
1676
1669
1669
1664
1664
1660
1650
1649
1640
1640
1636
1628
1624
1627
1624
1625
1624
1622
1621
1622
1624
1622
1627
1623
1630
1629
1629
1627
1630
1628
1634
1631
1635
1631
1634
1631
1631
1635
1634
1632
1630
1636
1635
1640
1634
1636
1637
1640
1641
1637
1638
1636
1642
1643
1645
1645
1643
1641
1641
1642
1643
1642
1643
1642
1645
1644
1648
1638
1641
1640
1638
1632
1635
1638
1640
1641
1637
1641
1630
1631
1628
1627
1625
1627
1624
1630
1630
1636
1637
1632
1631
1630
1634
1630
1631
1627
1634
1632
1636
1635
1634
1631
1635
1632
1631
1631
1631
1634
1632
1631
1631
1630
1630
1627
1625
1616
1589
1551
1503
1461
1393
1318
1283
1251
1259
1321
1414
1492
1544
1586
1610
1631
1649
1659
1667
1673
1673
1674
1679
1676
1674
1677
1679
1680
1687
1682
1683
1692
1692
1688
1686
1686
1688
1688
1690
1693
1693
1688
1693
1696
1698
1696
1698
1700
1698
1696
1698
1698
1694
1693
1696
1692
1683
1683
1683
1681
1681
1675
1668
1664
1660
1657
1654
1642
1636
1635
1631
1630
1625
1622
1619
1615
1622
1621
1622
1621
1624
1625
1629
1625
1627
1630
1630
1629
1631
1631
1631
1631
1632
1631
1634
1635
1632
1632
1631
1631
1631
1630
1631
1636
1636
1635
1634
1634
1638
1641
1643
1640
1641
1636
1638
1640
1640
1640
1641
1640
1637
1641
1643
1648
1641
1643
1643
1644
1640
1640
1636
1638
1637
1635
1631
1630
1630
1630
1624
1625
1630
1630
1634
1630
1638
1631
1635
1634
1637
1635
1636
1632
1631
1632
1631
1631
1631
1630
1631
1631
1634
1631
1634
1631
1630
1634
1631
1630
1623
1628
1622
1605
1578
1534
1490
1421
1360
1315
1268
1256
1303
1371
1454
1516
1556
1588
1608
1630
1642
1655
1657
1660
1668
1673
1677
1677
1675
1676
1676
1679
1675
1675
1679
1681
1682
1683
1680
1680
1685
1683
1688
1685
1692
1687
1689
1693
1696
1692
1690
1692
1687
1689
1688
1694
1689
1688
1686
1686
1681
1676
1673
1669
1664
1663
1660
1654
1645
1644
1641
1636
1629
1625
1622
1621
1615
1617
1617
1614
1615
1617
1616
1616
1616
1621
1619
1619
1618
1622
1619
1621
1621
1622
1621
1621
1624
1625
1621
1622
1621
1619
1621
1622
1622
1623
1622
1629
1630
1625
1624
1627
1623
1630
1631
1632
1629
1629
1630
1635
1636
1635
1635
1635
1636
1638
1641
1640
1636
1635
1636
1635
1634
1636
1634
1636
1631
1631
1629
1628
1625
1630
1627
1628
1623
1630
1627
1625
1627
1631
1630
1627
1631
1630
1629
1624
1625
1630
1631
1631
1632
1630
1629
1625
1631
1630
1631
1627
1630
1631
1629
1627
1629
1622
1628
1619
1605
1578
1532
1476
1421
1365
1321
1274
1270
1307
1378
1454
1512
1559
1589
1616
1632
1645
1655
1660
1664
1664
1673
1669
1670
1674
1673
1675
1675
1674
1679
1651
1662
1669
1676
1674
1679
1687
1683
1682
1683
1688
1687
1687
1689
1692
1688
1687
1690
1688
1683
1685
1687
1687
1688
1688
1681
1679
1675
1668
1669
1662
1660
1655
1650
1649
1642
1641
1636
1631
1623
1624
1618
1622
1616
1621
1612
1624
1619
1622
1618
1623
1624
1624
1623
1625
1624
1625
1622
1625
1622
1622
1622
1625
1624
1627
1621
1625
1624
1627
1621
1630
1622
1627
1628
1630
1627
1631
1631
1635
1630
1636
1634
1635
1635
1640
1636
1636
1634
1631
1637
1636
1641
1636
1642
1641
1641
1636
1635
1632
1635
1632
1634
1631
1629
1628
1623
1622
1623
1627
1622
1625
1627
1630
1627
1631
1629
1627
1629
1627
1629
1624
1627
1630
1629
1630
1631
1630
1628
1627
1631
1627
1624
1623
1624
1624
1624
1622
1623
1622
1624
1617
1612
1589
1553
1512
1461
1398
1340
1289
1263
1290
1356
1424
1488
1541
1579
1604
1630
1635
1644
1651
1655
1660
1666
1662
1668
1675
1677
1677
1675
1673
1672
1675
1673
1675
1679
1680
1680
1687
1683
1683
1681
1683
1686
1685
1687
1688
1683
1687
1688
1687
1683
1687
1686
1682
1683
1683
1680
1674
1670
1667
1664
1664
1656
1655
1650
1644
1643
1635
1631
1624
1622
1622
1612
1611
1608
1612
1611
1611
1606
1611
1611
1612
1612
1616
1612
1614
1616
1617
1612
1612
1612
1612
1611
1614
1616
1612
1616
1617
1619
1617
1618
1616
1618
1617
1621
1619
1622
1619
1621
1621
1621
1616
1623
1622
1630
1627
1630
1628
1634
1630
1630
1631
1631
1627
1630
1630
1636
1631
1631
1631
1630
1628
1629
1629
1624
1628
1623
1621
1619
1618
1614
1615
1622
1625
1623
1622
1624
1622
1621
1622
1627
1623
1623
1627
1629
1624
1625
1627
1624
1622
1630
1627
1627
1625
1624
1625
1627
1627
1623
1625
1629
1624
1622
1616
1612
1591
1567
1522
1479
1411
1353
1282
1249
1249
1295
1378
1462
1528
1565
1593
1616
1629
1641
1650
1654
1659
1663
1668
1672
1675
1675
1674
1670
1676
1679
1677
1673
1675
1679
1683
1683
1682
1680
1683
1685
1683
1685
1687
1688
1686
1690
1688
1690
1687
1686
1688
1687
1686
1687
1683
1681
1680
1674
1669
1668
1666
1664
1657
1655
1645
1643
1640
1635
1631
1627
1623
1621
1617
1616
1614
1612
1611
1616
1614
1616
1612
1617
1616
1621
1622
1621
1619
1617
1621
1621
1622
1624
1622
1622
1621
1619
1621
1621
1621
1622
1618
1623
1621
1624
1623
1630
1627
1630
1625
1630
1628
1631
1630
1634
1630
1631
1634
1630
1631
1629
1631
1630
1631
1631
1636
1631
1632
1634
1634
1640
1634
1632
1629
1627
1624
1619
1619
1616
1614
1619
1624
1624
1622
1623
1625
1624
1621
1624
1623
1627
1627
1627
1623
1627
1624
1625
1625
1623
1623
1622
1621
1622
1622
1624
1621
1621
1621
1624
1622
1621
1612
1612
1599
1566
1522
1474
1409
1344
1287
1267
1243
1281
1365
1454
1521
1563
1589
1610
1629
1641
1649
1653
1657
1659
1664
1668
1668
1672
1670
1673
1677
1679
1673
1672
1674
1677
1679
1677
1679
1679
1680
1685
1682
1682
1683
1683
1685
1687
1687
1685
1687
1687
1683
1685
1681
1679
1679
1681
1677
1674
1669
1664
1664
1663
1653
1653
1640
1642
1635
1635
1629
1623
1617
1619
1615
1616
1612
1612
1611
1612
1612
1611
1614
1612
1618
1617
1624
1622
1623
1619
1622
1622
1621
1616
1621
1617
1622
1622
1625
1622
1622
1627
1628
1627
1622
1624
1627
1629
1627
1628
1629
1622
1622
1627
1629
1616
1622
1627
1635
1632
1636
1631
1631
1628
1630
1629
1627
1624
1628
1631
1630
1629
1628
1624
1621
1621
1619
1617
1616
1617
1623
1621
1622
1622
1624
1622
1630
1628
1629
1624
1627
1624
1627
1624
1625
1625
1627
1627
1629
1627
1627
1628
1630
1627
1627
1627
1628
1624
1625
1625
1628
1614
1592
1565
1533
1474
1418
1354
1314
1274
1267
1308
1374
1448
1511
1556
1585
1611
1624
1638
1655
1656
1663
1664
1661
1663
1668
1669
1675
1670
1669
1672
1672
1673
1677
1674
1676
1677
1679
1677
1683
1682
1676
1679
1683
1685
1681
1680
1682
1687
1688
1686
1686
1681
1683
1683
1681
1681
1676
1673
1670
1668
1663
1660
1655
1656
1649
1648
1637
1632
1625
1627
1623
1618
1612
1611
1611
1610
1612
1611
1611
1611
1614
1610
1610
1611
1612
1610
1612
1614
1617
1615
1619
1621
1621
1621
1618
1614
1619
1618
1618
1616
1621
1617
1619
1615
1623
1622
1621
1619
1624
1624
1625
1630
1629
1624
1634
1630
1631
1627
1634
1630
1637
1638
1635
1632
1630
1634
1630
1628
1627
1630
1625
1630
1627
1629
1623
1625
1624
1624
1621
1616
1616
1619
1622
1622
1623
1621
1622
1619
1621
1619
1621
1622
1623
1624
1621
1623
1617
1622
1622
1624
1623
1623
1622
1624
1622
1621
1617
1622
1617
1623
1623
1621
1616
1615
1602
1573
1538
1495
1440
1373
1320
1288
1280
1301
1363
1431
1498
1544
1577
1598
1619
1630
1645
1654
1654
1660
1660
1664
1668
1668
1662
1669
1668
1673
1679
1672
1669
1673
1677
1674
1676
1676
1677
1681
1683
1680
1680
1682
1681
1680
1683
1681
1687
1685
1687
1687
1690
1686
1681
1679
1679
1675
1673
1669
1664
1661
1660
1657
1653
1649
1645
1641
1640
1617
1621
1612
1614
1615
1614
1614
1608
1611
1611
1615
1612
1617
1614
1621
1612
1619
1617
1621
1612
1621
1617
1617
1614
1614
1614
1617
1618
1618
1617
1617
1622
1622
1624
1621
1623
1622
1622
1624
1629
1630
1625
1631
1634
1634
1628
1628
1631
1631
1632
1636
1634
1638
1632
1641
1640
1640
1634
1634
1631
1635
1632
1631
1632
1625
1625
1624
1622
1615
1614
1622
1622
1624
1621
1624
1622
1622
1621
1623
1622
1625
1624
1625
1624
1628
1627
1627
1625
1623
1622
1621
1625
1622
1622
1618
1621
1621
1621
1621
1622
1623
1619
1619
1612
1603
1576
1521
1479
1406
1363
1312
1285
1275
1309
1373
1455
1513
1553
1584
1608
1623
1635
1648
1651
1653
1660
1664
1660
1668
1664
1662
1664
1666
1669
1672
1672
1668
1669
1673
1675
1674
1674
1677
1681
1682
1680
1681
1681
1686
1683
1682
1687
1687
1687
1686
1685
1685
1681
1677
1679
1674
1673
1669
1669
1663
1660
1654
1648
1647
1640
1640
1631
1634
1622
1625
1621
1619
1611
1612
1603
1612
1612
1614
1617
1615
1614
1616
1619
1616
1616
1615
1617
1616
1622
1622
1621
1616
1621
1619
1622
1621
1622
1622
1624
1624
1628
1623
1624
1622
1624
1624
1621
1625
1630
1635
1632
1638
1636
1640
1636
1638
1635
1634
1635
1634
1635
1634
1636
1634
1636
1635
1634
1632
1632
1631
1631
1630
1627
1628
1623
1621
1624
1624
1625
1627
1627
1631
1630
1631
1627
1631
1629
1631
1629
1635
1630
1630
1624
1634
1631
1625
1630
1631
1631
1635
1636
1631
1629
1624
1624
1627
1628
1625
1630
1631
1630
1623
1608
1582
1535
1493
1414
1366
1299
1256
1234
1288
1354
1442
1515
1565
1597
1617
1635
1645
1654
1662
1664
1670
1676
1673
1656
1664
1669
1673
1677
1679
1681
1681
1681
1683
1686
1683
1683
1690
1692
1689
1689
1692
1692
1692
1692
1690
1692
1688
1688
1693
1692
1687
1689
1688
1690
1688
1683
1677
1679
1674
1670
1668
1657
1653
1654
1649
1647
1641
1634
1636
1631
1630
1627
1621
1624
1618
1621
1621
1625
1623
1622
1624
1625
1627
1624
1624
1627
1628
1629
1629
1631
1624
1630
1624
1629
1624
1624
1627
1631
1627
1635
1634
1635
1631
1635
1631
1634
1627
1631
1631
1638
1640
1636
1638
1635
1641
1641
1640
1637
1640
1641
1641
1642
1638
1642
1640
1640
1640
1642
1638
1635
1635
1634
1631
1627
1623
1622
1625
1629
1630
1629
1630
1631
1630
1631
1629
1628
1627
1631
1630
1631
1628
1627
1629
1631
1631
1630
1630
1630
1629
1632
1630
1629
1624
1627
1625
1627
1624
1623
1621
1622
1612
1589
1554
1503
1442
1374
1320
1264
1242
1253
1333
1414
1492
1539
1574
1602
1622
1641
1647
1653
1660
1660
1666
1669
1668
1669
1674
1676
1675
1674
1673
1679
1681
1679
1679
1681
1679
1674
1676
1680
1674
1682
1683
1681
1681
1682
1683
1681
1679
1681
1685
1683
1677
1677
1679
1676
1672
1669
1674
1668
1662
1655
1653
1645
1641
1643
1635
1634
1629
1624
1622
1619
1617
1616
1611
1608
1608
1608
1610
1610
1608
1608
1611
1612
1617
1616
1616
1621
1616
1612
1619
1616
1618
1617
1621
1621
1615
1616
1619
1619
1617
1621
1624
1622
1622
1622
1630
1629
1623
1622
1630
1629
1631
1631
1635
1634
1638
1635
1640
1632
1635
1640
1640
1638
1637
1640
1638
1640
1641
1642
1635
1632
1636
1636
1636
1631
1632
1630
1627
1627
1625
1622
1619
1625
1630
1631
1630
1629
1630
1627
1617
1700
1679
1657
1650
1643
1640
1632
1636
1630
1631
1630
1631
1631
1631
1630
1634
1629
1628
1625
1627
1627
1629
1627
1627
1622
1608
1579
1540
1499
1432
1371
1313
1292
1267
1300
1352
1432
1501
1554
1585
1606
1630
1641
1654
1660
1669
1670
1669
1673
1673
1676
1674
1673
1675
1679
1681
1686
1680
1681
1683
1687
1685
1682
1685
1688
1688
1688
1689
1689
1689
1688
1695
1690
1692
1688
1688
1690
1689
1687
1688
1688
1683
1680
1681
1679
1673
1673
1666
1660
1654
1650
1645
1641
1644
1637
1635
1627
1629
1622
1623
1617
1621
1615
1617
1614
1621
1621
1621
1618
1624
1622
1623
1627
1624
1623
1627
1627
1627
1623
1624
1621
1622
1621
1624
1622
1630
1627
1635
1627
1631
1629
1631
1631
1631
1632
1635
1634
1636
1636
1640
1640
1637
1636
1641
1638
1638
1636
1643
1640
1638
1642
1641
1641
1641
1640
1641
1640
1640
1642
1636
1638
1637
1632
1634
1631
1636
1635
1634
1625
1631
1625
1628
1622
1624
1623
1629
1625
1635
1631
1631
1627
1631
1630
1631
1631
1628
1627
1631
1631
1624
1628
1627
1629
1623
1629
1624
1627
1629
1632
1630
1631
1627
1630
1625
1623
1621
1618
1593
1559
1518
1487
1418
1358
1300
1277
1279
1333
1402
1472
1530
1565
1598
1621
1634
1643
1653
1655
1662
1668
1666
1673
1674
1673
1677
1673
1670
1676
1675
1674
1679
1679
1679
1679
1686
1688
1683
1686
1687
1687
1687
1688
1688
1686
1687
1689
1688
1688
1693
1688
1688
1688
1689
1677
1677
1674
1674
1674
1673
1666
1662
1659
1657
1657
1649
1641
1635
1634
1623
1628
1618
1624
1618
1612
1618
1622
1617
1614
1619
1621
1624
1624
1627
1622
1624
1622
1622
1621
1623
1616
1610
1614
1619
1616
1619
1617
1622
1622
1622
1622
1624
1624
1629
1630
1630
1631
1636
1637
1636
1636
1636
1640
1635
1638
1636
1640
1637
1641
1643
1641
1640
1638
1641
1631
1636
1636
1636
1635
1635
1636
1636
1636
1635
1636
1635
1640
1635
1640
1631
1631
1629
1627
1619
1622
1621
1622
1624
1625
1623
1627
1628
1631
1631
1631
1631
1631
1630
1630
1627
1627
1625
1627
1630
1630
1624
1624
1622
1624
1625
1629
1624
1625
1634
1627
1622
1619
1616
1614
1590
1559
1522
1464
1416
1359
1307
1272
1272
1337
1408
1480
1539
1574
1597
1622
1635
1645
1653
1661
1662
1667
1668
1669
1673
1672
1669
1669
1669
1675
1673
1674
1673
1679
1679
1679
1679
1679
1681
1683
1681
1681
1687
1686
1683
1686
1687
1687
1686
1685
1685
1682
1679
1680
1680
1674
1673
1673
1667
1664
1660
1660
1659
1654
1650
1643
1641
1635
1635
1624
1622
1617
1619
1612
1615
1621
1616
1615
1617
1617
1612
1612
1616
1617
1618
1619
1622
1621
1622
1623
1622
1622
1622
1623
1621
1622
1618
1624
1621
1623
1624
1624
1623
1622
1624
1630
1630
1627
1631
1625
1630
1622
1634
1631
1632
1630
1635
1632
1631
1634
1635
1640
1634
1636
1635
1634
1635
1630
1631
1630
1630
1630
1634
1629
1630
1631
1631
1629
1631
1627
1630
1625
1622
1618
1622
1617
1624
1622
1624
1622
1622
1623
1622
1623
1630
1629
1625
1627
1630
1623
1628
1631
1628
1627
1624
1630
1627
1631
1630
1627
1625
1624
1627
1624
1624
1617
1624
1622
1623
1605
1580
1545
1499
1434
1371
1302
1264
1224
1269
1335
1422
1506
1556
1586
1614
1631
1648
1655
1660
1668
1673
1669
1673
1674
1673
1674
1679
1679
1680
1685
1681
1687
1680
1682
1682
1681
1686
1689
1688
1686
1688
1692
1689
1688
1688
1692
1693
1692
1698
1694
1693
1688
1688
1693
1689
1683
1683
1681
1674
1669
1672
1660
1659
1654
1656
1653
1648
1640
1636
1631
1631
1630
1625
1622
1622
1621
1622
1621
1621
1622
1624
1624
1627
1627
1629
1625
1625
1630
1625
1631
1629
1631
1631
1631
1630
1632
1629
1632
1635
1631
1631
1632
1631
1635
1635
1631
1631
1632
1635
1638
1640
1635
1641
1641
1641
1637
1641
1641
1640
1640
1635
1643
1640
1641
1643
1641
1640
1640
1634
1635
1640
1638
1638
1631
1631
1627
1625
1624
1625
1623
1624
1630
1635
1636
1635
1631
1634
1631
1634
1630
1634
1632
1627
1631
1631
1631
1629
1630
1631
1635
1629
1631
1630
1631
1627
1631
1625
1625
1625
1630
1628
1627
1624
1617
1593
1559
1522
1480
1404
1346
1279
1253
1248
1318
1395
1469
1528
1566
1598
1617
1634
1650
1659
1666
1668
1673
1672
1672
1673
1673
1675
1679
1679
1679
1679
1685
1681
1679
1679
1683
1687
1688
1690
1688
1692
1692
1690
1687
1692
1692
1695
1693
1692
1688
1694
1694
1693
1688
1683
1681
1682
1675
1681
1677
1673
1669
1668
1663
1659
1648
1644
1635
1635
1632
1631
1627
1625
1623
1619
1616
1616
1612
1617
1618
1627
1622
1624
1621
1625
1625
1630
1630
1628
1624
1624
1623
1624
1627
1627
1623
1627
1624
1624
1627
1629
1632
1631
1634
1631
1632
1630
1634
1637
1640
1635
1636
1640
1636
1641
1640
1642
1641
1643
1643
1643
1638
1638
1641
1636
1641
1641
1642
1635
1642
1643
1645
1642
1640
1638
1636
1637
1635
1632
1634
1630
1630
1630
1627
1625
1623
1629
1627
1631
1631
1635
1635
1634
1635
1630
1630
1612
1625
1625
1631
1631
1632
1631
1636
1635
1634
1634
1629
1630
1631
1629
1631
1635
1635
1636
1632
1630
1624
1622
1605
1570
1534
1477
1419
1361
1318
1283
1274
1319
1389
1468
1522
1567
1593
1612
1634
1645
1654
1661
1666
1668
1677
1679
1679
1676
1677
1676
1680
1677
1677
1679
1680
1688
1683
1687
1686
1687
1686
1688
1689
1688
1687
1692
1689
1692
1693
1690
1693
1692
1692
1690
1690
1689
1687
1683
1687
1687
1679
1670
1669
1666
1662
1661
1657
1651
1643
1648
1636
1634
1630
1629
1624
1623
1623
1624
1621
1617
1617
1622
1624
1622
1614
1622
1623
1624
1619
1624
1623
1624
1622
1624
1624
1624
1624
1631
1625
1628
1624
1627
1629
1631
1627
1630
1623
1627
1630
1629
1631
1630
1631
1629
1636
1636
1640
1638
1640
1634
1635
1635
1638
1638
1640
1641
1642
1643
1641
1643
1641
1638
1636
1635
1636
1634
1631
1631
1636
1635
1632
1636
1635
1631
1623
1621
1621
1623
1624
1624
1625
1623
1624
1627
1623
1625
1624
1629
1632
1634
1630
1630
1630
1631
1635
1635
1628
1632
1628
1631
1630
1630
1627
1628
1623
1631
1630
1624
1623
1617
1615
1608
1583
1534
1499
1449
1396
1346
1299
1272
1294
1364
1434
1501
1546
1578
1601
1624
1643
1649
1654
1660
1662
1669
1669
1673
1673
1674
1676
1679
1677
1674
1674
1683
1681
1681
1680
1686
1686
1686
1688
1688
1686
1687
1688
1689
1688
1692
1693
1692
1694
1695
1698
1689
1688
1687
1683
1683
1680
1680
1674
1675
1676
1669
1660
1655
1654
1650
1647
1638
1632
1630
1625
1622
1625
1622
1621
1622
1625
1622
1625
1629
1627
1627
1629
1629
1624
1627
1630
1631
1634
1632
1630
1635
1634
1630
1630
1634
1629
1631
1631
1630
1548
1577
1595
1610
1622
1624
1629
1631
1636
1640
1641
1637
1637
1637
1637
1643
1643
1642
1644
1650
1650
1650
1648
1644
1643
1643
1644
1645
1642
1642
1641
1643
1638
1640
1638
1642
1641
1644
1641
1636
1631
1630
1630
1631
1631
1634
1632
1635
1640
1635
1635
1638
1638
1634
1640
1636
1632
1631
1636
1635
1634
1634
1636
1636
1631
1636
1635
1634
1634
1638
1638
1636
1630
1631
1627
1627
1624
1618
1589
1544
1507
1461
1392
1326
1285
1264
1279
1347
1435
1508
1556
1593
1619
1632
1645
1654
1664
1668
1670
1672
1681
1681
1677
1679
1681
1676
1680
1681
1682
1683
1687
1686
1686
1688
1692
1688
1687
1688
1693
1692
1694
1698
1696
1693
1695
1700
1699
1695
1693
1692
1692
1686
1687
1687
1681
1681
1681
1681
1674
1667
1660
1660
1653
1649
1644
1636
1636
1634
1634
1624
1622
1619
1624
1621
1621
1619
1624
1615
1623
1623
1625
1623
1627
1627
1631
1630
1631
1630
1630
1628
1630
1629
1627
1627
1630
1636
1631
1632
1630
1631
1631
1636
1636
1638
1636
1637
1640
1640
1636
1634
1642
1638
1641
1642
1641
1638
1640
1641
1641
1643
1643
1641
1640
1637
1638
1635
1635
1636
1640
1641
1640
1635
1638
1635
1631
1629
1627
1627
1622
1629
1631
1630
1631
1636
1631
1635
1634
1636
1632
1631
1631
1636
1635
1629
1631
1631
1631
1634
1635
1631
1634
1631
1632
1634
1630
1630
1630
1627
1630
1630
1627
1615
1592
1556
1519
1454
1370
1319
1290
1262
1280
1340
1418
1498
1546
1583
1611
1630
1644
1655
1660
1667
1669
1669
1673
1681
1683
1679
1681
1681
1683
1683
1681
1683
1688
1695
1692
1693
1692
1690
1692
1689
1693
1698
1696
1695
1696
1696
1655
1632
1650
1668
1676
1683
1688
1688
1683
1683
1685
1687
1679
1673
1668
1669
1663
1661
1655
1650
1647
1640
1638
1634
1631
1624
1627
1624
1624
1624
1627
1622
1623
1624
1629
1624
1627
1624
1629
1625
1627
1629
1634
1630
1632
1635
1635
1630
1631
1634
1635
1631
1631
1631
1635
1632
1638
1643
1641
1641
1636
1636
1636
1632
1636
1640
1641
1642
1647
1643
1647
1645
1649
1645
1645
1643
1643
1642
1642
1640
1638
1641
1643
1641
1642
1638
1636
1630
1631
1629
1632
1630
1635
1630
1638
1632
1632
1635
1635
1638
1641
1641
1640
1636
1627
1634
1634
1635
1631
1636
1636
1637
1636
1634
1637
1636
1638
1635
1636
1631
1632
1631
1630
1629
1628
1611
1589
1554
1513
1462
1391
1346
1290
1276
1288
1345
1422
1494
1546
1583
1608
1625
1642
1655
1662
1666
1677
1674
1677
1677
1679
1681
1681
1681
1675
1683
1683
1685
1687
1690
1687
1688
1692
1689
1688
1693
1693
1695
1693
1692
1694
1696
1698
1698
1698
1695
1695
1696
1693
1692
1692
1687
1687
1682
1679
1676
1674
1669
1670
1661
1659
1654
1649
1645
1640
1640
1634
1630
1623
1623
1621
1622
1619
1622
1622
1624
1623
1627
1627
1629
1629
1631
1632
1631
1630
1627
1630
1630
1635
1631
1635
1634
1640
1631
1631
1627
1630
1630
1631
1634
1632
1635
1638
1641
1643
1644
1642
1643
1643
1643
1645
1643
1643
1643
1648
1654
1648
1644
1645
1649
1649
1649
1649
1645
1650
1643
1645
1645
1645
1645
1643
1642
1641
1640
1635
1634
1635
1635
1636
1638
1638
1640
1636
1637
1638
1636
1636
1638
1643
1641
1638
1638
1641
1643
1641
1641
1637
1644
1640
1641
1641
1635
1638
1636
1641
1641
1640
1635
1635
1618
1628
1606
1573
1540
1500
1437
1393
1334
1298
1275
1327
1402
1474
1532
1570
1602
1627
1644
1654
1662
1668
1672
1677
1680
1682
1681
1683
1693
1688
1687
1690
1689
1685
1688
1693
1696
1690
1694
1699
1696
1693
1696
1698
1698
1700
1702
1700
1699
1698
1705
1707
1705
1706
1700
1699
1696
1700
1696
1693
1686
1683
1686
1677
1669
1668
1664
1661
1654
1659
1650
1642
1641
1638
1635
1631
1630
1629
1630
1625
1631
1630
1630
1629
1631
1631
1635
1634
1635
1632
1634
1635
1635
1635
1634
1641
1640
1642
1636
1637
1635
1636
1637
1636
1636
1637
1641
1640
1641
1640
1640
1638
1641
1645
1643
1649
1642
1645
1648
1648
1644
1644
1647
1649
1649
1650
1649
1649
1645
1645
1650
1647
1644
1641
1645
1636
1645
1641
1640
1640
1640
1636
1634
1630
1630
1635
1636
1636
1638
1638
1636
1638
1641
1636
1640
1640
1643
1640
1638
1640
1638
1642
1641
1641
1634
1640
1636
1641
1640
1636
1637
1640
1642
1641
1638
1631
1631
1621
1601
1559
1512
1461
1402
1347
1301
1295
1307
1365
1437
1511
1559
1591
1616
1632
1650
1659
1663
1669
1675
1676
1679
1682
1681
1679
1679
1679
1681
1682
1686
1685
1686
1689
1692
1692
1690
1693
1694
1693
1696
1695
1695
1699
1696
1699
1699
1699
1696
1700
1700
1700
1700
1696
1694
1692
1692
1690
1682
1683
1680
1677
1675
1669
1664
1659
1650
1649
1645
1638
1634
1632
1631
1630
1627
1627
1629
1630
1631
1635
1638
1637
1636
1636
1636
1634
1637
1635
1635
1634
1638
1636
1637
1640
1636
1642
1638
1641
1641
1641
1641
1643
1641
1640
1645
1645
1649
1651
1649
1650
1645
1650
1653
1650
1650
1650
1653
1651
1650
1650
1650
1654
1653
1657
1659
1655
1655
1651
1650
1629
1631
1636
1641
1645
1645
1650
1644
1638
1635
1643
1638
1635
1638
1642
1645
1645
1644
1642
1641
1643
1642
1650
1644
1644
1649
1648
1643
1640
1641
1636
1643
1642
1650
1649
1643
1647
1645
1645
1645
1642
1641
1642
1640
1641
1634
1617
1583
1532
1489
1437
1372
1327
1282
1285
1314
1395
1477
1543
1583
1614
1636
1651
1660
1670
1683
1687
1689
1689
1687
1687
1688
1692
1692
1694
1693
1700
1698
1698
1699
1700
1700
1700
1700
1698
1700
1702
1700
1702
1711
1706
1702
1707
1711
1711
1711
1705
1711
1705
1709
1701
1696
1693
1692
1688
1687
1682
1680
1676
1674
1667
1662
1659
1654
1654
1645
1644
1640
1636
1628
1630
1629
1631
1634
1634
1634
1635
1636
1634
1637
1631
1637
1636
1641
1632
1638
1641
1640
1641
1641
1638
1637
1640
1640
1640
1640
1638
1636
1640
1644
1642
1644
1643
1644
1649
1649
1649
1643
1649
1649
1650
1653
1649
1653
1650
1653
1650
1654
1650
1648
1650
1651
1650
1648
1643
1650
1648
1645
1649
1643
1645
1637
1641
1636
1636
1630
1634
1643
1641
1640
1640
1635
1631
1636
1641
1641
1643
1641
1643
1641
1641
1641
1635
1636
1636
1642
1640
1642
1640
1641
1643
1641
1638
1635
1638
1638
1638
1632
1630
1605
1573
1537
1489
1423
1345
1294
1272
1269
1328
1395
1472
1537
1583
1608
1627
1643
1654
1668
1676
1680
1679
1682
1687
1683
1686
1687
1688
1688
1689
1694
1692
1692
1690
1698
1699
1699
1699
1703
1701
1702
1699
1701
1705
1702
1700
1705
1711
1700
1702
1705
1707
1707
1700
1699
1699
1693
1689
1690
1688
1681
1680
1677
1677
1667
1662
1655
1651
1649
1650
1643
1641
1638
1636
1635
1632
1636
1612
1627
1627
1631
1631
1636
1635
1638
1636
1638
1636
1635
1638
1640
1643
1643
1642
1643
1645
1649
1649
1649
1644
1645
1642
1650
1645
1643
1648
1644
1647
1648
1645
1649
1650
1654
1651
1651
1650
1650
1648
1649
1655
1654
1659
1654
1654
1655
1654
1653
1645
1649
1654
1653
1651
1645
1649
1643
1645
1648
1643
1643
1636
1635
1612
1579
1543
1498
1442
1380
1334
1293
1296
1335
1398
1474
1530
1572
1602
1622
1640
1651
1664
1668
1673
1675
1679
1681
1681
1683
1682
1688
1690
1692
1692
1692
1692
1694
1699
1694
1693
1698
1699
1700
1700
1702
1702
1702
1706
1706
1703
1698
1700
1698
1701
1703
1705
1698
1696
1700
1696
1696
1688
1688
1686
1677
1669
1674
1669
1661
1655
1653
1653
1644
1642
1642
1638
1640
1631
1637
1631
1640
1640
1641
1634
1642
1638
1643
1641
1637
1640
1641
1641
1642
1640
1641
1640
1637
1640
1643
1641
1643
1641
1643
1649
1647
1645
1645
1648
1644
1645
1649
1648
1649
1650
1650
1654
1650
1656
1654
1654
1654
1650
1653
1653
1649
1650
1649
1653
1650
1649
1650
1649
1649
1644
1643
1641
1644
1650
1648
1648
1642
1642
1645
1641
1641
1640
1643
1642
1642
1643
1638
1642
1641
1643
1645
1640
1640
1640
1642
1640
1641
1642
1644
1640
1644
1641
1635
1637
1634
1640
1635
1641
1636
1635
1635
1640
1643
1641
1641
1638
1644
1641
1647
1647
1643
1645
1643
1645
1644
1643
1643
1641
1644
1638
1643
1641
1643
1642
1645
1641
1638
1636
1631
1612
1584
1537
1496
1431
1383
1339
1302
1292
1328
1397
1470
1532
1582
1609
1635
1653
1664
1673
1676
1680
1686
1685
1690
1688
1687
1688
1695
1695
1694
1693
1696
1696
1694
1674
1712
1705
1700
1705
1705
1705
1706
1702
1703
1711
1711
1707
1711
1708
1706
1707
1707
1702
1700
1702
1698
1698
1696
1692
1688
1687
1687
1681
1681
1675
1668
1669
1664
1660
1653
1650
1649
1641
1641
1640
1637
1634
1637
1636
1638
1634
1634
1635
1634
1638
1640
1641
1645
1649
1642
1644
1643
1642
1643
1640
1644
1642
1642
1641
1649
1645
1645
1645
1643
1649
1648
1649
1650
1650
1650
1649
1654
1651
1650
1651
1653
1659
1659
1655
1660
1659
1656
1660
1659
1659
1654
1656
1655
1653
1656
1650
1653
1659
1656
1661
1650
1655
1644
1643
1641
1640
1643
1641
1645
1647
1643
1645
1643
1645
1649
1650
1649
1649
1648
1643
1645
1645
1644
1643
1649
1650
1651
1645
1643
1641
1640
1640
1647
1642
1641
1641
1641
1640
1636
1627
1602
1552
1516
1466
1408
1347
1290
1283
1302
1366
1451
1520
1569
1602
1628
1645
1660
1667
1673
1677
1681
1683
1686
1689
1688
1687
1689
1688
1692
1693
1696
1700
1696
1696
1696
1696
1699
1703
1698
1699
1702
1708
1701
1702
1706
1705
1702
1706
1705
1705
1705
1700
1698
1700
1700
1699
1693
1694
1688
1681
1679
1670
1663
1666
1660
1654
1653
1645
1643
1641
1638
1631
1631
1629
1631
1631
1635
1631
1634
1632
1631
1635
1636
1640
1638
1638
1640
1641
1643
1638
1644
1641
1645
1642
1644
1641
1644
1645
1642
1645
1645
1644
1643
1643
1649
1648
1645
1645
1649
1649
1645
1649
1645
1650
1650
1649
1655
1650
1659
1659
1657
1653
1650
1650
1650
1650
1650
1650
1650
1643
1649
1644
1643
1641
1641
1641
1645
1644
1644
1644
1643
1644
1645
1645
1647
1648
1653
1649
1649
1649
1645
1647
1649
1653
1649
1644
1642
1642
1644
1643
1645
1634
1621
1624
1627
1631
1629
1614
1586
1535
1482
1404
1351
1286
1256
1264
1327
1409
1496
1554
1595
1624
1637
1650
1663
1669
1675
1681
1686
1686
1688
1694
1693
1692
1692
1693
1693
1696
1698
1696
1695
1696
1696
1699
1700
1700
1703
1707
1705
1705
1703
1706
1706
1708
1707
1708
1709
1709
1709
1706
1702
1702
1698
1695
1693
1695
1688
1681
1676
1675
1674
1668
1661
1659
1653
1650
1645
1645
1636
1637
1638
1636
1637
1632
1634
1631
1632
1637
1641
1635
1638
1636
1640
1638
1635
1641
1638
1641
1640
1643
1640
1641
1640
1641
1643
1642
1641
1641
1643
1645
1643
1649
1643
1647
1648
1643
1643
1643
1649
1649
1650
1649
1650
1650
1650
1651
1654
1656
1653
1650
1650
1645
1650
1650
1648
1649
1648
1645
1640
1636
1636
1634
1635
1636
1641
1635
1640
1641
1648
1644
1643
1645
1643
1643
1641
1642
1638
1640
1645
1643
1645
1641
1641
1640
1638
1640
1640
1642
1636
1643
1643
1643
1640
1641
1636
1635
1616
1585
1544
1498
1436
1382
1334
1280
1256
1308
1380
1455
1521
1564
1596
1619
1644
1659
1663
1668
1677
1679
1681
1681
1683
1682
1682
1683
1688
1690
1688
1688
1689
1690
1690
1689
1692
1694
1694
1699
1698
1696
1698
1701
1698
1702
1706
1702
1700
1703
1702
1702
1698
1699
1698
1693
1689
1688
1688
1686
1683
1681
1672
1668
1664
1660
1659
1650
1645
1641
1638
1632
1635
1635
1634
1631
1630
1634
1630
1631
1629
1630
1624
1628
1632
1634
1628
1637
1636
1641
1641
1636
1636
1634
1634
1637
1641
1635
1636
1637
1643
1642
1641
1641
1643
1648
1644
1644
1643
1642
1645
1649
1649
1648
1651
1650
1654
1650
1650
1654
1650
1651
1657
1655
1649
1563
1588
1610
1622
1631
1635
1640
1643
1649
1645
1642
1643
1640
1641
1636
1635
1634
1635
1636
1644
1645
1644
1645
1643
1643
1642
1641
1641
1640
1641
1640
1640
1638
1641
1641
1640
1641
1642
1641
1640
1641
1640
1643
1640
1643
1643
1641
1636
1634
1627
1605
1567
1525
1481
1421
1361
1315
1289
1290
1356
1421
1489
1546
1584
1616
1635
1648
1659
1667
1672
1674
1676
1681
1677
1682
1681
1685
1685
1682
1683
1689
1693
1693
1692
1690
1689
1692
1696
1696
1693
1693
1695
1695
1696
1695
1699
1698
1700
1702
1698
1694
1693
1694
1693
1693
1692
1689
1685
1680
1679
1674
1673
1664
1664
1661
1654
1649
1643
1640
1630
1631
1629
1627
1622
1627
1630
1631
1627
1631
1627
1630
1629
1629
1625
1627
1629
1629
1630
1627
1630
1625
1630
1630
1634
1627
1631
1628
1638
1632
1631
1630
1636
1631
1631
1632
1634
1632
1636
1641
1640
1641
1642
1643
1643
1641
1643
1643
1643
1643
1643
1650
1643
1645
1644
1644
1645
1643
1644
1636
1640
1640
1642
1643
1643
1641
1635
1632
1625
1629
1632
1625
1629
1632
1627
1631
1631
1636
1634
1636
1635
1631
1631
1632
1636
1631
1631
1634
1636
1634
1631
1631
1634
1631
1632
1636
1635
1635
1631
1636
1632
1631
1625
1627
1619
1608
1578
1538
1496
1431
1377
1332
1302
1285
1314
1385
1463
1521
1565
1597
1615
1640
1654
1659
1663
1668
1674
1674
1675
1677
1677
1681
1679
1681
1683
1683
1680
1683
1683
1687
1690
1689
1690
1692
1690
1693
1696
1698
1696
1695
1698
1696
1696
1690
1699
1700
1696
1694
1694
1681
1686
1683
1683
1679
1680
1673
1673
1669
1664
1662
1654
1650
1644
1640
1635
1632
1627
1627
1612
1669
1650
1643
1636
1631
1630
1625
1629
1628
1627
1624
1630
1627
1631
1629
1630
1632
1635
1631
1632
1631
1636
1636
1631
1632
1635
1631
1630
1631
1630
1636
1634
1642
1640
1641
1641
1642
1643
1640
1643
1638
1641
1643
1645
1649
1649
1649
1645
1648
1648
1643
1640
1641
1645
1644
1644
1641
1637
1640
1643
1641
1640
1640
1637
1635
1631
1630
1625
1627
1629
1635
1635
1636
1631
1636
1634
1636
1634
1635
1634
1635
1636
1637
1635
1631
1631
1632
1634
1636
1635
1632
1635
1631
1636
1632
1631
1628
1631
1627
1624
1621
1611
1583
1541
1501
1453
1370
1293
1280
1262
1295
1369
1450
1520
1563
1597
1619
1635
1650
1656
1666
1669
1669
1673
1677
1674
1675
1679
1676
1674
1683
1683
1685
1683
1683
1685
1688
1687
1687
1687
1689
1688
1688
1687
1688
1692
1693
1696
1690
1693
1694
1694
1694
1694
1694
1687
1681
1679
1676
1677
1676
1673
1668
1662
1660
1659
1650
1649
1642
1638
1628
1628
1616
1619
1619
1621
1623
1623
1614
1616
1617
1621
1621
1623
1621
1623
1623
1630
1627
1629
1625
1628
1624
1627
1628
1629
1623
1628
1625
1629
1627
1629
1629
1631
1631
1634
1630
1630
1631
1634
1632
1631
1631
1631
1632
1640
1636
1640
1638
1636
1640
1641
1641
1641
1642
1641
1645
1638
1641
1637
1638
1637
1641
1637
1635
1634
1632
1631
1627
1625
1622
1625
1623
1630
1625
1631
1631
1636
1630
1635
1631
1635
1635
1631
1632
1630
1635
1629
1631
1628
1631
1624
1629
1629
1632
1635
1635
1634
1634
1635
1632
1630
1625
1624
1619
1596
1551
1511
1468
1397
1346
1279
1253
1262
1322
1399
1479
1539
1576
1603
1630
1643
1655
1661
1660
1666
1670
1669
1674
1675
1676
1676
1679
1680
1677
1680
1680
1682
1683
1688
1683
1686
1686
1688
1688
1692
1692
1690
1692
1693
1695
1687
1692
1688
1692
1688
1689
1688
1688
1681
1679
1677
1674
1676
1668
1668
1664
1662
1657
1650
1648
1641
1640
1632
1624
1622
1622
1619
1623
1621
1617
1616
1622
1619
1625
1621
1622
1621
1630
1625
1627
1624
1629
1624
1627
1624
1627
1625
1627
1624
1625
1624
1627
1622
1624
1622
1627
1624
1628
1627
1631
1631
1634
1631
1635
1636
1638
1637
1635
1636
1632
1636
1637
1640
1640
1642
1640
1641
1641
1635
1636
1631
1636
1635
1636
1634
1634
1627
1630
1629
1627
1623
1624
1622
1624
1630
1630
1627
1630
1632
1630
1630
1630
1627
1627
1629
1627
1628
1624
1628
1628
1631
1628
1627
1623
1625
1627
1629
1630
1629
1627
1629
1629
1623
1618
1612
1602
1570
1541
1499
1431
1379
1324
1279
1259
1280
1357
1430
1502
1546
1584
1608
1621
1640
1651
1660
1662
1663
1669
1673
1674
1674
1674
1673
1673
1679
1679
1677
1677
1677
1682
1681
1683
1685
1683
1687
1688
1685
1688
1688
1686
1683
1688
1690
1689
1688
1692
1692
1689
1690
1688
1686
1681
1683
1674
1673
1669
1664
1662
1659
1651
1650
1644
1644
1636
1632
1623
1624
1622
1624
1621
1619
1614
1615
1615
1622
1617
1618
1621
1624
1621
1623
1622
1624
1621
1623
1622
1624
1623
1623
1622
1624
1625
1627
1627
1629
1625
1630
1630
1629
1628
1630
1631
1635
1631
1631
1631
1630
1632
1635
1636
1635
1637
1634
1640
1638
1640
1641
1640
1643
1642
1644
1641
1643
1641
1642
1640
1637
1640
1635
1640
1635
1640
1634
1637
1635
1632
1630
1627
1622
1622
1622
1630
1630
1631
1628
1631
1630
1628
1630
1535
1559
1584
1601
1612
1621
1623
1624
1630
1629
1630
1631
1627
1629
1630
1632
1630
1631
1629
1631
1630
1630
1625
1623
1612
1597
1567
1527
1461
1404
1338
1305
1275
1290
1333
1404
1477
1535
1574
1599
1621
1638
1643
1654
1663
1669
1673
1677
1675
1676
1676
1677
1679
1679
1679
1677
1681
1680
1680
1687
1687
1686
1683
1690
1693
1692
1687
1689
1688
1687
1685
1692
1690
1692
1690
1698
1692
1688
1687
1681
1681
1685
1676
1675
1669
1667
1668
1663
1656
1654
1649
1642
1640
1638
1631
1630
1625
1622
1618
1617
1614
1619
1619
1624
1623
1622
1621
1625
1622
1624
1623
1622
1622
1624
1628
1631
1631
1629
1625
1629
1628
1629
1625
1624
1622
1622
1622
1625
1628
1629
1628
1635
1632
1634
1631
1631
1636
1635
1636
1634
1632
1636
1638
1637
1635
1638
1640
1641
1643
1641
1641
1636
1638
1638
1642
1638
1640
1641
1645
1640
1636
1634
1634
1635
1631
1640
1632
1635
1632
1635
1634
1635
1635
1632
1631
1631
1636
1635
1635
1630
1635
1634
1632
1630
1631
1627
1632
1635
1631
1629
1627
1630
1628
1625
1625
1630
1627
1630
1630
1630
1625
1629
1623
1624
1617
1597
1565
1521
1472
1409
1352
1293
1275
1266
1330
1401
1479
1533
1574
1597
1621
1638
1648
1651
1660
1667
1673
1674
1669
1673
1674
1676
1679
1677
1674
1677
1681
1683
1681
1679
1682
1687
1686
1688
1688
1687
1687
1692
1696
1695
1695
1694
1698
1693
1689
1692
1688
1687
1686
1693
1687
1679
1679
1674
1672
1673
1666
1664
1659
1654
1651
1641
1636
1631
1631
1630
1630
1622
1625
1623
1627
1624
1625
1617
1622
1617
1625
1617
1628
1627
1631
1631
1635
1634
1631
1628
1632
1632
1634
1630
1629
1631
1631
1634
1631
1636
1632
1640
1631
1640
1636
1636
1635
1638
1637
1643
1641
1638
1640
1643
1643
1643
1643
1643
1642
1643
1642
1642
1640
1643
1644
1642
1644
1643
1641
1636
1638
1638
1642
1635
1636
1638
1636
1630
1627
1624
1627
1628
1630
1631
1632
1637
1636
1635
1628
1631
1630
1634
1631
1638
1632
1636
1634
1635
1631
1635
1630
1631
1636
1636
1636
1631
1636
1631
1635
1631
1635
1622
1630
1624
1611
1577
1531
1472
1403
1358
1306
1275
1250
1286
1357
1447
1520
1565
1593
1616
1635
1653
1660
1664
1669
1668
1674
1673
1676
1677
1681
1681
1680
1682
1680
1682
1687
1688
1688
1687
1683
1685
1688
1693
1693
1692
1692
1696
1692
1693
1689
1694
1696
1692
1695
1694
1693
1690
1690
1689
1688
1679
1677
1673
1673
1667
1664
1659
1654
1648
1647
1637
1635
1627
1630
1624
1627
1624
1624
1617
1622
1619
1625
1621
1621
1621
1623
1624
1625
1627
1630
1625
1627
1629
1629
1624
1629
1625
1634
1630
1629
1629
1627
1628
1631
1631
1631
1630
1627
1635
1634
1632
1632
1634
1631
1634
1636
1635
1640
1640
1640
1637
1637
1635
1636
1634
1636
1637
1640
1636
1632
1634
1631
1635
1634
1638
1635
1634
1631
1631
1622
1622
1619
1622
1625
1629
1630
1631
1635
1631
1632
1630
1630
1630
1630
1629
1630
1631
1634
1631
1632
1631
1629
1625
1622
1630
1627
1630
1627
1631
1629
1630
1627
1624
1622
1623
1615
1598
1557
1526
1464
1404
1350
1298
1261
1260
1316
1389
1469
1526
1570
1597
1619
1634
1649
1659
1663
1668
1674
1675
1674
1674
1675
1674
1674
1683
1683
1680
1685
1686
1686
1683
1685
1682
1686
1688
1687
1687
1694
1694
1693
1698
1699
1695
1688
1726
1718
1706
1698
1699
1696
1694
1692
1686
1683
1679
1673
1667
1664
1662
1655
1654
1649
1649
1643
1636
1627
1631
1624
1622
1619
1618
1617
1621
1619
1618
1614
1616
1617
1622
1617
1624
1621
1623
1624
1629
1625
1624
1624
1625
1630
1627
1624
1627
1623
1625
1625
1631
1627
1631
1629
1634
1631
1631
1630
1635
1634
1631
1635
1636
1635
1636
1640
1641
1641
1634
1641
1643
1641
1640
1641
1643
1640
1641
1636
1636
1630
1632
1635
1638
1637
1640
1631
1630
1625
1625
1622
1622
1619
1623
1624
1629
1628
1629
1627
1629
1630
1627
1624
1624
1628
1624
1627
1624
1630
1624
1627
1631
1630
1624
1624
1624
1627
1625
1630
1624
1623
1621
1622
1622
1614
1597
1566
1525
1488
1425
1366
1300
1274
1262
1305
1373
1444
1511
1558
1586
1608
1628
1636
1644
1655
1659
1660
1662
1663
1664
1669
1669
1670
1670
1668
1676
1676
1673
1676
1676
1677
1679
1679
1679
1681
1682
1683
1686
1687
1685
1688
1683
1683
1688
1683
1682
1683
1685
1683
1683
1680
1674
1677
1674
1668
1664
1660
1660
1654
1650
1645
1637
1634
1625
1629
1619
1616
1614
1617
1612
1616
1614
1612
1612
1614
1614
1616
1616
1617
1616
1617
1618
1622
1619
1619
1622
1621
1618
1617
1618
1616
1622
1615
1617
1619
1621
1621
1625
1628
1625
1624
1624
1622
1624
1628
1629
1631
1631
1635
1631
1635
1631
1635
1635
1636
1635
1636
1636
1636
1640
1640
1643
1636
1636
1631
1631
1630
1635
1631
1631
1631
1630
1629
1619
1619
1621
1621
1622
1625
1622
1627
1629
1630
1629
1623
1627
1632
1631
1630
1627
1630
1629
1627
1627
1630
1623
1628
1624
1630
1628
1631
1628
1631
1624
1630
1628
1629
1623
1623
1614
1589
1563
1508
1464
1437
1574
1449
1385
1366
1402
1455
1518
1556
1588
1611
1631
1649
1653
1659
1660
1662
1669
1669
1669
1669
1669
1670
1674
1677
1675
1679
1681
1679
1676
1679
1681
1683
1685
1683
1683
1690
1683
1687
1688
1694
1695
1688
1689
1689
1693
1690
1692
1689
1686
1680
1680
1677
1675
1669
1669
1669
1663
1661
1659
1653
1649
1644
1641
1635
1634
1625
1629
1624
1624
1621
1621
1618
1622
1622
1622
1618
1621
1619
1623
1622
1625
1621
1624
1622
1625
1629
1627
1623
1624
1623
1622
1625
1625
1623
1630
1630
1631
1627
1631
1630
1631
1630
1630
1630
1631
1632
1638
1640
1632
1640
1638
1637
1638
1640
1640
1643
1641
1640
1643
1636
1635
1632
1636
1635
1636
1632
1634
1636
1634
1636
1631
1636
1631
1632
1627
1630
1627
1630
1629
1631
1630
1627
1624
1617
1622
1622
1622
1623
1628
1630
1630
1629
1628
1627
1629
1627
1630
1631
1630
1630
1630
1631
1631
1627
1625
1625
1629
1628
1629
1624
1627
1628
1627
1622
1628
1624
1621
1619
1611
1567
1521
1473
1414
1358
1314
1280
1262
1312
1388
1467
1530
1563
1592
1611
1627
1643
1649
1659
1668
1667
1672
1674
1672
1670
1673
1673
1676
1676
1677
1674
1680
1681
1680
1679
1680
1685
1688
1688
1688
1687
1688
1692
1692
1695
1692
1693
1693
1693
1692
1693
1692
1689
1688
1687
1685
1680
1673
1669
1669
1669
1662
1661
1655
1655
1650
1643
1640
1631
1630
1627
1624
1619
1618
1623
1622
1622
1621
1621
1622
1622
1627
1627
1627
1622
1631
1624
1629
1629
1630
1628
1631
1627
1631
1630
1629
1628
1632
1631
1636
1632
1632
1635
1634
1636
1635
1636
1635
1641
1640
1642
1640
1641
1636
1641
1642
1641
1640
1638
1643
1648
1611
1618
1629
1631
1634
1641
1637
1638
1632
1637
1640
1640
1640
1635
1638
1636
1637
1636
1636
1634
1635
1635
1637
1638
1635
1636
1629
1629
1624
1617
1624
1627
1630
1631
1627
1630
1632
1632
1634
1635
1632
1632
1631
1635
1635
1634
1632
1634
1635
1637
1636
1636
1631
1630
1634
1632
1630
1630
1631
1634
1635
1631
1630
1622
1591
1559
1511
1450
1372
1320
1261
1250
1261
1333
1414
1499
1548
1584
1616
1629
1648
1657
1662
1669
1674
1677
1676
1677
1680
1683
1679
1679
1682
1687
1686
1686
1685
1687
1685
1687
1687
1692
1692
1694
1695
1696
1695
1696
1692
1699
1696
1696
1693
1694
1692
1695
1694
1692
1688
1688
1685
1681
1677
1672
1667
1664
1664
1657
1651
1648
1649
1643
1640
1634
1630
1624
1624
1621
1622
1621
1622
1616
1622
1622
1623
1622
1624
1624
1627
1627
1627
1625
1629
1631
1627
1629
1625
1627
1624
1630
1628
1632
1629
1631
1631
1631
1634
1634
1630
1630
1631
1631
1636
1635
1638
1635
1636
1637
1637
1638
1640
1642
1643
1642
1637
1642
1636
1640
1638
1636
1638
1632
1637
1635
1638
1632
1635
1632
1637
1634
1631
1630
1631
1627
1624
1624
1624
1622
1624
1628
1627
1631
1627
1628
1627
1631
1628
1632
1624
1630
1630
1636
1631
1636
1630
1631
1629
1631
1630
1627
1628
1631
1631
1631
1636
1631
1630
1623
1628
1624
1614
1585
1551
1512
1463
1398
1345
1308
1277
1288
1332
1401
1474
1535
1577
1603
1621
1636
1649
1653
1662
1668
1667
1664
1673
1679
1679
1681
1677
1679
1681
1677
1681
1679
1683
1683
1686
1685
1688
1685
1687
1688
1692
1692
1693
1692
1694
1694
1692
1688
1690
1694
1695
1692
1694
1693
1687
1681
1682
1681
1674
1669
1664
1662
1662
1656
1656
1647
1645
1640
1638
1631
1623
1618
1619
1618
1622
1619
1621
1618
1621
1623
1622
1622
1623
1625
1624
1625
1629
1624
1624
1623
1625
1627
1629
1625
1627
1624
1631
1630
1631
1624
1628
1630
1631
1631
1634
1632
1635
1635
1636
1638
1635
1635
1635
1640
1638
1641
1643
1644
1640
1637
1638
1638
1640
1641
1642
1640
1643
1641
1641
1642
1638
1640
1636
1635
1632
1636
1635
1632
1634
1638
1631
1629
1631
1635
1629
1634
1636
1630
1624
1631
1622
1621
1622
1622
1625
1627
1634
1627
1631
1624
1627
1625
1635
1630
1631
1625
1630
1630
1636
1638
1631
1630
1629
1629
1630
1631
1629
1630
1627
1631
1629
1630
1622
1624
1621
1612
1589
1550
1496
1451
1395
1347
1289
1268
1283
1345
1421
1492
1541
1578
1606
1624
1641
1654
1653
1656
1664
1669
1670
1675
1673
1674
1680
1679
1679
1677
1679
1682
1683
1682
1683
1683
1682
1683
1688
1688
1688
1688
1690
1693
1689
1688
1688
1692
1692
1690
1690
1688
1689
1688
1687
1687
1680
1674
1674
1676
1670
1669
1660
1655
1653
1642
1648
1635
1634
1629
1631
1625
1624
1619
1622
1617
1618
1616
1619
1617
1622
1624
1627
1625
1628
1624
1629
1627
1630
1627
1629
1625
1625
1627
1628
1627
1630
1630
1631
1636
1634
1631
1634
1635
1635
1636
1632
1635
1631
1637
1636
1635
1638
1638
1643
1642
1644
1641
1645
1642
1642
1644
1643
1642
1643
1645
1643
1644
1642
1640
1643
1641
1644
1641
1640
1640
1641
1640
1641
1641
1635
1636
1638
1641
1637
1631
1627
1627
1629
1628
1627
1630
1631
1631
1636
1638
1638
1632
1631
1631
1636
1635
1636
1634
1635
1635
1636
1634
1632
1632
1631
1635
1623
1636
1638
1641
1634
1631
1627
1631
1624
1624
1610
1584
1545
1516
1469
1406
1346
1300
1275
1308
1378
1444
1508
1550
1584
1605
1627
1641
1655
1661
1669
1673
1673
1676
1677
1674
1679
1682
1681
1679
1682
1682
1686
1688
1687
1687
1688
1689
1688
1694
1692
1692
1690
1693
1694
1695
1694
1692
1696
1698
1696
1695
1695
1694
1692
1688
1687
1681
1679
1679
1677
1674
1668
1660
1660
1654
1649
1645
1636
1630
1630
1630
1624
1625
1622
1621
1627
1625
1628
1621
1625
1627
1627
1625
1627
1629
1625
1624
1624
1629
1624
1625
1627
1630
1631
1631
1629
1630
1625
1631
1627
1629
1629
1632
1634
1635
1636
1634
1632
1635
1632
1631
1636
1636
1632
1640
1640
1642
1640
1642
1630
1642
1641
1642
1638
1637
1643
1640
1641
1635
1635
1631
1636
1635
1636
1637
1636
1640
1635
1636
1631
1631
1630
1638
1638
1634
1632
1631
1630
1625
1623
1621
1624
1624
1625
1625
1630
1625
1631
1627
1631
1628
1630
1627
1635
1636
1635
1630
1627
1630
1630
1630
1627
1630
1627
1630
1630
1632
1630
1631
1624
1627
1625
1624
1621
1612
1586
1545
1508
1461
1392
1324
1294
1272
1281
1343
1423
1492
1546
1588
1609
1630
1638
1650
1663
1667
1668
1673
1673
1674
1680
1679
1675
1680
1682
1682
1683
1685
1686
1683
1687
1688
1692
1687
1690
1693
1696
1692
1693
1696
1694
1693
1696
1698
1695
1693
1699
1700
1696
1692
1693
1693
1687
1683
1685
1677
1674
1673
1669
1664
1659
1654
1649
1641
1641
1638
1636
1630
1629
1623
1624
1621
1624
1625
1630
1625
1627
1629
1634
1630
1632
1631
1631
1630
1631
1632
1638
1636
1636
1632
1630
1634
1634
1636
1635
1641
1637
1640
1636
1641
1622
1630
1631
1636
1642
1641
1643
1645
1644
1643
1640
1643
1641
1648
1645
1649
1641
1644
1649
1648
1650
1645
1647
1642
1643
1644
1643
1644
1642
1643
1643
1643
1640
1638
1640
1642
1645
1645
1641
1634
1635
1631
1629
1628
1627
1629
1636
1634
1641
1636
1635
1635
1637
1641
1643
1640
1634
1635
1636
1640
1637
1635
1636
1636
1640
1635
1638
1635
1638
1636
1638
1635
1630
1631
1635
1632
1630
1621
1603
1559
1518
1463
1404
1343
1287
1263
1267
1328
1412
1492
1548
1579
1611
1630
1641
1654
1667
1668
1676
1681
1681
1679
1677
1682
1675
1687
1679
1680
1682
1688
1687
1686
1690
1688
1687
1689
1692
1688
1690
1699
1696
1693
1694
1694
1694
1693
1692
1695
1692
1692
1688
1692
1688
1683
1680
1687
1680
1679
1673
1669
1664
1660
1655
1653
1640
1640
1636
1630
1627
1627
1624
1623
1622
1625
1624
1621
1617
1623
1623
1627
1627
1627
1628
1629
1631
1631
1630
1630
1631
1631
1635
1634
1628
1624
1627
1627
1630
1627
1629
1630
1641
1640
1637
1640
1635
1635
1635
1638
1634
1636
1636
1635
1640
1638
1642
1641
1641
1640
1641
1638
1641
1640
1641
1645
1642
1643
1641
1640
1635
1635
1634
1631
1640
1637
1641
1632
1632
1631
1630
1627
1629
1624
1630
1630
1635
1636
1635
1636
1631
1635
1632
1635
1634
1631
1629
1635
1640
1640
1643
1636
1632
1635
1636
1635
1634
1635
1638
1636
1635
1631
1634
1635
1635
1636
1634
1625
1602
1558
1527
1474
1414
1346
1305
1279
1288
1333
1404
1480
1537
1578
1608
1623
1641
1651
1662
1667
1673
1669
1673
1679
1680
1679
1683
1683
1685
1683
1688
1688
1688
1686
1687
1689
1693
1693
1690
1694
1699
1699
1695
1695
1698
1702
1721
1715
1711
1708
1707
1698
1696
1698
1696
1690
1690
1687
1685
1680
1677
1670
1669
1664
1663
1660
1655
1651
1644
1643
1641
1635
1630
1631
1627
1629
1627
1624
1623
1624
1624
1627
1630
1629
1630
1635
1635
1640
1637
1635
1636
1635
1635
1631
1631
1632
1638
1636
1637
1638
1640
1637
1635
1640
1634
1640
1635
1640
1637
1640
1641
1641
1640
1643
1648
1647
1648
1644
1643
1649
1647
1649
1644
1645
1645
1648
1648
1645
1648
1643
1649
1649
1645
1644
1645
1647
1644
1645
1642
1643
1643
1641
1641
1638
1641
1635
1638
1640
1632
1632
1631
1630
1625
1630
1627
1624
1629
1637
1635
1638
1634
1636
1634
1637
1631
1636
1635
1634
1634
1632
1634
1631
1636
1632
1635
1635
1634
1631
1634
1630
1635
1636
1631
1631
1630
1630
1621
1598
1563
1526
1483
1422
1374
1321
1283
1273
1339
1401
1479
1530
1570
1598
1622
1641
1653
1660
1664
1668
1669
1674
1674
1677
1680
1681
1681
1680
1683
1682
1683
1687
1685
1681
1686
1688
1688
1687
1693
1690
1689
1688
1698
1698
1696
1693
1695
1698
1696
1693
1692
1689
1692
1688
1692
1688
1683
1682
1682
1676
1670
1667
1661
1666
1655
1656
1653
1643
1636
1635
1630
1628
1627
1624
1629
1627
1625
1623
1624
1621
1628
1628
1631
1627
1630
1631
1635
1632
1634
1630
1627
1630
1631
1631
1634
1631
1630
1632
1636
1635
1637
1638
1638
1641
1640
1635
1638
1635
1640
1636
1638
1641
1643
1643
1645
1647
1642
1645
1643
1649
1649
1648
1649
1648
1649
1649
1649
1649
1643
1649
1648
1651
1645
1644
1645
1643
1644
1642
1643
1636
1640
1641
1640
1637
1635
1635
1629
1634
1635
1635
1630
1637
1636
1636
1631
1618
1588
1610
1621
1625
1631
1631
1635
1637
1642
1636
1636
1641
1635
1635
1636
1637
1634
1641
1641
1641
1636
1637
1635
1636
1630
1621
1586
1537
1501
1442
1403
1352
1301
1280
1315
1379
1454
1520
1560
1597
1622
1640
1654
1660
1662
1670
1677
1681
1683
1681
1682
1687
1692
1687
1685
1690
1694
1688
1693
1694
1693
1692
1694
1698
1696
1696
1696
1698
1700
1700
1701
1700
1699
1698
1700
1700
1700
1698
1696
1696
1695
1693
1688
1682
1683
1679
1679
1675
1668
1663
1659
1659
1654
1649
1645
1638
1635
1631
1629
1623
1624
1624
1629
1625
1630
1624
1627
1625
1636
1632
1630
1629
1631
1631
1635
1635
1636
1636
1636
1638
1635
1636
1631
1636
1636
1637
1635
1636
1636
1636
1640
1640
1641
1641
1641
1643
1643
1642
1640
1648
1647
1644
1653
1645
1642
1642
1648
1648
1645
1650
1645
1648
1641
1642
1648
1642
1641
1641
1643
1641
1645
1649
1645
1645
1641
1642
1637
1637
1637
1641
1638
1640
1635
1634
1634
1630
1630
1627
1634
1631
1636
1634
1635
1635
1635
1636
1638
1640
1637
1638
1634
1636
1636
1638
1640
1640
1635
1635
1631
1630
1631
1630
1636
1634
1631
1631
1631
1631
1630
1614
1589
1548
1508
1436
1373
1316
1264
1243
1279
1358
1442
1511
1560
1593
1621
1645
1654
1661
1668
1674
1681
1681
1677
1679
1683
1686
1685
1689
1688
1688
1687
1688
1690
1692
1692
1692
1690
1693
1692
1693
1698
1700
1699
1706
1703
1702
1702
1701
1705
1706
1699
1695
1698
1698
1694
1694
1690
1693
1686
1680
1679
1669
1670
1668
1667
1660
1650
1650
1645
1642
1638
1635
1634
1629
1629
1631
1634
1629
1631
1631
1634
1631
1631
1630
1635
1631
1638
1638
1637
1635
1644
1649
1640
1641
1636
1637
1638
1641
1640
1642
1638
1638
1640
1640
1638
1637
1640
1636
1644
1641
1643
1641
1643
1647
1645
1649
1645
1645
1641
1643
1645
1645
1647
1642
1647
1642
1644
1644
1643
1643
1641
1643
1638
1640
1631
1635
1631
1635
1627
1630
1629
1630
1631
1636
1635
1638
1634
1636
1638
1637
1634
1631
1632
1631
1635
1632
1635
1636
1636
1636
1637
1634
1635
1632
1638
1635
1636
1631
1638
1640
1637
1635
1628
1625
1606
1574
1545
1489
1424
1365
1312
1279
1270
1308
1377
1451
1519
1561
1591
1616
1634
1649
1660
1662
1666
1672
1673
1676
1677
1674
1679
1681
1681
1683
1683
1685
1685
1687
1687
1688
1688
1688
1688
1688
1694
1693
1693
1696
1698
1698
1698
1700
1695
1693
1698
1696
1696
1693
1695
1693
1692
1689
1690
1687
1679
1673
1674
1669
1664
1660
1655
1650
1653
1643
1638
1634
1630
1631
1635
1629
1630
1627
1630
1631
1632
1630
1631
1630
1632
1636
1636
1641
1635
1635
1634
1637
1634
1634
1636
1635
1638
1635
1634
1631
1636
1636
1641
1637
1637
1636
1638
1641
1640
1641
1638
1642
1644
1641
1643
1644
1645
1649
1654
1653
1649
1650
1653
1654
1656
1656
1655
1654
1654
1651
1653
1655
1648
1649
1653
1649
1645
1642
1643
1641
1641
1642
1638
1641
1635
1645
1645
1643
1642
1643
1641
1643
1640
1635
1637
1635
1641
1642
1643
1632
1634
1635
1624
1595
1559
1522
1473
1416
1364
1314
1292
1285
1357
1427
1498
1546
1579
1603
1627
1642
1653
1660
1667
1672
1681
1679
1676
1679
1680
1689
1688
1687
1687
1692
1692
1693
1694
1698
1698
1696
1695
1696
1698
1698
1698
1699
1698
1705
1700
1702
1699
1700
1703
1702
1702
1696
1695
1680
1673
1675
1681
1685
1681
1675
1675
1668
1667
1664
1662
1659
1653
1650
1641
1638
1635
1635
1631
1632
1627
1632
1630
1632
1631
1635
1634
1638
1638
1638
1636
1635
1637
1636
1638
1636
1640
1635
1640
1638
1640
1643
1641
1643
1645
1648
1642
1642
1643
1641
1645
1648
1645
1649
1649
1649
1650
1650
1647
1654
1653
1651
1654
1650
1653
1650
1651
1651
1654
1651
1655
1655
1654
1653
1649
1644
1645
1645
1649
1650
1645
1649
1649
1650
1644
1643
1641
1641
1641
1641
1640
1638
1643
1645
1649
1643
1636
1638
1635
1636
1636
1638
1636
1636
1641
1643
1638
1631
1631
1630
1624
1624
1630
1628
1632
1635
1638
1636
1637
1635
1640
1636
1642
1641
1638
1637
1632
1637
1636
1641
1635
1635
1636
1635
1640
1635
1638
1635
1641
1636
1638
1631
1632
1627
1614
1583
1548
1482
1445
1378
1337
1294
1296
1321
1385
1462
1525
1564
1596
1616
1638
1654
1656
1662
1675
1679
1681
1679
1679
1677
1677
1679
1681
1683
1686
1688
1689
1690
1689
1692
1688
1688
1692
1692
1690
1695
1693
1699
1698
1698
1696
1696
1693
1694
1695
1699
1693
1690
1695
1692
1683
1681
1681
1676
1676
1677
1668
1663
1662
1657
1656
1650
1645
1643
1637
1631
1629
1630
1623
1623
1624
1625
1622
1622
1624
1625
1625
1627
1631
1630
1628
1634
1631
1635
1636
1640
1635
1635
1631
1631
1630
1631
1631
1638
1635
1632
1638
1632
1640
1636
1640
1635
1635
1635
1641
1642
1638
1643
1640
1644
1645
1649
1653
1645
1648
1648
1649
1651
1648
1649
1648
1649
1648
1647
1643
1643
1645
1649
1645
1641
1643
1640
1631
1636
1636
1631
1631
1638
1637
1640
1637
1640
1638
1638
1637
1637
1636
1634
1627
1675
1662
1653
1647
1642
1643
1641
1643
1641
1640
1640
1641
1636
1635
1636
1635
1636
1638
1635
1629
1623
1593
1558
1515
1479
1411
1360
1308
1294
1307
1364
1431
1494
1552
1586
1611
1631
1649
1660
1662
1664
1668
1673
1674
1674
1681
1679
1679
1687
1687
1687
1688
1688
1687
1681
1685
1688
1687
1688
1693
1693
1693
1693
1696
1696
1692
1694
1700
1696
1692
1692
1699
1696
1693
1690
1692
1687
1687
1685
1682
1679
1673
1667
1666
1660
1655
1653
1642
1641
1636
1640
1630
1630
1624
1629
1627
1624
1624
1624
1618
1624
1622
1622
1618
1627
1622
1630
1627
1627
1627
1629
1625
1630
1629
1625
1623
1630
1625
1628
1623
1630
1627
1630
1631
1624
1624
1625
1634
1630
1630
1631
1634
1627
1634
1634
1634
1635
1636
1636
1641
1641
1640
1641
1638
1637
1636
1634
1632
1635
1635
1640
1636
1635
1641
1640
1635
1631
1630
1623
1627
1617
1624
1621
1625
1622
1630
1624
1632
1628
1631
1625
1630
1630
1629
1630
1624
1627
1629
1629
1629
1630
1630
1630
1627
1628
1622
1624
1624
1627
1625
1625
1627
1624
1619
1621
1611
1592
1556
1505
1457
1416
1343
1288
1251
1261
1309
1386
1475
1528
1567
1596
1622
1637
1645
1651
1660
1664
1668
1673
1664
1668
1673
1676
1675
1675
1674
1676
1676
1677
1676
1680
1677
1679
1681
1682
1683
1680
1686
1685
1687
1688
1688
1689
1694
1693
1692
1687
1688
1683
1680
1681
1682
1680
1679
1677
1673
1669
1669
1661
1659
1650
1648
1643
1637
1632
1627
1627
1629
1624
1623
1619
1622
1618
1621
1616
1616
1614
1617
1621
1621
1621
1621
1625
1629
1631
1630
1627
1631
1627
1630
1629
1627
1624
1630
1628
1631
1627
1629
1623
1629
1624
1707
1681
1663
1654
1648
1642
1635
1636
1636
1636
1635
1637
1640
1641
1636
1641
1643
1636
1632
1632
1634
1635
1641
1637
1640
1636
1635
1632
1631
1623
1631
1629
1631
1630
1635
1632
1631
1631
1631
1631
1630
1632
1634
1635
1635
1640
1631
1635
1630
1632
1624
1631
1629
1631
1631
1631
1631
1629
1627
1631
1627
1627
1622
1623
1611
1590
1560
1507
1448
1374
1328
1286
1260
1273
1327
1403
1474
1530
1567
1595
1617
1636
1649
1656
1657
1662
1668
1668
1669
1674
1669
1669
1673
1674
1676
1681
1676
1677
1679
1677
1679
1681
1681
1680
1683
1687
1692
1685
1683
1687
1686
1687
1683
1683
1683
1688
1687
1686
1687
1683
1681
1679
1677
1673
1668
1664
1660
1659
1653
1649
1644
1640
1635
1631
1622
1619
1616
1616
1615
1614
1612
1614
1622
1621
1621
1625
1621
1621
1617
1624
1619
1622
1621
1622
1618
1630
1624
1623
1627
1627
1624
1622
1616
1618
1614
1622
1622
1625
1629
1627
1623
1627
1627
1630
1625
1631
1631
1632
1631
1630
1631
1630
1630
1631
1636
1630
1635
1632
1640
1632
1632
1635
1634
1630
1631
1631
1627
1624
1623
1627
1622
1622
1621
1622
1619
1623
1623
1625
1622
1625
1623
1624
1624
1627
1624
1625
1624
1631
1627
1627
1629
1624
1627
1625
1624
1623
1623
1623
1623
1625
1624
1622
1627
1627
1619
1614
1589
1550
1512
1470
1408
1354
1294
1261
1272
1339
1408
1473
1532
1570
1593
1617
1629
1643
1647
1655
1663
1662
1668
1675
1676
1674
1673
1673
1669
1673
1677
1676
1676
1677
1679
1679
1683
1681
1680
1683
1683
1685
1692
1687
1683
1687
1687
1685
1688
1688
1688
1688
1687
1687
1683
1681
1683
1680
1673
1673
1664
1663
1660
1640
1641
1636
1637
1635
1634
1629
1622
1621
1618
1619
1621
1621
1619
1617
1616
1618
1619
1616
1617
1621
1621
1624
1624
1623
1622
1624
1622
1624
1624
1625
1623
1627
1622
1630
1627
1624
1621
1627
1631
1630
1629
1629
1627
1627
1630
1630
1627
1625
1630
1635
1635
1631
1641
1636
1640
1638
1644
1638
1634
1635
1641
1641
1640
1642
1638
1636
1631
1636
1634
1635
1631
1635
1635
1627
1622
1627
1619
1629
1629
1631
1628
1629
1627
1625
1627
1625
1630
1627
1629
1628
1623
1623
1627
1625
1631
1629
1627
1625
1629
1624
1630
1627
1624
1623
1627
1627
1629
1622
1621
1616
1599
1567
1525
1470
1411
1357
1302
1282
1259
1320
1380
1454
1518
1560
1592
1608
1624
1637
1647
1649
1655
1662
1662
1667
1669
1673
1669
1669
1669
1673
1674
1674
1674
1677
1679
1675
1677
1679
1679
1681
1683
1682
1686
1688
1692
1688
1686
1689
1688
1687
1686
1692
1687
1687
1686
1687
1682
1679
1674
1668
1666
1667
1662
1656
1647
1644
1644
1640
1634
1631
1627
1625
1621
1617
1616
1614
1615
1616
1617
1616
1615
1616
1617
1621
1624
1622
1622
1622
1619
1624
1625
1625
1622
1622
1619
1627
1622
1625
1622
1627
1624
1630
1623
1630
1630
1631
1631
1630
1630
1627
1631
1631
1635
1635
1634
1632
1638
1632
1635
1635
1632
1636
1636
1636
1635
1636
1636
1641
1640
1638
1636
1632
1630
1631
1638
1635
1635
1627
1630
1621
1623
1624
1622
1622
1623
1624
1629
1624
1628
1627
1634
1630
1631
1630
1630
1631
1630
1628
1629
1630
1630
1630
1629
1629
1627
1627
1627
1627
1627
1630
1625
1630
1631
1630
1624
1622
1609
1580
1540
1489
1429
1359
1319
1286
1256
1289
1360
1440
1503
1546
1585
1610
1629
1642
1650
1657
1662
1670
1673
1674
1673
1676
1679
1676
1679
1680
1686
1681
1681
1681
1680
1683
1686
1683
1688
1692
1694
1692
1692
1693
1690
1692
1695
1696
1693
1692
1693
1698
1694
1692
1693
1687
1692
1680
1679
1676
1672
1673
1668
1664
1655
1654
1649
1648
1642
1638
1634
1627
1625
1623
1622
1624
1621
1623
1621
1622
1622
1622
1622
1625
1624
1627
1624
1625
1628
1630
1628
1628
1625
1627
1629
1630
1631
1631
1631
1630
1635
1631
1635
1631
1634
1629
1636
1636
1636
1635
1634
1638
1637
1641
1637
1640
1638
1640
1638
1636
1636
1638
1641
1641
1643
1638
1640
1636
1638
1640
1636
1637
1632
1635
1631
1631
1623
1624
1624
1630
1625
1631
1631
1634
1631
1635
1631
1630
1627
1627
1630
1629
1630
1630
1630
1631
1632
1624
1629
1630
1630
1625
1631
1630
1630
1627
1627
1627
1629
1627
1624
1625
1611
1578
1537
1482
1415
1351
1295
1274
1259
1285
1357
1436
1499
1552
1586
1608
1629
1638
1650
1660
1664
1662
1669
1669
1672
1674
1673
1672
1673
1679
1679
1679
1677
1677
1682
1683
1680
1679
1688
1687
1688
1687
1690
1688
1689
1692
1693
1692
1685
1687
1690
1688
1687
1687
1687
1680
1686
1683
1679
1677
1674
1668
1668
1659
1655
1649
1645
1643
1635
1631
1629
1630
1623
1624
1624
1623
1615
1617
1614
1619
1621
1619
1622
1625
1624
1624
1624
1622
1623
1629
1624
1629
1618
1624
1624
1625
1623
1627
1623
1630
1625
1631
1631
1630
1624
1630
1630
1632
1628
1632
1630
1636
1636
1638
1638
1637
1642
1642
1641
1640
1641
1640
1643
1643
1644
1641
1640
1642
1640
1645
1645
1648
1642
1641
1641
1642
1641
1636
1634
1631
1631
1632
1614
1621
1622
1624
1631
1629
1628
1627
1634
1630
1631
1631
1631
1629
1630
1635
1634
1632
1631
1630
1631
1631
1630
1631
1630
1631
1631
1635
1630
1629
1627
1632
1634
1634
1627
1616
1586
1540
1499
1441
1390
1328
1282
1279
1299
1356
1427
1494
1546
1582
1608
1629
1640
1650
1663
1661
1664
1670
1668
1673
1674
1675
1677
1679
1679
1681
1682
1677
1681
1681
1681
1679
1683
1683
1683
1685
1689
1688
1692
1688
1692
1693
1690
1688
1689
1687
1692
1692
1688
1688
1687
1682
1680
1675
1674
1673
1668
1662
1660
1654
1650
1645
1642
1641
1638
1635
1629
1623
1619
1619
1621
1617
1615
1616
1619
1618
1617
1618
1617
1621
1624
1627
1622
1619
1624
1625
1622
1624
1622
1622
1625
1624
1627
1628
1623
1624
1627
1625
1628
1627
1619
1624
1623
1630
1629
1631
1630
1635
1636
1637
1632
1640
1638
1640
1641
1641
1642
1640
1637
1641
1638
1641
1635
1640
1636
1642
1642
1641
1636
1634
1631
1629
1630
1636
1638
1637
1641
1632
1632
1624
1622
1617
1621
1621
1624
1622
1625
1623
1628
1623
1624
1624
1631
1629
1631
1624
1628
1625
1624
1624
1631
1627
1625
1631
1630
1630
1627
1630
1627
1629
1624
1625
1621
1619
1614
1603
1578
1535
1503
1454
1398
1337
1294
1281
1299
1360
1432
1498
1546
1580
1606
1627
1640
1650
1656
1660
1669
1669
1672
1669
1673
1675
1679
1677
1680
1681
1681
1680
1681
1686
1687
1682
1686
1681
1688
1683
1688
1683
1687
1692
1695
1692
1689
1692
1693
1694
1696
1695
1692
1687
1692
1688
1683
1683
1681
1675
1676
1669
1664
1659
1654
1651
1649
1643
1636
1631
1631
1631
1627
1623
1621
1617
1619
1625
1623
1623
1622
1624
1624
1624
1624
1618
1624
1624
1624
1624
1623
1629
1629
1629
1630
1630
1625
1627
1627
1628
1631
1630
1630
1631
1636
1635
1635
1635
1636
1631
1635
1635
1638
1636
1634
1640
1640
1645
1641
1641
1641
1643
1644
1641
1644
1643
1653
1648
1645
1645
1641
1641
1641
1643
1641
1641
1643
1641
1636
1632
1631
1630
1630
1632
1635
1634
1632
1631
1635
1632
1631
1630
1636
1636
1638
1636
1635
1632
1631
1631
1631
1637
1631
1632
1636
1638
1635
1636
1630
1635
1631
1631
1631
1631
1627
1624
1624
1615
1586
1540
1500
1448
1384
1335
1286
1267
1280
1356
1437
1506
1552
1588
1615
1636
1650
1654
1660
1667
1670
1673
1674
1670
1674
1677
1674
1675
1680
1681
1680
1683
1682
1687
1681
1683
1686
1688
1688
1687
1685
1688
1688
1689
1689
1688
1693
1693
1692
1693
1688
1689
1686
1688
1688
1687
1679
1682
1677
1669
1668
1664
1655
1650
1651
1651
1643
1643
1636
1631
1624
1625
1618
1616
1617
1622
1621
1624
1624
1625
1622
1627
1623
1623
1621
1627
1624
1627
1630
1630
1629
1630
1624
1625
1629
1627
1624
1627
1625
1625
1623
1624
1627
1630
1631
1631
1636
1630
1635
1634
1636
1637
1635
1636
1638
1640
1632
1636
1638
1637
1637
1645
1643
1641
1641
1640
1640
1635
1638
1635
1636
1638
1638
1640
1635
1636
1635
1636
1630
1629
1621
1625
1624
1630
1631
1631
1627
1632
1635
1635
1635
1630
1634
1632
1635
1636
1634
1631
1635
1632
1635
1632
1631
1628
1631
1630
1631
1632
1631
1631
1634
1635
1629
1627
1623
1611
1591
1548
1485
1445
1384
1330
1275
1275
1273
1328
1414
1496
1546
1585
1615
1635
1649
1660
1662
1672
1674
1674
1674
1677
1679
1679
1680
1686
1679
1637
1650
1663
1674
1681
1681
1683
1681
1688
1688
1687
1689
1693
1690
1695
1699
1698
1693
1693
1692
1693
1693
1692
1693
1693
1687
1688
1687
1681
1680
1676
1669
1668
1668
1657
1655
1649
1645
1642
1637
1630
1629
1625
1624
1622
1624
1625
1628
1627
1630
1627
1625
1624
1623
1624
1625
1627
1627
1627
1631
1632
1635
1629
1635
1632
1630
1628
1630
1631
1627
1630
1631
1631
1631
1631
1631
1631
1636
1640
1634
1635
1635
1636
1635
1640
1641
1638
1641
1640
1641
1638
1636
1638
1643
1641
1640
1642
1637
1636
1636
1640
1636
1636
1634
1635
1631
1629
1627
1627
1629
1635
1635
1632
1631
1634
1632
1630
1630
1631
1631
1630
1631
1630
1629
1627
1629
1631
1630
1630
1631
1631
1635
1632
1631
1630
1629
1627
1629
1630
1627
1624
1623
1621
1603
1567
1530
1470
1416
1361
1321
1281
1262
1308
1371
1447
1512
1556
1589
1611
1630
1645
1650
1654
1662
1662
1669
1674
1673
1674
1674
1677
1675
1677
1679
1676
1680
1683
1683
1687
1690
1687
1686
1688
1690
1686
1680
1688
1690
1688
1690
1688
1693
1694
1692
1693
1688
1687
1687
1686
1686
1681
1679
1672
1672
1669
1667
1660
1653
1655
1649
1648
1640
1636
1629
1634
1624
1623
1621
1617
1617
1621
1622
1625
1621
1623
1624
1625
1625
1624
1624
1623
1629
1627
1631
1627
1627
1625
1625
1625
1630
1624
1627
1624
1625
1624
1630
1630
1632
1632
1631
1634
1631
1631
1631
1634
1632
1635
1634
1641
1636
1641
1642
1641
1642
1641
1645
1640
1641
1641
1645
1641
1644
1644
1641
1640
1638
1642
1636
1637
1631
1637
1635
1636
1630
1632
1627
1630
1629
1632
1631
1630
1634
1640
1640
1640
1641
1638
1636
1632
1656
1669
1662
1649
1649
1642
1640
1636
1632
1632
1634
1641
1637
1636
1628
1631
1625
1625
1612
1574
1530
1486
1432
1389
1326
1289
1280
1324
1390
1460
1522
1563
1593
1614
1631
1645
1650
1661
1669
1670
1673
1674
1676
1675
1677
1681
1677
1679
1681
1682
1683
1688
1685
1683
1687
1688
1690
1690
1689
1688
1695
1690
1688
1692
1694
1695
1693
1700
1696
1693
1688
1694
1692
1688
1683
1686
1681
1674
1673
1670
1662
1662
1657
1661
1654
1649
1645
1636
1632
1630
1631
1622
1623
1622
1623
1625
1630
1628
1631
1625
1629
1629
1630
1625
1634
1629
1631
1629
1630
1631
1630
1630
1635
1631
1631
1635
1631
1635
1631
1631
1631
1635
1631
1637
1637
1636
1635
1637
1638
1636
1638
1635
1640
1641
1643
1643
1636
1640
1638
1641
1641
1642
1642
1643
1642
1641
1643
1641
1642
1640
1638
1634
1631
1629
1629
1631
1632
1632
1634
1638
1637
1640
1636
1630
1632
1635
1635
1632
1640
1635
1636
1631
1634
1632
1636
1631
1637
1635
1638
1636
1634
1635
1631
1634
1632
1631
1627
1630
1631
1627
1610
1577
1527
1481
1422
1367
1319
1285
1286
1325
1393
1456
1521
1559
1592
1618
1634
1644
1653
1655
1662
1669
1669
1670
1674
1674
1677
1677
1676
1674
1682
1680
1681
1681
1688
1686
1686
1687
1692
1689
1692
1688
1694
1693
1695
1695
1694
1693
1692
1699
1696
1693
1692
1698
1694
1688
1687
1686
1682
1680
1676
1673
1669
1662
1657
1655
1649
1649
1642
1641
1636
1634
1630
1629
1624
1622
1622
1625
1625
1627
1624
1630
1631
1632
1630
1634
1634
1635
1631
1632
1632
1635
1636
1634
1637
1635
1636
1635
1640
1640
1640
1640
1636
1636
1640
1641
1641
1641
1630
1611
1624
1636
1638
1640
1642
1642
1643
1643
1644
1647
1645
1650
1644
1645
1645
1648
1651
1650
1654
1649
1644
1645
1648
1649
1644
1641
1638
1640
1636
1634
1634
1634
1631
1636
1641
1632
1637
1636
1641
1640
1643
1641
1643
1642
1642
1642
1640
1641
1636
1640
1643
1644
1640
1640
1638
1637
1641
1636
1638
1638
1642
1641
1641
1632
1635
1622
1593
1554
1511
1451
1392
1340
1306
1289
1305
1366
1435
1513
1563
1589
1621
1636
1650
1662
1668
1670
1674
1679
1680
1687
1688
1686
1687
1686
1686
1685
1687
1687
1688
1686
1695
1693
1695
1694
1696
1700
1696
1698
1692
1696
1695
1699
1696
1699
1700
1700
1701
1706
1702
1695
1694
1693
1694
1685
1683
1680
1676
1674
1672
1662
1659
1655
1657
1650
1647
1641
1632
1635
1627
1625
1624
1627
1627
1630
1629
1627
1625
1631
1627
1629
1630
1630
1630
1629
1631
1635
1635
1630
1636
1640
1638
1635
1640
1635
1638
1640
1638
1636
1632
1637
1637
1641
1636
1638
1636
1634
1640
1642
1640
1640
1644
1643
1648
1650
1649
1648
1645
1648
1649
1649
1649
1641
1645
1643
1645
1643
1640
1640
1637
1642
1640
1638
1635
1640
1634
1636
1640
1629
1631
1631
1634
1636
1635
1636
1635
1636
1636
1637
1636
1636
1635
1641
1638
1637
1638
1636
1636
1638
1635
1636
1636
1638
1640
1640
1641
1636
1636
1636
1636
1636
1627
1603
1572
1525
1480
1427
1365
1319
1280
1292
1335
1404
1473
1530
1572
1602
1624
1636
1648
1659
1664
1673
1673
1677
1679
1681
1686
1687
1680
1679
1685
1689
1683
1686
1688
1688
1687
1689
1692
1692
1687
1693
1700
1695
1695
1698
1700
1693
1695
1699
1696
1694
1694
1695
1695
1694
1694
1692
1680
1674
1674
1669
1669
1662
1666
1664
1659
1655
1647
1647
1638
1634
1629
1628
1621
1625
1624
1630
1623
1625
1624
1627
1627
1630
1630
1631
1630
1634
1630
1631
1631
1636
1631
1631
1634
1632
1630
1631
1636
1635
1636
1632
1640
1638
1636
1638
1638
1632
1637
1640
1638
1640
1640
1643
1645
1645
1643
1643
1641
1641
1645
1643
1647
1641
1642
1642
1645
1650
1650
1649
1643
1642
1638
1636
1631
1631
1628
1630
1630
1635
1641
1635
1635
1632
1635
1631
1638
1631
1637
1636
1635
1636
1635
1631
1636
1637
1635
1638
1638
1643
1636
1638
1631
1632
1630
1635
1631
1632
1631
1630
1629
1621
1592
1547
1488
1443
1392
1339
1300
1279
1300
1360
1432
1498
1548
1583
1611
1631
1642
1650
1655
1657
1664
1669
1666
1669
1679
1679
1676
1681
1679
1677
1679
1681
1681
1683
1686
1683
1681
1682
1688
1687
1687
1688
1692
1694
1692
1693
1695
1694
1694
1695
1695
1687
1687
1692
1690
1687
1687
1683
1679
1679
1673
1668
1660
1655
1651
1649
1645
1642
1636
1635
1635
1630
1628
1622
1619
1621
1623
1621
1622
1623
1624
1622
1622
1628
1630
1627
1623
1629
1627
1630
1627
1630
1623
1627
1627
1631
1630
1630
1630
1631
1630
1627
1631
1631
1631
1631
1636
1635
1634
1632
1636
1632
1637
1636
1638
1640
1640
1643
1644
1642
1640
1641
1641
1641
1640
1638
1640
1641
1642
1643
1641
1641
1640
1638
1631
1631
1627
1630
1627
1630
1630
1636
1635
1638
1635
1636
1636
1632
1634
1632
1635
1634
1632
1631
1636
1634
1635
1631
1635
1635
1637
1634
1635
1632
1631
1631
1636
1636
1630
1629
1629
1622
1591
1553
1511
1445
1390
1351
1305
1272
1294
1353
1428
1492
1546
1580
1603
1629
1641
1655
1610
1584
1616
1641
1650
1661
1669
1670
1673
1677
1682
1679
1679
1680
1683
1687
1686
1685
1683
1687
1690
1688
1692
1689
1689
1690
1698
1696
1692
1698
1698
1696
1696
1694
1694
1688
1687
1687
1687
1677
1679
1676
1673
1674
1668
1660
1656
1651
1645
1640
1640
1635
1634
1630
1628
1627
1627
1621
1623
1622
1623
1622
1622
1622
1629
1623
1630
1630
1630
1631
1631
1627
1635
1630
1631
1630
1634
1631
1631
1630
1631
1631
1631
1630
1627
1631
1631
1636
1636
1640
1637
1641
1635
1640
1635
1632
1636
1638
1637
1641
1643
1642
1643
1645
1643
1648
1636
1640
1636
1641
1638
1638
1638
1643
1641
1640
1636
1629
1624
1622
1627
1627
1631
1631
1634
1632
1635
1634
1631
1634
1631
1632
1636
1636
1631
1631
1631
1638
1631
1631
1630
1630
1634
1631
1629
1631
1630
1629
1631
1630
1624
1622
1622
1603
1567
1527
1474
1415
1352
1313
1269
1245
1299
1376
1461
1527
1564
1595
1615
1631
1645
1654
1662
1669
1672
1674
1676
1680
1674
1674
1676
1677
1681
1679
1683
1682
1686
1683
1686
1683
1686
1688
1687
1694
1694
1692
1695
1688
1694
1692
1690
1693
1694
1692
1689
1692
1692
1688
1688
1688
1680
1674
1673
1662
1669
1668
1659
1657
1650
1645
1641
1641
1630
1627
1624
1625
1622
1623
1621
1625
1622
1627
1629
1627
1622
1624
1624
1629
1624
1623
1624
1630
1631
1630
1627
1625
1630
1629
1630
1622
1628
1627
1636
1634
1638
1635
1636
1631
1635
1640
1632
1635
1635
1640
1636
1643
1640
1640
1640
1637
1641
1638
1641
1636
1648
1641
1643
1643
1645
1645
1643
1644
1640
1637
1631
1631
1630
1635
1631
1634
1631
1636
1635
1636
1640
1632
1638
1635
1641
1630
1638
1610
1627
1632
1636
1635
1638
1636
1636
1635
1631
1632
1628
1625
1630
1635
1635
1635
1634
1635
1624
1612
1579
1527
1494
1441
1372
1302
1266
1257
1286
1351
1435
1512
1563
1595
1618
1637
1644
1653
1664
1667
1670
1676
1676
1681
1683
1683
1682
1686
1681
1681
1685
1689
1687
1688
1688
1694
1693
1692
1693
1692
1689
1690
1696
1696
1694
1696
1698
1699
1696
1696
1698
1692
1689
1692
1688
1686
1685
1683
1677
1674
1669
1660
1654
1650
1653
1648
1643
1637
1634
1631
1627
1624
1623
1622
1622
1622
1623
1624
1622
1621
1624
1627
1630
1629
1625
1627
1631
1632
1630
1631
1624
1629
1629
1631
1629
1631
1630
1632
1635
1632
1634
1635
1631
1632
1631
1630
1634
1627
1631
1630
1631
1628
1632
1631
1635
1641
1643
1641
1636
1638
1636
1640
1638
1638
1636
1636
1636
1634
1632
1631
1630
1632
1632
1632
1634
1634
1634
1630
1631
1631
1630
1630
1635
1631
1629
1627
1630
1632
1630
1635
1635
1634
1630
1627
1627
1625
1622
1627
1629
1629
1622
1624
1622
1619
1603
1573
1521
1470
1423
1376
1320
1287
1268
1290
1359
1438
1507
1548
1579
1605
1622
1640
1648
1649
1655
1660
1667
1669
1674
1669
1673
1672
1675
1674
1675
1672
1677
1681
1681
1680
1683
1683
1683
1687
1683
1687
1686
1690
1689
1693
1692
1692
1692
1692
1698
1693
1688
1692
1690
1686
1681
1682
1677
1670
1670
1668
1663
1660
1654
1655
1645
1642
1637
1631
1627
1629
1625
1623
1617
1622
1622
1622
1619
1624
1622
1627
1622
1627
1628
1624
1624
1627
1628
1627
1629
1629
1628
1625
1629
1631
1630
1630
1629
1631
1631
1630
1631
1627
1627
1630
1634
1634
1632
1635
1636
1635
1640
1640
1645
1692
1700
1682
1664
1655
1653
1650
1645
1642
1643
1644
1649
1643
1644
1642
1636
1634
1635
1629
1634
1629
1635
1642
1638
1640
1640
1638
1632
1638
1636
1641
1637
1632
1635
1636
1636
1636
1634
1635
1636
1636
1640
1635
1637
1632
1640
1636
1638
1634
1631
1631
1631
1625
1604
1572
1527
1489
1428
1384
1321
1280
1275
1325
1385
1459
1516
1564
1593
1619
1637
1649
1655
1662
1667
1668
1668
1667
1674
1680
1681
1680
1681
1680
1677
1681
1685
1683
1680
1681
1686
1682
1687
1692
1689
1690
1692
1693
1695
1689
1687
1695
1694
1693
1694
1694
1688
1688
1688
1688
1685
1683
1677
1676
1674
1670
1669
1664
1654
1656
1647
1645
1637
1635
1627
1630
1628
1629
1624
1622
1623
1621
1621
1615
1619
1622
1621
1622
1622
1624
1624
1628
1630
1629
1624
1625
1628
1624
1624
1625
1623
1623
1624
1628
1627
1627
1625
1629
1630
1630
1630
1629
1629
1630
1636
1630
1635
1629
1635
1636
1638
1635
1638
1637
1636
1642
1643
1640
1636
1636
1641
1638
1637
1635
1638
1632
1641
1640
1636
1631
1630
1631
1630
1634
1629
1630
1629
1634
1636
1637
1630
1634
1631
1631
1634
1631
1631
1631
1636
1631
1632
1630
1635
1631
1636
1631
1631
1632
1635
1632
1629
1631
1624
1615
1597
1556
1516
1454
1402
1353
1318
1289
1283
1344
1399
1477
1539
1574
1603
1617
1636
1653
1660
1664
1672
1669
1670
1679
1676
1675
1675
1679
1677
1682
1679
1679
1685
1687
1687
1688
1690
1688
1690
1688
1693
1694
1692
1688
1698
1700
1696
1700
1698
1696
1698
1698
1702
1695
1690
1692
1692
1686
1681
1679
1673
1673
1670
1663
1662
1660
1651
1650
1650
1641
1634
1628
1619
1625
1624
1622
1624
1623
1596
1609
1617
1617
1622
1624
1629
1629
1627
1631
1627
1631
1628
1635
1630
1631
1629
1636
1638
1640
1635
1635
1632
1632
1632
1635
1635
1634
1636
1636
1638
1640
1637
1641
1642
1643
1642
1641
1640
1643
1641
1642
1643
1647
1648
1645
1650
1650
1651
1650
1650
1645
1644
1642
1642
1645
1644
1643
1640
1637
1631
1630
1630
1630
1630
1632
1635
1635
1635
1635
1637
1634
1637
1637
1640
1636
1634
1636
1635
1640
1634
1635
1635
1634
1630
1635
1631
1625
1625
1632
1635
1640
1636
1630
1629
1624
1592
1544
1492
1445
1384
1324
1288
1254
1261
1309
1397
1477
1540
1577
1601
1625
1637
1649
1660
1664
1669
1674
1676
1679
1680
1679
1677
1679
1680
1679
1679
1682
1685
1683
1687
1683
1687
1687
1688
1693
1692
1688
1695
1695
1696
1694
1695
1696
1694
1695
1696
1696
1696
1693
1694
1692
1686
1681
1674
1670
1673
1668
1662
1662
1656
1655
1653
1649
1643
1635
1631
1629
1625
1619
1619
1622
1621
1624
1627
1625
1623
1623
1624
1629
1624
1624
1627
1629
1627
1628
1627
1629
1630
1627
1631
1630
1629
1627
1630
1632
1630
1631
1630
1634
1630
1631
1631
1631
1630
1637
1638
1636
1640
1640
1641
1641
1644
1641
1641
1638
1641
1643
1641
1642
1642
1644
1643
1642
1643
1638
1641
1640
1645
1638
1638
1631
1631
1629
1634
1636
1631
1631
1635
1636
1634
1637
1634
1637
1635
1640
1641
1638
1635
1636
1641
1640
1640
1635
1640
1634
1637
1638
1636
1634
1636
1636
1638
1638
1635
1631
1631
1627
1606
1565
1511
1464
1403
1347
1303
1264
1256
1301
1378
1466
1530
1567
1599
1623
1644
1655
1660
1664
1670
1674
1676
1680
1679
1681
1688
1687
1683
1679
1683
1701
1732
1718
1709
1703
1699
1699
1700
1700
1693
1692
1700
1698
1694
1698
1700
1695
1692
1696
1696
1695
1692
1696
1695
1688
1693
1688
1683
1680
1679
1670
1667
1660
1660
1657
1655
1647
1645
1643
1635
1635
1630
1625
1621
1624
1625
1630
1627
1630
1632
1635
1635
1641
1636
1636
1636
1631
1634
1631
1638
1632
1635
1631
1636
1630
1634
1631
1636
1634
1635
1631
1634
1635
1635
1636
1634
1634
1630
1640
1638
1640
1641
1641
1642
1642
1645
1647
1644
1642
1642
1645
1643
1644
1644
1641
1641
1643
1642
1643
1643
1641
1642
1638
1631
1632
1630
1629
1630
1632
1635
1636
1634
1636
1635
1636
1630
1636
1635
1640
1634
1631
1631
1635
1635
1632
1635
1635
1637
1635
1638
1632
1636
1630
1627
1627
1631
1627
1628
1630
1630
1631
1617
1601
1567
1525
1487
1432
1357
1307
1261
1251
1319
1389
1463
1526
1567
1596
1622
1637
1645
1654
1661
1664
1674
1670
1674
1676
1679
1681
1680
1679
1681
1683
1682
1680
1681
1683
1690
1688
1688
1690
1692
1686
1688
1693
1692
1688
1694
1692
1698
1696
1698
1692
1692
1688
1690
1687
1683
1683
1683
1679
1675
1673
1668
1663
1662
1654
1650
1642
1641
1636
1634
1631
1631
1624
1624
1621
1623
1622
1624
1625
1627
1623
1622
1624
1624
1623
1624
1629
1628
1631
1627
1630
1627
1630
1627
1631
1627
1631
1630
1631
1625
1630
1629
1631
1631
1636
1638
1636
1634
1631
1637
1632
1635
1632
1638
1638
1643
1641
1648
1648
1645
1649
1647
1648
1641
1641
1647
1648
1653
1655
1645
1642
1640
1641
1640
1640
1637
1642
1641
1647
1641
1642
1638
1642
1642
1636
1638
1632
1634
1630
1635
1630
1631
1625
1631
1630
1632
1632
1631
1631
1622
1611
1624
1622
1624
1631
1634
1635
1630
1636
1635
1636
1631
1632
1631
1631
1627
1631
1635
1632
1630
1631
1636
1632
1631
1628
1616
1591
1554
1522
1461
1410
1350
1305
1283
1294
1335
1398
1474
1533
1577
1605
1622
1641
1650
1659
1664
1666
1666
1673
1676
1679
1679
1679
1681
1683
1685
1683
1682
1687
1687
1686
1687
1689
1688
1681
1686
1688
1693
1694
1693
1693
1696
1696
1694
1690
1692
1690
1692
1693
1687
1688
1687
1683
1685
1681
1677
1673
1668
1663
1662
1654
1649
1647
1643
1640
1630
1629
1627
1627
1624
1624
1619
1621
1618
1622
1622
1623
1621
1624
1622
1622
1624
1624
1624
1629
1627
1625
1625
1629
1623
1630
1629
1635
1623
1625
1624
1631
1627
1630
1631
1631
1631
1634
1640
1637
1636
1631
1636
1632
1635
1635
1640
1642
1643
1649
1645
1648
1643
1643
1645
1643
1645
1645
1644
1645
1650
1649
1643
1642
1636
1641
1641
1642
1641
1641
1636
1638
1640
1641
1640
1640
1637
1631
1631
1630
1627
1627
1630
1630
1630
1624
1627
1630
1627
1630
1631
1631
1630
1636
1635
1632
1631
1630
1632
1631
1627
1627
1630
1631
1634
1630
1631
1630
1630
1631
1636
1631
1629
1623
1612
1578
1535
1501
1440
1380
1326
1286
1260
1274
1327
1415
1496
1554
1584
1611
1634
1643
1656
1664
1663
1668
1674
1679
1680
1683
1683
1683
1686
1686
1685
1683
1686
1688
1683
1688
1693
1689
1688
1698
1696
1693
1694
1693
1696
1698
1700
1698
1703
1700
1699
1700
1699
1698
1696
1696
1695
1693
1688
1683
1679
1672
1675
1673
1666
1662
1654
1655
1645
1642
1638
1636
1631
1631
1631
1627
1629
1630
1630
1631
1631
1631
1630
1630
1634
1635
1635
1630
1635
1622
1679
1668
1655
1645
1644
1649
1648
1648
1643
1640
1641
1643
1636
1636
1640
1640
1640
1638
1645
1642
1643
1642
1643
1645
1644
1645
1643
1645
1649
1649
1650
1645
1649
1650
1649
1648
1649
1651
1650
1654
1651
1650
1645
1641
1643
1636
1636
1631
1636
1635
1641
1641
1644
1641
1643
1645
1643
1641
1638
1640
1640
1641
1644
1647
1645
1642
1643
1642
1641
1636
1640
1642
1641
1636
1636
1635
1636
1640
1643
1642
1641
1636
1634
1623
1593
1537
1502
1442
1388
1322
1269
1237
1264
1330
1418
1499
1550
1589
1615
1638
1654
1662
1663
1668
1672
1677
1680
1683
1682
1688
1688
1687
1687
1687
1687
1685
1688
1693
1693
1689
1689
1693
1698
1695
1698
1699
1696
1698
1700
1698
1698
1700
1696
1696
1698
1698
1694
1693
1696
1693
1687
1687
1681
1674
1674
1673
1667
1661
1656
1657
1654
1650
1643
1638
1636
1631
1632
1629
1630
1629
1630
1629
1630
1629
1628
1631
1636
1636
1636
1638
1636
1638
1636
1638
1634
1634
1638
1636
1637
1636
1641
1636
1641
1638
1638
1631
1636
1638
1632
1638
1640
1642
1638
1645
1648
1645
1644
1641
1643
1643
1645
1649
1650
1649
1650
1647
1645
1642
1641
1640
1641
1641
1645
1643
1648
1648
1644
1645
1635
1631
1632
1635
1634
1636
1631
1636
1635
1641
1641
1640
1638
1638
1640
1636
1636
1636
1635
1636
1638
1642
1640
1640
1638
1641
1640
1637
1634
1634
1634
1635
1638
1636
1636
1631
1631
1622
1601
1570
1525
1474
1415
1366
1321
1264
1276
1319
1390
1470
1527
1578
1610
1627
1643
1654
1657
1663
1669
1674
1679
1679
1681
1682
1687
1685
1692
1692
1688
1686
1690
1692
1688
1689
1693
1699
1695
1698
1696
1693
1693
1699
1698
1703
1699
1700
1700
1696
1699
1698
1700
1693
1696
1694
1689
1688
1687
1683
1681
1673
1667
1664
1662
1660
1650
1645
1638
1642
1636
1635
1629
1631
1627
1630
1625
1631
1630
1628
1625
1634
1630
1637
1634
1635
1640
1638
1641
1636
1636
1630
1632
1631
1635
1631
1638
1636
1638
1636
1637
1641
1638
1638
1641
1638
1638
1641
1640
1641
1642
1643
1641
1641
1645
1649
1650
1649
1647
1649
1648
1653
1653
1653
1653
1654
1657
1659
1653
1657
1651
1651
1650
1650
1645
1641
1643
1643
1643
1641
1641
1641
1641
1642
1642
1643
1641
1636
1635
1637
1636
1634
1632
1635
1635
1635
1640
1640
1638
1638
1643
1636
1635
1631
1632
1630
1627
1621
1597
1563
1512
1470
1409
1351
1298
1272
1289
1346
1411
1485
1535
1570
1599
1619
1635
1645
1651
1660
1667
1664
1674
1676
1674
1679
1686
1679
1675
1677
1681
1686
1688
1692
1693
1692
1687
1687
1688
1686
1688
1694
1695
1692
1694
1696
1696
1698
1699
1699
1694
1692
1695
1693
1693
1692
1688
1683
1683
1677
1669
1669
1667
1660
1659
1654
1650
1645
1643
1640
1636
1635
1629
1631
1627
1627
1625
1627
1629
1627
1625
1631
1631
1630
1625
1629
1629
1634
1632
1635
1635
1631
1635
1635
1640
1636
1630
1635
1638
1634
1632
1632
1635
1637
1636
1642
1635
1638
1635
1640
1641
1641
1643
1640
1645
1645
1645
1644
1648
1649
1653
1654
1649
1649
1650
1649
1649
1643
1649
1641
1641
1648
1644
1642
1641
1645
1641
1647
1640
1640
1640
1637
1643
1641
1637
1632
1636
1629
1632
1630
1635
1632
1640
1635
1636
1635
1632
1636
1638
1641
1637
1641
1636
1638
1638
1642
1638
1638
1638
1638
1638
1638
1640
1637
1640
1638
1612
1597
1608
1616
1622
1624
1615
1585
1537
1495
1451
1382
1332
1279
1272
1288
1360
1438
1508
1559
1593
1616
1636
1654
1651
1660
1667
1673
1676
1679
1677
1679
1687
1687
1686
1680
1683
1687
1685
1688
1692
1688
1687
1692
1693
1696
1693
1695
1696
1700
1698
1700
1700
1696
1696
1705
1699
1699
1695
1694
1696
1696
1692
1693
1683
1682
1679
1674
1674
1668
1662
1660
1653
1649
1642
1640
1635
1635
1634
1631
1624
1627
1624
1628
1628
1627
1627
1630
1627
1630
1629
1630
1629
1628
1629
1627
1628
1624
1630
1625
1630
1627
1636
1628
1631
1632
1634
1631
1628
1631
1634
1636
1638
1636
1632
1634
1636
1636
1636
1635
1636
1640
1643
1641
1641
1642
1638
1640
1641
1640
1640
1641
1640
1643
1643
1642
1637
1635
1638
1636
1632
1631
1635
1629
1630
1621
1624
1621
1623
1627
1636
1634
1632
1630
1635
1631
1631
1627
1622
1629
1630
1635
1638
1634
1630
1636
1629
1632
1627
1630
1627
1637
1634
1631
1630
1631
1631
1631
1624
1627
1619
1598
1560
1514
1468
1385
1321
1272
1256
1253
1316
1388
1472
1530
1574
1603
1618
1636
1650
1656
1662
1663
1666
1668
1673
1670
1676
1681
1677
1674
1676
1676
1677
1674
1677
1677
1681
1687
1683
1687
1687
1693
1690
1689
1693
1692
1692
1692
1694
1694
1692
1687
1694
1688
1687
1682
1683
1679
1681
1672
1673
1673
1664
1662
1660
1649
1643
1636
1635
1630
1630
1625
1623
1621
1621
1619
1621
1614
1616
1619
1621
1617
1617
1623
1624
1622
1627
1627
1624
1621
1624
1623
1627
1629
1629
1623
1630
1624
1627
1624
1627
1629
1635
1631
1632
1630
1630
1627
1631
1630
1631
1631
1632
1637
1641
1637
1645
1645
1643
1643
1645
1648
1698
1674
1663
1656
1653
1643
1645
1642
1643
1635
1635
1632
1634
1634
1632
1631
1627
1631
1624
1627
1625
1631
1625
1630
1631
1632
1627
1630
1622
1625
1623
1628
1625
1625
1624
1624
1619
1602
1556
1521
1477
1422
1358
1301
1268
1257
1294
1361
1442
1503
1546
1582
1610
1628
1640
1649
1653
1659
1668
1668
1668
1668
1673
1677
1676
1673
1676
1679
1677
1679
1680
1679
1679
1683
1686
1679
1681
1683
1685
1687
1687
1690
1688
1688
1688
1692
1692
1688
1687
1687
1681
1680
1677
1674
1673
1669
1673
1669
1660
1659
1650
1649
1644
1642
1635
1630
1627
1624
1622
1619
1614
1617
1615
1615
1617
1615
1608
1616
1611
1622
1615
1616
1622
1622
1623
1625
1625
1624
1621
1622
1622
1621
1619
1622
1622
1623
1622
1623
1621
1622
1622
1630
1625
1624
1621
1630
1632
1632
1631
1631
1630
1631
1634
1631
1631
1634
1637
1632
1636
1632
1635
1631
1631
1632
1631
1627
1628
1632
1634
1631
1630
1629
1624
1625
1623
1627
1624
1624
1622
1622
1619
1624
1618
1621
1617
1616
1618
1617
1617
1622
1618
1621
1617
1621
1621
1624
1629
1629
1624
1624
1619
1624
1621
1621
1619
1623
1622
1623
1622
1623
1622
1623
1622
1625
1618
1619
1612
1605
1579
1534
1486
1441
1384
1333
1281
1273
1288
1351
1418
1486
1539
1570
1593
1615
1631
1642
1650
1654
1656
1662
1668
1667
1668
1669
1672
1672
1673
1674
1673
1670
1670
1669
1679
1677
1675
1675
1681
1685
1682
1680
1680
1683
1687
1681
1682
1688
1685
1686
1686
1686
1687
1681
1683
1679
1677
1674
1669
1667
1662
1656
1655
1649
1644
1643
1643
1638
1637
1627
1629
1622
1621
1616
1615
1610
1614
1616
1616
1615
1603
1615
1615
1617
1617
1617
1617
1619
1621
1624
1619
1622
1617
1623
1622
1623
1621
1621
1612
1619
1622
1623
1621
1622
1619
1622
1622
1622
1621
1624
1624
1632
1631
1630
1630
1630
1630
1632
1635
1635
1637
1636
1640
1638
1637
1635
1635
1634
1635
1631
1635
1631
1631
1630
1631
1631
1630
1630
1631
1627
1627
1623
1621
1615
1621
1617
1619
1616
1623
1621
1623
1622
1624
1619
1624
1622
1625
1621
1624
1621
1627
1624
1629
1622
1622
1622
1627
1624
1623
1622
1625
1624
1623
1621
1618
1614
1612
1601
1574
1539
1498
1444
1390
1339
1294
1288
1286
1356
1415
1483
1535
1567
1593
1616
1629
1643
1649
1654
1655
1655
1659
1663
1664
1662
1666
1663
1669
1669
1669
1670
1669
1669
1675
1674
1674
1675
1679
1677
1676
1677
1679
1676
1681
1679
1675
1674
1679
1681
1679
1677
1677
1681
1680
1674
1675
1670
1667
1662
1657
1653
1654
1643
1643
1638
1640
1630
1634
1619
1616
1612
1612
1610
1606
1612
1612
1614
1611
1616
1611
1615
1615
1615
1612
1614
1612
1612
1615
1614
1614
1612
1617
1617
1622
1618
1615
1612
1614
1614
1617
1615
1615
1612
1615
1616
1621
1623
1624
1630
1632
1635
1634
1634
1630
1632
1630
1635
1630
1632
1631
1636
1635
1634
1635
1635
1634
1632
1634
1629
1627
1628
1631
1625
1625
1623
1627
1625
1627
1627
1629
1621
1621
1616
1622
1622
1623
1623
1624
1621
1623
1619
1601
1573
1547
1502
1451
1380
1328
1286
1260
1272
1333
1408
1482
1524
1565
1592
1612
1631
1637
1649
1653
1659
1659
1655
1662
1668
1674
1670
1674
1672
1673
1674
1673
1673
1673
1675
1679
1681
1677
1677
1682
1686
1688
1688
1693
1687
1687
1688
1690
1690
1688
1676
1711
1706
1696
1688
1683
1681
1680
1676
1669
1662
1660
1659
1650
1653
1642
1642
1630
1632
1631
1630
1622
1619
1616
1621
1618
1615
1612
1617
1616
1621
1618
1617
1621
1622
1623
1622
1624
1623
1622
1623
1624
1627
1623
1627
1627
1629
1629
1630
1630
1630
1625
1624
1634
1635
1625
1630
1634
1636
1632
1635
1631
1635
1634
1636
1631
1635
1635
1638
1640
1637
1640
1636
1634
1635
1638
1631
1635
1635
1635
1635
1631
1631
1634
1631
1631
1635
1634
1630
1631
1632
1631
1636
1631
1631
1630
1630
1630
1634
1625
1631
1630
1634
1628
1632
1629
1630
1629
1630
1630
1630
1623
1624
1627
1621
1621
1614
1617
1621
1618
1615
1621
1619
1617
1623
1621
1619
1622
1621
1623
1625
1625
1622
1621
1621
1622
1621
1624
1625
1627
1625
1629
1624
1621
1618
1617
1619
1624
1618
1622
1612
1591
1564
1525
1455
1393
1327
1286
1238
1238
1286
1370
1459
1525
1565
1595
1618
1635
1645
1657
1660
1660
1668
1668
1669
1676
1673
1674
1675
1677
1679
1681
1681
1679
1679
1686
1683
1683
1679
1685
1683
1683
1687
1687
1688
1688
1693
1692
1689
1688
1692
1685
1692
1687
1681
1683
1681
1682
1679
1673
1672
1668
1660
1660
1653
1649
1640
1643
1640
1640
1628
1630
1623
1624
1619
1622
1619
1617
1614
1622
1618
1616
1616
1619
1615
1619
1614
1624
1621
1624
1624
1629
1623
1628
1622
1624
1625
1627
1624
1625
1625
1630
1629
1630
1632
1631
1630
1636
1636
1631
1635
1631
1637
1631
1636
1634
1635
1635
1640
1643
1642
1644
1642
1641
1640
1640
1635
1638
1638
1640
1638
1638
1636
1631
1636
1635
1636
1634
1632
1631
1640
1631
1627
1619
1619
1621
1628
1629
1628
1614
1617
1624
1630
1624
1632
1629
1630
1627
1629
1624
1627
1625
1629
1635
1634
1631
1631
1631
1631
1630
1628
1624
1623
1630
1625
1624
1622
1616
1592
1550
1513
1454
1385
1350
1300
1257
1262
1318
1383
1464
1526
1572
1598
1616
1632
1645
1651
1659
1664
1669
1673
1670
1674
1674
1673
1673
1679
1676
1679
1679
1681
1681
1685
1685
1680
1677
1680
1683
1683
1683
1687
1687
1692
1690
1692
1687
1687
1688
1685
1687
1687
1683
1681
1683
1682
1682
1676
1667
1663
1664
1661
1655
1645
1640
1638
1635
1631
1630
1625
1621
1617
1624
1618
1616
1615
1619
1616
1619
1616
1617
1615
1618
1622
1624
1621
1623
1622
1623
1625
1623
1616
1621
1617
1619
1622
1624
1621
1624
1624
1630
1625
1624
1622
1624
1624
1623
1622
1624
1627
1630
1629
1630
1631
1631
1632
1631
1634
1634
1635
1631
1635
1636
1640
1641
1642
1643
1641
1641
1638
1636
1636
1636
1640
1634
1636
1631
1632
1624
1632
1636
1627
1622
1627
1625
1630
1621
1624
1622
1623
1622
1622
1618
1623
1621
1622
1624
1625
1621
1623
1617
1612
1611
1605
1602
1589
1566
1539
1493
1430
1371
1324
1280
1263
1307
1366
1435
1499
1541
1570
1589
1611
1631
1640
1643
1648
1650
1654
1655
1663
1663
1660
1664
1668
1668
1674
1669
1670
1670
1670
1674
1672
1674
1674
1674
1681
1680
1676
1677
1680
1679
1683
1685
1682
1683
1686
1686
1683
1686
1683
1681
1679
1676
1673
1669
1660
1659
1655
1654
1650
1644
1645
1636
1636
1630
1630
1621
1623
1616
1622
1611
1617
1612
1617
1616
1618
1621
1621
1621
1621
1622
1617
1619
1619
1617
1619
1622
1622
1624
1621
1624
1625
1623
1623
1624
1622
1621
1622
1624
1622
1616
1677
1662
1649
1643
1638
1638
1632
1631
1632
1631
1631
1634
1635
1634
1634
1631
1634
1635
1635
1635
1632
1630
1635
1635
1637
1632
1634
1630
1631
1630
1630
1631
1630
1631
1632
1631
1629
1628
1630
1631
1624
1627
1625
1627
1627
1630
1631
1630
1625
1631
1630
1631
1624
1623
1623
1624
1621
1627
1627
1627
1627
1631
1627
1629
1622
1625
1623
1623
1622
1627
1621
1622
1621
1624
1622
1622
1622
1623
1622
1625
1623
1622
1616
1623
1624
1624
1621
1622
1622
1621
1622
1625
1627
1623
1622
1619
1621
1617
1612
1612
1612
1612
1616
1617
1622
1621
1623
1621
1622
1623
1625
1623
1625
1624
1622
1617
1621
1624
1625
1621
1622
1623
1625
1621
1622
1619
1621
1616
1623
1617
1616
1592
1556
1522
1485
1423
1359
1285
1269
1256
1321
1384
1454
1514
1558
1589
1610
1624
1636
1643
1660
1668
1664
1663
1664
1668
1669
1672
1673
1673
1675
1673
1675
1679
1677
1675
1677
1677
1677
1683
1683
1680
1679
1686
1687
1683
1683
1692
1688
1690
1689
1688
1688
1687
1687
1682
1683
1675
1675
1677
1674
1672
1667
1668
1659
1654
1645
1644
1636
1636
1635
1631
1627
1622
1616
1617
1610
1611
1611
1612
1611
1616
1611
1615
1611
1614
1612
1616
1614
1614
1618
1616
1621
1618
1622
1617
1621
1621
1621
1622
1622
1616
1622
1624
1625
1628
1623
1621
1624
1621
1627
1629
1624
1630
1631
1636
1634
1636
1631
1640
1636
1640
1643
1640
1641
1638
1643
1638
1640
1634
1636
1640
1640
1641
1641
1638
1635
1640
1630
1636
1635
1640
1635
1636
1631
1632
1630
1630
1631
1634
1632
1634
1636
1636
1641
1634
1634
1627
1632
1627
1632
1630
1631
1629
1630
1624
1627
1621
1622
1621
1627
1636
1612
1616
1621
1627
1631
1631
1629
1631
1628
1631
1631
1630
1625
1630
1630
1631
1629
1631
1632
1631
1630
1635
1638
1634
1627
1625
1623
1612
1584
1541
1502
1441
1377
1311
1275
1253
1268
1334
1425
1499
1553
1592
1612
1636
1649
1656
1663
1672
1675
1674
1674
1676
1679
1683
1682
1679
1680
1679
1680
1682
1686
1686
1689
1690
1692
1693
1693
1692
1688
1694
1696
1698
1694
1694
1693
1695
1695
1694
1692
1694
1690
1692
1690
1687
1686
1688
1682
1677
1674
1668
1663
1660
1657
1655
1647
1642
1636
1635
1627
1624
1621
1619
1621
1622
1621
1627
1623
1628
1625
1630
1627
1629
1625
1627
1627
1631
1635
1627
1627
1630
1635
1628
1628
1627
1630
1630
1631
1631
1631
1631
1632
1636
1635
1635
1631
1636
1635
1641
1636
1635
1636
1637
1641
1641
1641
1640
1641
1640
1641
1644
1641
1644
1643
1649
1645
1643
1641
1637
1636
1631
1635
1634
1640
1640
1640
1640
1635
1630
1630
1625
1624
1630
1627
1627
1627
1636
1631
1632
1630
1635
1631
1634
1631
1635
1635
1634
1636
1635
1640
1631
1631
1627
1630
1625
1631
1629
1631
1631
1631
1631
1627
1628
1629
1630
1619
1589
1541
1508
1457
1412
1346
1290
1259
1270
1334
1406
1483
1537
1579
1605
1625
1641
1650
1659
1669
1673
1673
1673
1675
1679
1680
1680
1681
1683
1680
1681
1679
1681
1680
1682
1685
1688
1688
1687
1688
1690
1692
1695
1693
1693
1692
1692
1693
1694
1698
1695
1695
1694
1693
1693
1688
1683
1680
1680
1674
1674
1673
1664
1664
1659
1654
1648
1644
1641
1637
1636
1631
1631
1624
1624
1622
1624
1622
1624
1625
1634
1630
1634
1629
1629
1627
1630
1630
1631
1627
1634
1631
1631
1692
1669
1654
1649
1642
1640
1636
1636
1636
1631
1634
1631
1635
1634
1638
1635
1641
1638
1640
1638
1641
1643
1642
1643
1641
1643
1643
1649
1649
1645
1643
1641
1647
1648
1649
1643
1640
1641
1638
1641
1641
1643
1643
1644
1642
1640
1634
1632
1630
1635
1637
1634
1634
1635
1640
1636
1640
1635
1637
1637
1641
1641
1641
1642
1640
1640
1636
1636
1635
1636
1637
1636
1640
1636
1636
1631
1636
1638
1641
1635
1637
1631
1629
1610
1584
1545
1501
1449
1408
1347
1306
1280
1308
1371
1436
1508
1554
1586
1612
1632
1649
1660
1663
1668
1673
1674
1675
1677
1679
1677
1682
1687
1679
1680
1686
1688
1687
1686
1688
1689
1687
1692
1695
1692
1688
1693
1693
1688
1689
1692
1693
1693
1698
1703
1698
1695
1693
1695
1693
1687
1687
1687
1682
1677
1677
1672
1664
1663
1659
1656
1649
1648
1640
1638
1635
1634
1630
1631
1629
1630
1629
1631
1629
1629
1629
1629
1632
1631
1631
1630
1631
1631
1635
1631
1632
1635
1631
1631
1634
1636
1636
1635
1635
1637
1636
1636
1635
1632
1635
1637
1638
1632
1641
1640
1642
1636
1635
1637
1635
1641
1640
1645
1640
1649
1649
1653
1650
1645
1643
1645
1642
1643
1645
1645
1645
1645
1642
1640
1635
1640
1641
1640
1641
1638
1636
1631
1634
1635
1635
1630
1632
1632
1641
1640
1641
1640
1632
1636
1636
1641
1636
1640
1637
1638
1637
1636
1640
1635
1638
1638
1642
1635
1636
1637
1640
1640
1640
1643
1636
1638
1635
1640
1625
1604
1565
1530
1477
1409
1361
1302
1283
1289
1347
1412
1482
1540
1585
1611
1630
1650
1651
1657
1668
1675
1677
1679
1681
1680
1680
1683
1681
1681
1680
1686
1692
1688
1689
1692
1688
1690
1682
1705
1698
1696
1696
1700
1700
1699
1701
1705
1700
1700
1698
1698
1699
1696
1698
1698
1693
1692
1690
1688
1688
1687
1679
1674
1672
1666
1663
1659
1651
1651
1649
1643
1635
1630
1629
1630
1629
1630
1630
1629
1627
1634
1631
1631
1634
1636
1631
1634
1635
1635
1636
1634
1638
1640
1636
1634
1636
1632
1635
1634
1635
1634
1635
1631
1643
1642
1642
1643
1638
1638
1636
1638
1634
1638
1636
1640
1647
1643
1643
1642
1645
1641
1644
1643
1642
1641
1642
1645
1641
1643
1643
1642
1640
1638
1634
1636
1640
1641
1643
1636
1635
1625
1627
1622
1627
1622
1627
1624
1634
1638
1635
1634
1634
1634
1634
1635
1631
1635
1631
1635
1638
1636
1631
1635
1634
1635
1635
1634
1631
1628
1629
1631
1631
1631
1632
1631
1634
1630
1623
1605
1572
1540
1488
1432
1354
1308
1276
1270
1318
1389
1470
1530
1572
1598
1623
1642
1654
1661
1674
1673
1675
1681
1679
1677
1683
1681
1686
1688
1687
1688
1683
1680
1687
1683
1683
1692
1694
1690
1688
1696
1696
1698
1698
1698
1698
1700
1700
1701
1700
1700
1693
1695
1695
1696
1688
1687
1690
1685
1680
1679
1672
1668
1668
1662
1662
1649
1649
1643
1641
1635
1638
1634
1629
1625
1625
1625
1624
1624
1624
1629
1627
1630
1630
1631
1631
1640
1634
1635
1631
1635
1636
1635
1632
1635
1635
1636
1641
1643
1640
1640
1638
1635
1632
1636
1632
1640
1640
1643
1645
1644
1642
1641
1645
1642
1642
1642
1638
1643
1645
1649
1649
1650
1650
1653
1651
1644
1648
1643
1645
1649
1645
1650
1643
1642
1641
1647
1644
1645
1643
1641
1645
1640
1640
1630
1631
1631
1638
1638
1640
1641
1636
1640
1635
1641
1635
1641
1641
1644
1642
1621
1634
1636
1640
1637
1641
1635
1640
1641
1643
1642
1641
1641
1638
1641
1636
1635
1629
1627
1603
1567
1521
1469
1409
1335
1289
1261
1248
1307
1388
1474
1543
1582
1608
1630
1645
1657
1667
1669
1677
1683
1683
1683
1688
1682
1685
1688
1690
1692
1688
1688
1694
1696
1696
1698
1696
1698
1694
1699
1698
1700
1698
1700
1699
1700
1703
1701
1700
1705
1706
1702
1698
1702
1695
1692
1698
1690
1688
1679
1679
1673
1676
1668
1660
1657
1651
1649
1640
1638
1640
1634
1635
1635
1636
1630
1630
1627
1629
1630
1631
1630
1631
1636
1636
1637
1634
1631
1630
1634
1634
1636
1631
1637
1638
1640
1636
1635
1635
1636
1635
1635
1641
1637
1640
1640
1643
1642
1640
1638
1640
1642
1641
1642
1641
1637
1642
1645
1650
1642
1649
1644
1650
1644
1645
1649
1645
1643
1645
1641
1643
1640
1636
1640
1641
1636
1635
1634
1630
1632
1635
1636
1636
1640
1636
1638
1637
1635
1635
1637
1638
1640
1641
1638
1642
1640
1641
1642
1640
1636
1635
1635
1630
1638
1635
1638
1641
1643
1638
1637
1630
1630
1630
1618
1591
1546
1513
1444
1382
1327
1281
1254
1277
1346
1423
1499
1548
1582
1609
1630
1647
1650
1657
1664
1668
1679
1679
1676
1677
1677
1682
1679
1677
1681
1679
1681
1679
1683
1685
1688
1689
1692
1693
1694
1690
1692
1693
1695
1695
1694
1694
1694
1696
1694
1693
1692
1695
1698
1694
1689
1687
1683
1680
1681
1675
1669
1664
1663
1659
1655
1650
1645
1645
1637
1632
1636
1632
1631
1627
1629
1627
1627
1624
1629
1627
1634
1638
1640
1638
1640
1638
1638
1636
1631
1632
1635
1635
1635
1638
1638
1636
1635
1636
1638
1636
1634
1638
1640
1638
1641
1636
1624
1636
1641
1642
1643
1649
1645
1650
1648
1648
1649
1647
1645
1649
1650
1643
1649
1651
1650
1655
1653
1650
1649
1645
1653
1650
1650
1643
1649
1642
1642
1645
1645
1643
1644
1643
1641
1640
1630
1631
1628
1634
1635
1638
1636
1640
1641
1645
1645
1642
1643
1641
1643
1642
1643
1641
1636
1641
1641
1640
1637
1636
1640
1641
1641
1636
1638
1637
1641
1641
1641
1632
1634
1627
1611
1579
1546
1496
1440
1382
1328
1290
1268
1296
1370
1448
1513
1560
1593
1614
1640
1651
1662
1662
1672
1675
1673
1674
1677
1682
1685
1683
1679
1683
1683
1681
1681
1687
1688
1688
1689
1688
1690
1689
1692
1692
1689
1693
1694
1699
1694
1694
1694
1696
1696
1696
1698
1693
1688
1692
1692
1683
1681
1681
1674
1674
1674
1668
1664
1659
1655
1650
1648
1637
1636
1634
1630
1631
1630
1630
1627
1628
1629
1629
1623
1627
1625
1627
1625
1631
1628
1630
1630
1635
1636
1638
1635
1635
1631
1632
1635
1635
1631
1627
1631
1630
1631
1631
1634
1635
1635
1638
1638
1635
1637
1640
1641
1641
1640
1641
1641
1637
1643
1645
1645
1642
1642
1647
1641
1647
1643
1643
1644
1641
1649
1640
1643
1641
1647
1643
1642
1647
1644
1642
1638
1642
1638
1634
1632
1636
1640
1635
1630
1627
1628
1628
1635
1630
1634
1631
1634
1640
1641
1636
1637
1640
1638
1640
1640
1636
1636
1638
1636
1636
1636
1636
1637
1636
1638
1635
1635
1635
1640
1636
1640
1631
1634
1629
1619
1591
1559
1511
1463
1399
1333
1299
1272
1281
1345
1424
1499
1548
1588
1616
1632
1650
1657
1663
1675
1677
1679
1680
1681
1681
1686
1686
1687
1688
1686
1683
1688
1687
1692
1692
1692
1695
1696
1690
1694
1699
1696
1656
1681
1688
1692
1694
1695
1699
1699
1702
1700
1699
1702
1701
1694
1692
1693
1683
1680
1679
1674
1674
1668
1664
1667
1661
1654
1645
1641
1635
1630
1635
1635
1630
1627
1631
1632
1632
1628
1630
1635
1636
1634
1635
1631
1634
1632
1638
1635
1638
1635
1638
1638
1637
1638
1638
1640
1638
1640
1638
1641
1636
1638
1631
1641
1643
1640
1641
1640
1645
1643
1643
1643
1642
1645
1649
1645
1645
1643
1645
1648
1649
1645
1649
1645
1648
1648
1645
1650
1644
1643
1643
1643
1645
1640
1644
1641
1644
1643
1641
1636
1643
1640
1636
1636
1629
1624
1624
1629
1627
1632
1630
1636
1632
1636
1635
1640
1634
1635
1636
1631
1634
1629
1630
1631
1632
1632
1642
1634
1636
1634
1631
1631
1629
1631
1632
1635
1634
1627
1623
1629
1618
1586
1543
1501
1438
1376
1315
1269
1264
1267
1331
1422
1501
1552
1586
1611
1630
1653
1657
1662
1664
1673
1679
1681
1680
1679
1680
1683
1683
1683
1685
1687
1683
1687
1694
1693
1687
1688
1688
1690
1692
1692
1693
1693
1695
1699
1700
1700
1698
1698
1696
1696
1695
1694
1692
1690
1693
1688
1688
1681
1675
1674
1669
1667
1661
1659
1654
1650
1650
1641
1640
1636
1631
1631
1624
1624
1624
1627
1625
1630
1627
1627
1627
1630
1629
1630
1631
1631
1634
1636
1637
1641
1638
1635
1641
1640
1640
1635
1636
1634
1638
1638
1636
1641
1640
1643
1641
1642
1636
1640
1638
1643
1641
1641
1647
1649
1650
1650
1649
1648
1648
1649
1645
1647
1648
1644
1648
1643
1644
1645
1643
1645
1643
1644
1642
1649
1645
1644
1641
1643
1636
1634
1631
1630
1635
1634
1637
1636
1638
1637
1643
1643
1638
1635
1636
1638
1635
1637
1641
1615
1619
1631
1632
1635
1635
1635
1641
1640
1641
1640
1641
1638
1638
1640
1635
1630
1634
1632
1621
1588
1541
1486
1432
1376
1327
1273
1257
1295
1365
1442
1512
1559
1593
1622
1636
1650
1659
1662
1669
1679
1677
1679
1681
1681
1683
1688
1688
1688
1688
1689
1688
1694
1694
1688
1692
1694
1696
1698
1698
1700
1698
1696
1699
1695
1696
1696
1700
1698
1700
1699
1695
1696
1698
1694
1692
1688
1686
1686
1681
1679
1672
1668
1662
1660
1657
1649
1649
1638
1641
1632
1635
1629
1630
1622
1627
1627
1627
1628
1628
1630
1630
1632
1634
1631
1630
1630
1634
1636
1629
1634
1631
1636
1632
1634
1630
1630
1629
1631
1635
1636
1638
1635
1635
1630
1634
1631
1631
1634
1638
1636
1637
1638
1640
1642
1644
1643
1642
1641
1645
1643
1647
1649
1649
1645
1643
1649
1643
1648
1645
1645
1645
1645
1648
1641
1644
1641
1643
1637
1641
1636
1640
1640
1636
1636
1629
1627
1627
1631
1629
1631
1630
1629
1631
1632
1635
1636
1638
1632
1635
1634
1631
1630
1632
1631
1635
1635
1636
1635
1638
1635
1636
1636
1631
1632
1631
1634
1631
1629
1627
1629
1622
1603
1571
1521
1463
1408
1361
1305
1276
1280
1324
1390
1467
1527
1567
1601
1619
1636
1651
1654
1663
1673
1677
1676
1679
1677
1674
1677
1675
1677
1681
1680
1683
1689
1695
1695
1681
1687
1688
1692
1692
1695
1693
1693
1694
1699
1698
1694
1696
1698
1696
1696
1699
1696
1696
1694
1698
1692
1688
1681
1683
1681
1677
1675
1672
1663
1663
1650
1650
1648
1636
1635
1632
1631
1624
1629
1627
1623
1630
1631
1627
1625
1627
1631
1631
1631
1631
1631
1631
1634
1636
1638
1637
1640
1635
1637
1635
1631
1628
1650
1642
1640
1641
1636
1640
1641
1642
1641
1640
1635
1641
1640
1640
1641
1638
1640
1638
1641
1643
1643
1645
1645
1650
1647
1654
1650
1648
1648
1648
1649
1645
1645
1643
1644
1643
1648
1650
1643
1643
1645
1645
1642
1644
1645
1641
1644
1641
1641
1636
1641
1641
1647
1644
1642
1640
1636
1634
1634
1629
1629
1631
1634
1636
1631
1632
1636
1638
1637
1641
1638
1637
1631
1636
1640
1638
1637
1636
1638
1636
1636
1636
1637
1636
1635
1637
1636
1635
1629
1636
1630
1631
1629
1617
1589
1548
1512
1461
1392
1347
1302
1283
1299
1361
1435
1500
1551
1588
1612
1632
1645
1655
1662
1664
1669
1676
1674
1675
1681
1683
1680
1680
1682
1682
1688
1686
1685
1687
1687
1690
1693
1689
1690
1688
1687
1686
1690
1693
1694
1698
1695
1698
1696
1693
1695
1695
1695
1695
1690
1687
1686
1683
1685
1681
1675
1674
1669
1664
1660
1650
1648
1643
1643
1640
1638
1631
1631
1627
1631
1629
1630
1627
1627
1625
1628
1631
1629
1624
1630
1632
1631
1631
1629
1630
1629
1632
1631
1632
1631
1636
1632
1636
1631
1634
1630
1631
1631
1631
1635
1631
1636
1638
1637
1637
1635
1638
1640
1642
1641
1641
1641
1641
1648
1648
1650
1641
1643
1645
1647
1645
1643
1648
1640
1641
1645
1647
1645
1640
1643
1641
1644
1644
1644
1640
1636
1640
1640
1640
1632
1636
1636
1632
1631
1629
1627
1627
1629
1631
1635
1636
1635
1635
1635
1631
1635
1632
1635
1632
1641
1636
1636
1637
1641
1641
1636
1636
1632
1635
1636
1638
1636
1636
1635
1634
1634
1625
1627
1627
1622
1605
1567
1526
1479
1416
1359
1321
1292
1281
1321
1395
1470
1532
1572
1599
1621
1637
1653
1657
1663
1666
1668
1677
1677
1674
1676
1681
1680
1679
1682
1681
1682
1683
1687
1690
1692
1688
1689
1683
1694
1688
1692
1692
1694
1693
1692
1693
1694
1692
1692
1696
1699
1696
1694
1695
1696
1688
1683
1681
1677
1673
1677
1673
1668
1662
1659
1660
1654
1644
1640
1638
1632
1635
1630
1628
1622
1624
1624
1627
1625
1623
1627
1630
1631
1629
1631
1628
1629
1627
1631
1629
1630
1630
1631
1631
1635
1635
1635
1634
1636
1635
1630
1631
1630
1631
1631
1632
1634
1638
1636
1638
1641
1638
1636
1636
1641
1636
1638
1635
1637
1636
1641
1643
1648
1642
1643
1644
1644
1643
1638
1637
1637
1635
1638
1640
1640
1632
1631
1629
1627
1622
1627
1627
1631
1634
1635
1634
1630
1631
1631
1632
1632
1636
1636
1640
1636
1636
1634
1630
1628
1627
1631
1630
1631
1631
1631
1634
1640
1635
1635
1631
1630
1625
1624
1618
1593
1559
1518
1460
1395
1347
1290
1256
1269
1324
1393
1481
1538
1574
1605
1624
1640
1650
1659
1668
1669
1673
1674
1680
1677
1677
1676
1677
1675
1680
1679
1681
1679
1685
1688
1686
1688
1688
1690
1690
1692
1692
1693
1692
1694
1695
1696
1693
1696
1696
1696
1698
1695
1696
1692
1685
1681
1680
1676
1679
1673
1669
1667
1664
1663
1654
1643
1643
1640
1640
1634
1634
1629
1627
1619
1622
1619
1617
1617
1625
1625
1631
1631
1629
1625
1629
1630
1631
1627
1629
1629
1632
1634
1632
1635
1629
1631
1630
1631
1628
1632
1630
1634
1630
1631
1632
1636
1640
1641
1640
1637
1637
1638
1641
1640
1641
1640
1641
1643
1648
1645
1643
1643
1643
1645
1644
1642
1643
1637
1640
1634
1640
1635
1636
1636
1638
1636
1636
1635
1635
1638
1635
1638
1634
1635
1635
1631
1629
1631
1631
1634
1635
1637
1638
1640
1636
1632
1638
1636
1638
1631
1636
1631
1636
1635
1634
1629
1616
1589
1553
1511
1440
1398
1327
1285
1267
1276
1335
1416
1488
1544
1585
1605
1629
1644
1654
1662
1672
1672
1673
1675
1677
1681
1679
1679
1681
1686
1683
1685
1685
1687
1687
1687
1688
1688
1686
1690
1692
1693
1694
1696
1693
1698
1696
1695
1692
1694
1693
1694
1692
1695
1696
1692
1690
1692
1689
1679
1675
1672
1667
1667
1660
1655
1653
1650
1649
1640
1636
1629
1628
1623
1623
1622
1622
1622
1622
1624
1625
1624
1623
1625
1630
1630
1630
1630
1631
1631
1631
1631
1627
1623
1624
1627
1624
1624
1624
1627
1631
1634
1629
1631
1629
1631
1632
1635
1630
1630
1632
1630
1632
1635
1636
1631
1635
1634
1641
1635
1637
1634
1631
1631
1637
1641
1631
1630
1629
1634
1630
1631
1629
1634
1632
1638
1637
1635
1632
1630
1634
1631
1632
1629
1630
1632
1637
1636
1635
1631
1632
1635
1631
1631
1630
1631
1631
1631
1631
1631
1629
1628
1627
1625
1617
1595
1565
1521
1477
1408
1350
1307
1285
1279
1327
1389
1456
1518
1561
1593
1616
1630
1643
1648
1654
1662
1660
1662
1668
1669
1672
1673
1677
1675
1674
1675
1674
1679
1677
1676
1676
1679
1682
1686
1680
1681
1683
1690
1687
1689
1687
1687
1694
1690
1688
1689
1688
1692
1692
1687
1687
1680
1679
1680
1674
1664
1666
1660
1660
1653
1655
1650
1641
1640
1631
1635
1629
1623
1615
1619
1621
1622
1623
1618
1621
1624
1624
1624
1622
1624
1627
1624
1625
1627
1623
1622
1625
1624
1625
1624
1627
1630
1629
1631
1632
1631
1625
1627
1629
1631
1630
1630
1630
1632
1631
1638
1636
1636
1638
1641
1565
1559
1592
1608
1622
1625
1636
1635
1640
1635
1640
1641
1643
1645
1641
1641
1641
1637
1631
1631
1630
1627
1625
1629
1631
1631
1635
1635
1632
1632
1636
1636
1638
1636
1640
1631
1631
1630
1631
1635
1637
1635
1636
1641
1638
1640
1630
1630
1630
1631
1629
1631
1628
1631
1630
1624
1588
1546
1503
1441
1395
1340
1301
1270
1290
1356
1429
1496
1550
1583
1608
1628
1640
1649
1655
1660
1668
1670
1669
1674
1676
1674
1675
1679
1679
1677
1681
1680
1680
1688
1683
1681
1680
1685
1683
1687
1687
1688
1687
1692
1688
1688
1689
1690
1695
1694
1694
1689
1687
1687
1683
1683
1680
1680
1675
1672
1668
1662
1655
1657
1649
1644
1642
1643
1635
1635
1630
1631
1625
1622
1614
1619
1621
1621
1616
1619
1617
1618
1619
1623
1622
1621
1622
1623
1625
1631
1630
1629
1623
1623
1625
1624
1621
1621
1627
1631
1632
1630
1632
1631
1631
1627
1630
1623
1630
1630
1632
1631
1636
1634
1632
1640
1641
1643
1640
1641
1642
1640
1636
1635
1641
1638
1640
1640
1640
1632
1632
1629
1630
1630
1627
1628
1630
1632
1631
1635
1631
1630
1631
1636
1635
1637
1635
1634
1634
1632
1635
1631
1632
1628
1631
1627
1630
1625
1631
1631
1638
1640
1637
1631
1630
1630
1625
1619
1595
1561
1527
1474
1414
1367
1301
1267
1286
1335
1411
1477
1532
1570
1602
1621
1635
1648
1654
1664
1668
1668
1670
1679
1679
1676
1675
1676
1677
1679
1679
1682
1683
1686
1683
1687
1689
1692
1688
1688
1693
1695
1694
1693
1695
1694
1695
1699
1699
1694
1693
1696
1698
1693
1692
1693
1687
1683
1681
1679
1674
1676
1670
1666
1664
1660
1655
1648
1642
1640
1635
1632
1631
1628
1630
1631
1630
1612
1624
1622
1629
1627
1627
1631
1631
1634
1632
1637
1631
1630
1631
1636
1640
1637
1638
1637
1638
1636
1641
1631
1634
1629
1631
1631
1635
1632
1636
1636
1640
1643
1642
1638
1640
1644
1644
1644
1648
1645
1645
1649
1651
1650
1645
1647
1645
1650
1644
1650
1649
1645
1643
1643
1645
1643
1643
1645
1648
1640
1636
1635
1632
1630
1635
1638
1641
1637
1635
1641
1638
1634
1636
1638
1641
1640
1643
1641
1642
1641
1643
1641
1635
1635
1636
1640
1636
1641
1637
1640
1636
1637
1636
1634
1631
1627
1612
1584
1541
1508
1434
1378
1315
1294
1267
1300
1370
1450
1521
1565
1598
1621
1636
1654
1661
1668
1668
1673
1676
1682
1681
1681
1687
1685
1681
1683
1687
1686
1686
1687
1692
1693
1688
1688
1690
1696
1692
1695
1698
1696
1694
1695
1698
1698
1694
1703
1702
1701
1700
1698
1694
1699
1695
1688
1686
1680
1680
1681
1672
1667
1661
1655
1654
1653
1649
1638
1637
1630
1631
1630
1629
1624
1624
1627
1628
1625
1623
1634
1632
1635
1631
1636
1631
1631
1631
1636
1636
1631
1635
1635
1640
1632
1636
1634
1636
1635
1636
1638
1635
1634
1635
1638
1635
1637
1637
1636
1637
1640
1641
1641
1643
1644
1644
1644
1641
1654
1645
1649
1649
1655
1650
1648
1645
1648
1649
1648
1644
1645
1644
1648
1650
1645
1647
1643
1645
1640
1643
1648
1645
1650
1645
1649
1641
1640
1640
1643
1640
1636
1640
1630
1635
1634
1632
1631
1635
1624
1635
1636
1640
1636
1641
1641
1640
1642
1642
1642
1641
1641
1640
1638
1641
1638
1640
1638
1641
1636
1640
1640
1638
1643
1645
1642
1632
1637
1636
1621
1597
1545
1508
1456
1402
1340
1292
1263
1289
1350
1432
1503
1534
1574
1605
1634
1654
1660
1664
1672
1676
1680
1682
1681
1683
1688
1688
1688
1686
1692
1692
1692
1692
1694
1693
1690
1694
1700
1701
1698
1700
1699
1698
1698
1700
1699
1702
1702
1701
1702
1701
1696
1699
1700
1701
1694
1692
1692
1687
1680
1681
1675
1669
1668
1663
1662
1655
1653
1647
1642
1640
1636
1632
1628
1627
1629
1634
1630
1635
1630
1637
1632
1635
1634
1632
1631
1632
1636
1632
1631
1635
1640
1641
1645
1645
1648
1643
1644
1643
1641
1642
1640
1641
1640
1643
1645
1643
1648
1644
1650
1649
1648
1643
1643
1644
1643
1645
1647
1648
1649
1653
1654
1650
1648
1649
1649
1650
1648
1647
1643
1641
1640
1642
1641
1640
1640
1641
1642
1638
1629
1598
1565
1539
1481
1424
1354
1302
1274
1280
1345
1404
1476
1527
1567
1593
1617
1635
1649
1659
1668
1672
1673
1669
1677
1679
1682
1679
1681
1685
1692
1688
1688
1690
1695
1687
1692
1694
1692
1692
1700
1701
1701
1706
1707
1705
1701
1702
1702
1706
1706
1700
1700
1703
1702
1700
1698
1698
1695
1687
1686
1687
1675
1668
1668
1661
1655
1654
1650
1643
1645
1644
1641
1634
1630
1630
1630
1630
1623
1624
1627
1627
1630
1632
1631
1631
1631
1632
1631
1629
1631
1631
1635
1632
1634
1631
1635
1632
1632
1635
1638
1640
1640
1643
1640
1640
1635
1636
1636
1640
1643
1641
1642
1641
1650
1644
1648
1643
1643
1644
1644
1648
1648
1647
1649
1648
1648
1645
1645
1643
1642
1644
1644
1649
1642
1645
1641
1642
1637
1642
1643
1642
1642
1642
1645
1643
1642
1645
1643
1643
1641
1642
1641
1638
1640
1641
1641
1640
1643
1643
1643
1644
1643
1641
1643
1641
1643
1640
1638
1643
1642
1645
1643
1641
1623
1631
1636
1636
1641
1636
1642
1642
1645
1645
1643
1643
1642
1642
1641
1641
1641
1638
1635
1644
1642
1641
1642
1643
1642
1641
1641
1638
1637
1643
1642
1649
1643
1645
1643
1642
1642
1640
1640
1636
1641
1643
1643
1638
1640
1642
1645
1647
1642
1636
1635
1636
1631
1631
1628
1635
1637
1641
1638
1641
1643
1640
1641
1640
1641
1638
1636
1640
1640
1640
1641
1641
1637
1640
1638
1641
1637
1636
1638
1640
1640
1636
1635
1622
1590
1557
1513
1468
1392
1351
1299
1280
1309
1372
1435
1506
1556
1589
1611
1630
1650
1655
1667
1672
1677
1679
1680
1679
1685
1686
1682
1683
1688
1693
1693
1692
1692
1688
1692
1693
1694
1692
1688
1696
1693
1693
1695
1700
1696
1696
1700
1698
1698
1696
1700
1700
1694
1690
1694
1690
1688
1687
1688
1683
1677
1679
1676
1672
1663
1661
1660
1655
1654
1650
1641
1641
1634
1636
1634
1630
1624
1627
1624
1627
1624
1627
1622
1623
1624
1630
1624
1629
1630
1636
1635
1635
1636
1632
1635
1634
1632
1631
1630
1631
1631
1632
1631
1640
1637
1638
1636
1642
1637
1640
1638
1641
1641
1643
1643
1642
1643
1642
1650
1649
1645
1649
1648
1645
1650
1645
1650
1648
1647
1649
1649
1650
1649
1649
1647
1650
1650
1642
1643
1642
1642
1641
1640
1636
1640
1641
1638
1640
1642
1643
1641
1643
1642
1640
1641
1638
1640
1634
1635
1634
1636
1636
1638
1640
1635
1632
1636
1641
1635
1641
1635
1641
1635
1635
1636
1631
1632
1634
1640
1638
1641
1636
1641
1638
1638
1636
1631
1630
1635
1636
1643
1640
1635
1636
1630
1628
1623
1624
1622
1627
1630
1631
1629
1635
1636
1636
1638
1636
1640
1636
1636
1632
1643
1638
1635
1634
1589
1554
1586
1601
1612
1621
1622
1628
1624
1624
1622
1603
1574
1527
1467
1427
1357
1305
1267
1272
1294
1372
1460
1524
1566
1598
1619
1638
1648
1660
1664
1673
1673
1680
1679
1681
1683
1683
1681
1683
1683
1687
1685
1686
1689
1693
1690
1695
1693
1693
1692
1693
1696
1692
1692
1695
1698
1699
1700
1702
1701
1696
1698
1699
1696
1693
1696
1695
1692
1682
1683
1679
1677
1669
1664
1664
1657
1654
1655
1648
1645
1637
1636
1632
1631
1627
1627
1622
1623
1622
1629
1622
1624
1624
1632
1629
1630
1630
1629
1624
1630
1628
1630
1627
1631
1631
1636
1634
1635
1636
1631
1634
1632
1635
1627
1630
1631
1635
1634
1635
1634
1635
1637
1638
1641
1635
1636
1638
1640
1640
1638
1640
1641
1641
1641
1643
1642
1642
1648
1645
1644
1638
1640
1634
1635
1636
1638
1640
1631
1632
1638
1640
1634
1635
1634
1635
1630
1630
1627
1623
1622
1623
1624
1629
1630
1631
1631
1631
1635
1632
1631
1627
1631
1630
1631
1629
1631
1630
1630
1631
1632
1632
1631
1632
1631
1631
1628
1629
1623
1624
1622
1622
1616
1608
1593
1554
1511
1456
1376
1322
1296
1262
1270
1328
1409
1486
1540
1578
1603
1622
1634
1649
1653
1660
1662
1663
1663
1669
1669
1673
1670
1670
1677
1679
1677
1673
1676
1676
1679
1683
1680
1683
1682
1683
1682
1687
1686
1683
1683
1692
1694
1689
1686
1688
1692
1689
1686
1687
1687
1685
1681
1680
1679
1669
1668
1667
1664
1656
1653
1645
1641
1641
1635
1635
1624
1623
1624
1623
1623
1622
1621
1622
1621
1623
1621
1624
1619
1623
1624
1625
1624
1624
1627
1624
1627
1625
1624
1624
1622
1629
1627
1625
1625
1624
1625
1629
1631
1630
1630
1631
1622
1649
1638
1635
1630
1632
1631
1632
1630
1631
1634
1638
1635
1637
1636
1637
1641
1637
1641
1636
1634
1634
1635
1638
1635
1631
1630
1627
1624
1623
1624
1624
1625
1631
1634
1636
1630
1634
1631
1634
1631
1631
1629
1631
1630
1630
1630
1634
1629
1630
1627
1631
1631
1630
1629
1630
1630
1630
1631
1631
1635
1630
1631
1628
1612
1589
1559
1522
1467
1403
1345
1313
1281
1280
1328
1396
1466
1521
1565
1593
1615
1635
1645
1654
1660
1664
1664
1666
1663
1664
1669
1672
1670
1673
1674
1670
1674
1669
1675
1677
1677
1680
1682
1677
1677
1682
1686
1680
1677
1683
1686
1683
1687
1683
1685
1683
1683
1681
1681
1679
1675
1674
1675
1673
1673
1667
1660
1659
1651
1648
1642
1637
1632
1632
1630
1623
1616
1616
1615
1618
1612
1615
1612
1616
1615
1621
1612
1621
1615
1614
1624
1619
1617
1622
1622
1623
1628
1623
1622
1622
1621
1624
1631
1625
1624
1627
1621
1625
1622
1621
1622
1625
1623
1629
1629
1631
1624
1631
1630
1632
1630
1631
1631
1632
1634
1631
1635
1634
1636
1631
1629
1630
1630
1630
1631
1631
1629
1624
1622
1621
1627
1624
1629
1625
1625
1630
1629
1630
1623
1623
1624
1629
1624
1623
1622
1629
1622
1630
1625
1627
1623
1627
1629
1630
1627
1629
1627
1625
1628
1624
1624
1622
1622
1624
1610
1583
1537
1500
1442
1380
1338
1289
1267
1287
1357
1423
1496
1545
1574
1602
1617
1631
1642
1645
1655
1662
1663
1664
1662
1666
1668
1664
1669
1673
1668
1673
1676
1676
1675
1674
1679
1679
1679
1679
1681
1683
1683
1683
1688
1687
1682
1683
1683
1683
1687
1688
1686
1682
1687
1687
1685
1679
1676
1673
1670
1664
1662
1655
1650
1650
1657
1687
1672
1659
1644
1640
1628
1625
1616
1619
1617
1621
1617
1619
1619
1619
1624
1622
1622
1622
1621
1622
1622
1625
1622
1621
1623
1628
1624
1623
1622
1627
1623
1627
1629
1625
1624
1627
1624
1630
1624
1627
1624
1625
1624
1632
1635
1636
1634
1638
1638
1634
1631
1635
1636
1632
1640
1636
1638
1631
1636
1640
1640
1636
1638
1635
1636
1634
1631
1627
1622
1625
1624
1627
1625
1630
1630
1631
1631
1635
1631
1631
1629
1635
1631
1630
1629
1631
1631
1631
1631
1631
1630
1623
1631
1630
1631
1630
1634
1627
1628
1624
1627
1622
1614
1598
1570
1513
1444
1408
1348
1305
1266
1264
1318
1397
1475
1532
1567
1596
1619
1634
1645
1649
1655
1660
1660
1664
1669
1667
1669
1669
1676
1673
1673
1673
1674
1676
1675
1676
1679
1681
1679
1680
1677
1679
1681
1685
1682
1683
1688
1687
1682
1680
1689
1687
1685
1687
1685
1681
1681
1679
1680
1670
1668
1663
1663
1659
1650
1650
1644
1643
1634
1636
1627
1623
1618
1622
1617
1619
1612
1614
1615
1616
1618
1616
1616
1619
1622
1624
1619
1617
1617
1617
1619
1621
1623
1617
1619
1624
1621
1622
1622
1623
1622
1623
1624
1623
1624
1627
1629
1631
1625
1624
1624
1629
1624
1629
1629
1629
1630
1636
1629
1631
1634
1635
1636
1636
1640
1635
1631
1630
1632
1636
1636
1631
1630
1631
1629
1627
1622
1622
1621
1625
1624
1627
1627
1628
1630
1631
1630
1631
1631
1631
1631
1632
1627
1629
1624
1627
1625
1627
1624
1629
1629
1627
1627
1630
1629
1627
1630
1631
1630
1627
1621
1619
1604
1582
1540
1486
1421
1366
1326
1273
1251
1256
1335
1422
1506
1547
1584
1615
1630
1645
1653
1651
1660
1664
1668
1670
1682
1654
1662
1668
1669
1674
1676
1677
1679
1680
1677
1681
1682
1679
1681
1682
1687
1687
1683
1687
1688
1687
1688
1692
1690
1688
1692
1692
1688
1686
1685
1687
1683
1685
1677
1673
1669
1664
1667
1660
1657
1649
1643
1645
1636
1632
1629
1627
1624
1622
1619
1619
1618
1619
1622
1617
1621
1616
1621
1619
1624
1624
1624
1622
1627
1627
1627
1624
1624
1627
1629
1625
1624
1627
1627
1630
1625
1628
1624
1628
1627
1630
1628
1631
1628
1630
1634
1636
1631
1632
1629
1632
1631
1636
1638
1640
1636
1638
1636
1632
1631
1631
1636
1634
1631
1631
1631
1631
1631
1632
1635
1631
1624
1622
1622
1623
1623
1622
1625
1625
1625
1627
1627
1622
1622
1627
1619
1629
1623
1625
1624
1627
1623
1627
1624
1627
1625
1627
1624
1629
1623
1631
1627
1631
1628
1622
1617
1618
1611
1592
1559
1518
1479
1416
1366
1315
1262
1245
1289
1360
1438
1507
1554
1583
1609
1628
1636
1645
1653
1655
1660
1668
1667
1669
1669
1674
1674
1673
1672
1669
1669
1674
1679
1679
1679
1682
1680
1677
1679
1683
1680
1679
1683
1683
1682
1686
1687
1688
1687
1687
1686
1682
1682
1687
1679
1679
1676
1672
1667
1664
1660
1660
1655
1650
1650
1647
1640
1630
1630
1622
1621
1616
1615
1614
1614
1617
1617
1615
1616
1617
1619
1621
1621
1616
1612
1619
1621
1622
1619
1621
1617
1622
1621
1622
1617
1621
1619
1621
1622
1622
1616
1621
1621
1624
1622
1628
1629
1629
1629
1632
1627
1627
1624
1627
1628
1636
1636
1641
1643
1641
1648
1643
1643
1645
1645
1645
1641
1642
1638
1636
1634
1636
1635
1631
1630
1630
1628
1632
1630
1631
1629
1630
1627
1628
1629
1628
1627
1630
1627
1629
1628
1612
1617
1614
1618
1622
1622
1618
1616
1615
1590
1559
1525
1498
1432
1378
1314
1288
1269
1305
1366
1434
1494
1539
1571
1597
1619
1631
1640
1644
1648
1655
1661
1664
1664
1662
1664
1668
1668
1674
1670
1673
1676
1674
1674
1673
1679
1677
1681
1682
1681
1680
1681
1687
1683
1681
1680
1682
1686
1688
1681
1683
1687
1683
1681
1679
1676
1674
1674
1674
1668
1664
1659
1653
1645
1649
1642
1640
1631
1630
1624
1624
1619
1617
1614
1617
1615
1622
1618
1617
1615
1616
1617
1621
1617
1621
1616
1617
1622
1622
1621
1619
1619
1619
1621
1615
1618
1619
1621
1622
1623
1622
1621
1622
1623
1622
1624
1622
1624
1622
1623
1627
1631
1625
1625
1630
1630
1631
1630
1631
1634
1635
1632
1635
1630
1631
1632
1631
1630
1630
1630
1630
1631
1631
1630
1630
1628
1625
1629
1623
1624
1622
1624
1623
1623
1622
1624
1622
1622
1625
1628
1624
1625
1624
1624
1622
1622
1619
1622
1619
1622
1623
1622
1622
1624
1621
1623
1621
1624
1619
1625
1624
1624
1616
1616
1617
1621
1615
1621
1612
1615
1612
1617
1611
1612
1610
1614
1614
1616
1616
1612
1618
1622
1624
1624
1619
1617
1616
1616
1618
1619
1619
1621
1617
1617
1621
1617
1617
1617
1621
1619
1621
1622
1616
1611
1604
1580
1534
1481
1431
1374
1332
1289
1275
1289
1347
1421
1489
1541
1570
1597
1615
1631
1643
1644
1650
1657
1660
1666
1668
1669
1667
1668
1669
1676
1672
1669
1673
1672
1673
1679
1677
1675
1676
1683
1680
1679
1680
1679
1682
1683
1687
1686
1688
1685
1687
1688
1687
1681
1681
1685
1683
1680
1679
1673
1669
1670
1662
1659
1657
1655
1653
1645
1648
1636
1636
1628
1630
1624
1622
1602
1604
1615
1615
1618
1618
1621
1616
1617
1616
1617
1617
1617
1617
1622
1619
1623
1619
1622
1618
1623
1623
1624
1622
1622
1619
1622
1622
1623
1621
1622
1623
1629
1624
1627
1625
1631
1630
1631
1630
1634
1631
1635
1635
1637
1638
1638
1641
1640
1642
1643
1641
1642
1643
1644
1641
1637
1638
1641
1636
1637
1636
1636
1635
1642
1641
1638
1634
1635
1636
1634
1629
1627
1631
1627
1632
1631
1636
1627
1625
1624
1630
1627
1630
1624
1624
1619
1623
1619
1617
1612
1617
1618
1624
1619
1623
1625
1630
1627
1629
1623
1622
1622
1625
1622
1627
1625
1630
1625
1629
1623
1622
1625
1627
1627
1625
1624
1622
1622
1618
1616
1615
1597
1570
1532
1472
1416
1347
1288
1242
1236
1281
1361
1442
1515
1556
1592
1614
1629
1641
1645
1654
1660
1664
1663
1669
1669
1668
1673
1673
1667
1670
1672
1669
1676
1677
1675
1673
1679
1680
1680
1679
1679
1686
1687
1687
1687
1687
1686
1687
1686
1688
1683
1683
1683
1687
1683
1679
1681
1676
1675
1676
1664
1663
1662
1653
1655
1648
1645
1640
1635
1632
1629
1622
1617
1617
1617
1618
1618
1612
1612
1611
1615
1614
1622
1614
1621
1622
1624
1623
1622
1621
1623
1623
1624
1625
1624
1622
1622
1625
1623
1624
1624
1629
1627
1631
1631
1631
1629
1631
1631
1632
1628
1632
1630
1634
1636
1635
1636
1637
1636
1636
1638
1632
1636
1635
1636
1635
1632
1631
1631
1641
1637
1641
1636
1640
1635
1636
1638
1635
1634
1631
1638
1631
1631
1630
1631
1630
1637
1632
1635
1625
1631
1623
1624
1622
1622
1617
1624
1624
1630
1631
1631
1625
1630
1631
1629
1629
1627
1629
1628
1629
1625
1628
1627
1631
1631
1635
1634
1634
1630
1584
1598
1604
1611
1616
1619
1625
1624
1622
1596
1560
1514
1464
1404
1340
1272
1259
1255
1293
1370
1451
1518
1564
1597
1621
1636
1643
1650
1661
1667
1667
1669
1666
1669
1674
1676
1674
1677
1679
1680
1680
1680
1679
1681
1681
1682
1683
1685
1687
1688
1689
1688
1692
1689
1694
1687
1693
1687
1689
1690
1688
1692
1690
1686
1683
1681
1679
1679
1674
1673
1668
1664
1659
1657
1649
1644
1641
1636
1634
1630
1624
1624
1621
1624
1617
1616
1619
1621
1617
1619
1621
1622
1618
1621
1621
1625
1625
1629
1623
1630
1627
1627
1625
1628
1621
1623
1623
1623
1619
1624
1627
1629
1630
1627
1625
1625
1631
1630
1631
1631
1630
1630
1635
1635
1635
1634
1635
1635
1636
1636
1636
1636
1636
1641
1636
1642
1636
1638
1631
1635
1635
1636
1637
1635
1637
1636
1634
1630
1627
1624
1631
1630
1629
1627
1629
1624
1624
1622
1622
1621
1621
1624
1627
1625
1622
1624
1627
1629
1630
1630
1629
1630
1624
1631
1629
1627
1621
1624
1627
1630
1627
1628
1630
1631
1630
1630
1623
1622
1624
1624
1624
1616
1592
1560
1521
1487
1409
1350
1292
1257
1255
1309
1382
1450
1516
1556
1588
1606
1624
1636
1645
1654
1661
1666
1668
1673
1669
1667
1668
1669
1669
1673
1677
1679
1676
1676
1679
1681
1681
1681
1681
1683
1682
1683
1687
1692
1683
1688
1690
1687
1683
1687
1688
1685
1688
1690
1689
1682
1681
1679
1676
1675
1673
1667
1662
1656
1651
1650
1647
1641
1640
1636
1631
1629
1624
1622
1621
1617
1622
1619
1617
1616
1622
1624
1624
1623
1627
1622
1630
1628
1623
1622
1625
1623
1627
1629
1630
1630
1630
1627
1631
1630
1629
1629
1631
1630
1629
1627
1629
1630
1623
1624
1630
1634
1631
1638
1635
1641
1636
1641
1636
1632
1635
1635
1640
1634
1643
1641
1642
1641
1641
1640
1641
1641
1641
1637
1631
1636
1637
1641
1636
1641
1631
1634
1629
1628
1624
1627
1627
1631
1625
1627
1627
1631
1630
1636
1636
1634
1635
1634
1634
1635
1638
1635
1640
1636
1640
1636
1636
1630
1631
1632
1632
1630
1628
1631
1630
1630
1631
1629
1612
1589
1550
1511
1459
1398
1340
1302
1281
1301
1352
1422
1492
1541
1580
1604
1623
1641
1649
1659
1660
1664
1669
1673
1670
1677
1677
1674
1675
1677
1674
1679
1680
1676
1679
1686
1694
1686
1683
1686
1687
1687
1683
1688
1688
1689
1694
1692
1696
1694
1692
1693
1693
1688
1688
1688
1686
1682
1679
1677
1679
1668
1667
1669
1660
1660
1650
1649
1644
1641
1638
1631
1630
1624
1627
1624
1623
1621
1623
1621
1625
1623
1623
1622
1624
1624
1627
1629
1630
1625
1627
1629
1632
1630
1629
1627
1631
1631
1627
1627
1629
1625
1624
1630
1630
1630
1631
1632
1635
1635
1635
1636
1634
1635
1636
1638
1637
1635
1642
1640
1642
1637
1640
1641
1641
1642
1635
1638
1634
1641
1640
1640
1637
1637
1640
1640
1643
1640
1641
1637
1641
1636
1636
1634
1630
1623
1622
1624
1628
1628
1627
1635
1631
1640
1632
1632
1629
1636
1635
1636
1635
1632
1635
1634
1631
1635
1637
1636
1640
1636
1636
1636
1634
1630
1632
1631
1634
1630
1629
1627
1628
1608
1584
1535
1482
1416
1351
1294
1250
1238
1281
1360
1444
1516
1564
1592
1615
1637
1645
1657
1662
1666
1674
1675
1676
1677
1679
1681
1681
1683
1683
1683
1687
1688
1687
1685
1689
1688
1686
1688
1690
1692
1683
1696
1698
1698
1695
1700
1700
1696
1702
1690
1690
1689
1690
1695
1693
1689
1692
1688
1681
1679
1676
1670
1667
1660
1657
1657
1649
1643
1640
1644
1636
1638
1631
1630
1624
1624
1624
1627
1624
1628
1624
1630
1631
1630
1627
1629
1631
1632
1632
1631
1635
1632
1635
1634
1632
1631
1637
1636
1641
1640
1641
1640
1640
1640
1638
1638
1636
1636
1635
1641
1640
1641
1643
1644
1645
1645
1643
1643
1644
1645
1643
1645
1642
1641
1643
1645
1645
1641
1640
1638
1640
1641
1643
1641
1636
1634
1632
1635
1632
1630
1627
1630
1631
1635
1635
1634
1627
1631
1631
1636
1634
1635
1636
1634
1636
1635
1636
1635
1637
1632
1638
1631
1634
1630
1632
1635
1636
1631
1629
1632
1631
1636
1628
1627
1608
1574
1535
1488
1408
1350
1300
1261
1245
1272
1346
1436
1508
1560
1595
1611
1629
1641
1650
1660
1668
1670
1672
1677
1674
1679
1675
1677
1675
1681
1681
1680
1681
1685
1687
1682
1687
1692
1687
1688
1688
1693
1689
1687
1687
1695
1693
1693
1696
1688
1688
1689
1692
1688
1688
1687
1687
1687
1679
1679
1672
1668
1667
1661
1659
1648
1645
1643
1641
1635
1632
1628
1622
1618
1621
1619
1617
1614
1622
1621
1627
1622
1623
1624
1627
1627
1630
1624
1625
1627
1628
1627
1623
1625
1623
1623
1622
1630
1627
1630
1627
1631
1627
1634
1629
1635
1631
1635
1632
1632
1635
1635
1640
1640
1636
1635
1635
1637
1640
1641
1640
1641
1636
1642
1637
1640
1635
1641
1640
1641
1640
1635
1634
1634
1636
1638
1632
1629
1631
1630
1629
1623
1624
1622
1627
1624
1631
1630
1630
1629
1635
1631
1635
1631
1631
1631
1632
1635
1631
1634
1629
1632
1632
1631
1624
1630
1625
1630
1630
1632
1631
1634
1630
1631
1630
1622
1628
1584
1550
1494
1436
1370
1318
1270
1263
1289
1358
1428
1498
1544
1584
1608
1627
1640
1648
1655
1660
1663
1668
1672
1668
1668
1674
1673
1673
1677
1676
1676
1681
1679
1677
1676
1676
1680
1685
1683
1686
1689
1694
1688
1687
1689
1688
1690
1688
1693
1688
1688
1692
1689
1689
1688
1687
1685
1682
1679
1668
1663
1660
1659
1660
1650
1650
1643
1642
1636
1637
1630
1622
1621
1621
1619
1621
1612
1616
1615
1622
1616
1621
1619
1623
1622
1629
1627
1629
1621
1624
1617
1621
1622
1622
1624
1624
1627
1631
1628
1627
1622
1623
1624
1628
1623
1627
1624
1632
1627
1630
1630
1630
1631
1631
1635
1635
1636
1630
1635
1634
1636
1631
1637
1638
1641
1641
1638
1641
1635
1636
1636
1635
1630
1631
1630
1638
1634
1632
1635
1632
1630
1629
1631
1630
1628
1630
1630
1629
1624
1619
1619
1616
1618
1616
1621
1621
1624
1624
1629
1625
1627
1624
1627
1627
1630
1628
1627
1629
1631
1631
1630
1627
1624
1622
1622
1624
1627
1628
1631
1630
1629
1623
1624
1622
1621
1614
1593
1559
1507
1456
1406
1363
1300
1257
1267
1319
1386
1464
1525
1564
1591
1612
1629
1635
1642
1651
1659
1662
1666
1667
1663
1663
1663
1669
1673
1669
1670
1670
1679
1677
1680
1673
1673
1676
1677
1677
1677
1677
1683
1688
1688
1688
1687
1686
1680
1681
1681
1687
1683
1685
1682
1682
1679
1676
1672
1669
1663
1669
1662
1654
1657
1645
1643
1640
1636
1632
1631
1628
1627
1621
1619
1616
1621
1621
1622
1618
1617
1615
1622
1617
1629
1624
1625
1624
1630
1625
1624
1627
1627
1625
1627
1623
1625
1622
1623
1623
1629
1625
1631
1627
1629
1630
1630
1627
1631
1631
1631
1623
1631
1640
1640
1643
1641
1641
1637
1640
1640
1640
1640
1636
1637
1638
1640
1637
1645
1636
1635
1632
1638
1638
1636
1636
1636
1631
1627
1630
1624
1621
1624
1627
1631
1635
1631
1634
1631
1631
1631
1632
1627
1631
1630
1635
1630
1631
1630
1631
1631
1635
1634
1635
1631
1630
1631
1632
1635
1628
1631
1632
1630
1625
1623
1612
1586
1559
1518
1453
1395
1340
1292
1264
1288
1346
1416
1488
1541
1579
1602
1622
1636
1642
1654
1659
1662
1667
1668
1669
1674
1672
1669
1673
1673
1677
1681
1677
1676
1675
1680
1680
1679
1677
1679
1682
1687
1687
1686
1687
1683
1682
1687
1687
1687
1685
1687
1692
1688
1685
1683
1683
1682
1677
1669
1664
1664
1662
1660
1659
1649
1649
1636
1636
1634
1631
1627
1627
1622
1623
1616
1617
1616
1614
1619
1622
1622
1617
1617
1622
1622
1622
1622
1627
1625
1627
1623
1630
1623
1630
1625
1628
1623
1625
1623
1624
1627
1634
1634
1631
1624
1630
1627
1630
1630
1631
1634
1632
1641
1631
1635
1631
1636
1635
1637
1636
1640
1640
1640
1641
1636
1635
1632
1636
1635
1638
1640
1636
1641
1635
1638
1631
1634
1629
1627
1630
1630
1630
1629
1629
1634
1630
1630
1623
1624
1622
1621
1621
1617
1619
1617
1622
1622
1630
1624
1630
1624
1630
1627
1635
1625
1631
1625
1635
1629
1631
1625
1631
1630
1631
1631
1628
1629
1629
1627
1627
1630
1625
1628
1621
1624
1615
1588
1553
1512
1450
1403
1354
1287
1259
1261
1320
1403
1482
1537
1574
1603
1625
1641
1654
1657
1661
1663
1670
1673
1669
1673
1677
1676
1677
1677
1677
1685
1683
1683
1682
1685
1688
1685
1688
1692
1690
1688
1688
1688
1688
1692
1688
1688
1693
1698
1698
1679
1664
1673
1679
1681
1681
1677
1679
1679
1679
1677
1667
1662
1656
1660
1650
1649
1641
1641
1635
1630
1630
1627
1622
1624
1625
1627
1628
1630
1628
1629
1627
1624
1625
1624
1628
1630
1631
1625
1630
1630
1631
1631
1632
1629
1631
1630
1634
1636
1635
1630
1635
1631
1632
1632
1635
1634
1636
1638
1640
1638
1634
1636
1636
1636
1640
1641
1640
1641
1645
1644
1645
1640
1641
1641
1643
1640
1640
1637
1637
1641
1641
1641
1632
1636
1630
1631
1622
1624
1623
1624
1627
1631
1631
1630
1627
1630
1631
1634
1636
1636
1635
1631
1636
1630
1627
1627
1630
1629
1631
1631
1630
1630
1631
1630
1630
1630
1631
1629
1629
1627
1625
1611
1589
1561
1516
1461
1408
1347
1306
1274
1282
1309
1385
1463
1520
1564
1595
1612
1630
1645
1653
1660
1662
1666
1664
1667
1667
1676
1674
1673
1670
1681
1677
1676
1676
1676
1680
1683
1681
1680
1675
1683
1683
1686
1686
1688
1687
1688
1687
1695
1692
1692
1689
1692
1688
1683
1681
1680
1683
1680
1675
1677
1670
1669
1663
1659
1655
1647
1642
1640
1636
1631
1628
1621
1624
1622
1625
1621
1621
1618
1621
1623
1624
1622
1622
1621
1622
1624
1628
1627
1624
1630
1627
1630
1630
1628
1622
1624
1627
1630
1629
1630
1630
1629
1628
1630
1628
1629
1630
1635
1636
1635
1634
1635
1640
1636
1641
1638
1640
1638
1643
1643
1643
1645
1642
1643
1641
1638
1642
1638
1642
1641
1649
1641
1640
1638
1638
1640
1636
1638
1640
1637
1638
1638
1635
1631
1625
1631
1629
1630
1627
1629
1630
1635
1634
1631
1630
1631
1631
1634
1636
1632
1636
1636
1640
1635
1637
1635
1634
1630
1635
1636
1631
1635
1632
1634
1631
1632
1627
1610
1629
1631
1616
1589
1560
1511
1459
1384
1330
1283
1264
1280
1346
1421
1489
1541
1579
1603
1624
1645
1650
1654
1660
1668
1672
1669
1669
1673
1676
1676
1679
1679
1681
1683
1681
1687
1681
1683
1685
1682
1686
1689
1689
1688
1688
1693
1696
1694
1692
1693
1696
1693
1696
1692
1692
1690
1690
1694
1688
1683
1685
1681
1679
1674
1670
1666
1657
1657
1653
1649
1642
1641
1640
1640
1630
1630
1627
1623
1622
1622
1625
1622
1621
1624
1625
1624
1627
1627
1629
1625
1629
1630
1629
1624
1630
1627
1630
1629
1627
1624
1627
1625
1631
1631
1631
1630
1635
1635
1634
1628
1631
1630
1630
1634
1636
1636
1632
1640
1640
1641
1634
1641
1645
1645
1649
1643
1643
1641
1642
1647
1641
1642
1640
1645
1640
1638
1640
1640
1640
1635
1640
1636
1634
1625
1629
1623
1629
1627
1631
1630
1631
1634
1632
1631
1631
1631
1631
1635
1635
1635
1631
1632
1632
1641
1636
1634
1631
1634
1632
1632
1631
1629
1630
1631
1640
1634
1634
1628
1630
1622
1615
1583
1534
1483
1432
1389
1321
1283
1274
1301
1370
1445
1511
1558
1584
1608
1630
1645
1650
1660
1662
1667
1668
1674
1669
1670
1673
1676
1681
1681
1681
1681
1683
1683
1680
1681
1682
1683
1685
1693
1692
1692
1688
1688
1693
1690
1692
1690
1696
1694
1695
1694
1687
1690
1688
1688
1689
1688
1681
1676
1677
1675
1668
1667
1660
1657
1650
1645
1643
1637
1638
1634
1632
1625
1627
1621
1627
1624
1623
1622
1629
1622
1627
1629
1630
1627
1631
1631
1631
1631
1630
1630
1631
1631
1631
1634
1631
1632
1634
1638
1635
1635
1632
1636
1634
1632
1632
1635
1636
1638
1636
1640
1643
1640
1641
1640
1641
1641
1641
1645
1631
1616
1622
1634
1636
1641
1643
1645
1645
1642
1645
1643
1645
1642
1641
1643
1640
1641
1632
1636
1632
1640
1632
1638
1635
1632
1631
1634
1622
1630
1627
1630
1629
1630
1632
1635
1636
1631
1636
1640
1640
1635
1638
1634
1634
1631
1636
1631
1632
1634
1637
1640
1641
1642
1643
1634
1634
1634
1630
1635
1629
1629
1619
1604
1554
1513
1456
1390
1339
1288
1251
1245
1308
1385
1475
1534
1574
1603
1623
1641
1655
1662
1669
1673
1677
1681
1679
1673
1675
1677
1679
1681
1683
1683
1682
1687
1688
1685
1687
1688
1689
1690
1688
1694
1689
1694
1693
1695
1695
1698
1693
1698
1699
1696
1696
1694
1693
1692
1688
1687
1686
1685
1681
1674
1669
1668
1660
1655
1655
1649
1647
1641
1640
1628
1630
1623
1623
1614
1623
1619
1627
1623
1630
1624
1630
1624
1631
1624
1630
1625
1631
1635
1636
1637
1632
1636
1632
1630
1630
1635
1631
1635
1636
1638
1635
1634
1635
1641
1640
1638
1640
1640
1640
1641
1640
1643
1642
1647
1645
1643
1643
1641
1641
1638
1645
1643
1643
1643
1642
1643
1643
1642
1641
1643
1641
1643
1645
1640
1637
1634
1634
1631
1628
1623
1622
1625
1625
1634
1631
1631
1629
1638
1638
1641
1636
1638
1631
1632
1630
1631
1635
1631
1635
1632
1636
1634
1631
1635
1632
1637
1635
1638
1637
1637
1631
1631
1628
1617
1591
1548
1502
1453
1396
1340
1290
1272
1280
1338
1418
1488
1551
1584
1609
1634
1645
1655
1664
1669
1673
1673
1675
1679
1679
1683
1677
1680
1680
1683
1686
1690
1683
1689
1688
1692
1685
1687
1694
1693
1692
1695
1698
1694
1696
1699
1698
1694
1698
1698
1696
1698
1696
1694
1694
1690
1692
1687
1681
1673
1673
1712
1696
1687
1669
1664
1656
1651
1650
1636
1630
1629
1631
1630
1627
1625
1632
1631
1631
1624
1629
1624
1629
1631
1631
1631
1631
1625
1627
1629
1635
1630
1632
1635
1635
1632
1627
1638
1635
1632
1632
1641
1634
1634
1632
1640
1641
1638
1636
1637
1641
1637
1645
1638
1644
1643
1648
1649
1645
1645
1644
1648
1643
1645
1645
1643
1642
1642
1644
1641
1640
1640
1641
1643
1643
1641
1635
1636
1634
1635
1629
1630
1629
1631
1635
1636
1638
1640
1635
1631
1637
1636
1632
1634
1636
1636
1640
1638
1640
1641
1641
1641
1640
1638
1631
1638
1637
1636
1640
1636
1636
1629
1631
1628
1622
1598
1565
1532
1486
1423
1371
1309
1274
1267
1333
1398
1468
1528
1570
1598
1619
1634
1645
1654
1664
1669
1670
1669
1674
1677
1674
1676
1679
1679
1679
1683
1687
1687
1680
1683
1687
1688
1687
1687
1687
1687
1688
1693
1694
1690
1693
1696
1698
1688
1692
1693
1693
1693
1688
1692
1688
1683
1683
1685
1679
1674
1669
1668
1664
1656
1654
1647
1643
1640
1632
1625
1627
1622
1624
1622
1624
1622
1623
1622
1622
1625
1622
1623
1622
1625
1624
1627
1629
1630
1627
1628
1627
1631
1624
1631
1630
1630
1625
1629
1629
1628
1631
1631
1636
1632
1632
1631
1640
1634
1635
1638
1636
1640
1636
1642
1636
1643
1642
1643
1641
1645
1647
1643
1645
1644
1649
1648
1640
1642
1640
1645
1644
1644
1643
1644
1642
1636
1638
1634
1634
1631
1636
1631
1634
1636
1635
1631
1632
1630
1627
1627
1630
1630
1635
1635
1631
1631
1631
1638
1638
1636
1635
1638
1638
1637
1640
1635
1637
1634
1636
1636
1635
1631
1636
1638
1635
1632
1635
1638
1636
1636
1630
1631
1606
1577
1545
1512
1516
1430
1382
1340
1309
1335
1391
1460
1522
1567
1598
1612
1631
1644
1654
1662
1669
1669
1669
1673
1677
1679
1679
1679
1676
1679
1679
1680
1681
1683
1689
1688
1687
1688
1683
1690
1695
1690
1693
1695
1694
1696
1692
1698
1695
1698
1693
1698
1699
1696
1695
1694
1688
1688
1687
1682
1675
1675
1669
1672
1664
1656
1659
1650
1645
1640
1635
1631
1629
1627
1627
1629
1625
1623
1627
1624
1630
1630
1631
1627
1630
1630
1629
1627
1628
1631
1631
1631
1629
1628
1627
1631
1632
1632
1631
1630
1630
1634
1632
1634
1632
1631
1631
1634
1636
1632
1636
1634
1636
1641
1640
1643
1640
1641
1638
1645
1644
1641
1641
1643
1644
1644
1649
1650
1644
1641
1640
1638
1636
1640
1640
1636
1640
1634
1631
1630
1625
1627
1636
1629
1635
1634
1636
1631
1634
1630
1632
1631
1632
1634
1636
1638
1636
1637
1635
1635
1631
1631
1630
1634
1634
1631
1636
1635
1636
1630
1631
1628
1631
1627
1628
1606
1567
1537
1485
1445
1374
1313
1277
1283
1318
1388
1464
1521
1563
1596
1617
1636
1649
1655
1662
1667
1670
1669
1673
1674
1676
1679
1681
1680
1676
1675
1679
1682
1683
1682
1681
1683
1687
1688
1683
1683
1692
1696
1693
1694
1693
1688
1690
1692
1693
1696
1698
1696
1696
1696
1688
1683
1682
1679
1673
1677
1672
1663
1662
1660
1659
1648
1644
1645
1640
1635
1634
1635
1630
1627
1627
1628
1625
1623
1623
1627
1627
1630
1627
1630
1625
1632
1627
1635
1630
1635
1631
1640
1636
1635
1636
1634
1635
1632
1632
1631
1631
1630
1635
1636
1636
1637
1636
1640
1640
1645
1642
1649
1643
1644
1642
1645
1643
1641
1647
1648
1650
1648
1649
1645
1641
1642
1642
1643
1640
1546
1584
1604
1623
1624
1632
1634
1638
1636
1640
1637
1635
1636
1637
1631
1624
1625
1625
1631
1629
1632
1630
1634
1634
1640
1636
1635
1637
1636
1636
1635
1635
1635
1637
1637
1643
1641
1636
1638
1638
1635
1631
1635
1631
1637
1631
1637
1632
1631
1625
1622
1593
1564
1499
1437
1377
1321
1276
1256
1262
1320
1415
1494
1553
1589
1612
1636
1648
1656
1664
1669
1669
1673
1679
1680
1677
1681
1682
1686
1689
1687
1683
1687
1687
1688
1687
1688
1692
1693
1692
1698
1696
1693
1693
1694
1698
1698
1695
1696
1699
1698
1699
1698
1696
1695
1693
1693
1688
1682
1681
1679
1673
1669
1663
1662
1659
1654
1651
1645
1642
1634
1631
1636
1630
1624
1624
1624
1623
1630
1627
1631
1621
1624
1624
1631
1631
1634
1631
1631
1631
1635
1634
1629
1632
1636
1636
1634
1635
1630
1635
1634
1638
1638
1635
1637
1640
1641
1635
1638
1632
1640
1635
1640
1643
1640
1645
1647
1649
1644
1645
1644
1641
1643
1642
1644
1642
1640
1641
1641
1641
1636
1637
1638
1640
1640
1642
1640
1635
1631
1629
1629
1623
1623
1628
1631
1631
1635
1631
1632
1631
1629
1635
1630
1631
1628
1631
1629
1636
1631
1635
1631
1638
1638
1635
1635
1632
1635
1631
1632
1631
1634
1632
1636
1634
1634
1622
1608
1567
1537
1470
1408
1347
1295
1270
1275
1316
1383
1460
1525
1567
1598
1617
1638
1650
1660
1667
1669
1669
1673
1675
1674
1675
1675
1680
1679
1679
1683
1683
1687
1687
1687
1687
1690
1688
1686
1686
1687
1694
1694
1694
1696
1698
1694
1695
1696
1700
1693
1694
1694
1694
1692
1688
1688
1688
1683
1679
1676
1672
1667
1663
1657
1650
1653
1642
1643
1638
1634
1631
1624
1622
1625
1622
1622
1621
1622
1623
1625
1624
1624
1630
1632
1629
1631
1632
1627
1632
1631
1630
1625
1625
1627
1630
1630
1634
1631
1631
1631
1635
1636
1636
1631
1635
1634
1634
1635
1630
1635
1641
1641
1643
1643
1641
1641
1645
1647
1648
1645
1645
1649
1643
1655
1643
1643
1641
1643
1643
1641
1641
1641
1642
1640
1640
1641
1641
1640
1638
1637
1634
1631
1630
1634
1630
1631
1630
1630
1629
1635
1632
1634
1631
1634
1635
1636
1637
1635
1641
1631
1635
1631
1632
1630
1632
1634
1635
1631
1634
1631
1632
1635
1640
1636
1631
1631
1631
1631
1621
1596
1561
1521
1470
1416
1354
1303
1267
1275
1338
1402
1473
1530
1572
1601
1622
1636
1643
1650
1660
1660
1663
1668
1673
1673
1677
1676
1673
1677
1675
1674
1679
1676
1677
1679
1679
1681
1687
1688
1682
1681
1683
1687
1686
1687
1692
1692
1687
1687
1692
1688
1683
1688
1692
1688
1683
1679
1676
1675
1676
1669
1669
1661
1655
1656
1654
1650
1642
1636
1632
1628
1623
1624
1616
1615
1614
1621
1616
1616
1616
1622
1619
1622
1621
1622
1622
1623
1623
1624
1619
1622
1618
1624
1627
1624
1624
1624
1622
1622
1623
1624
1625
1627
1627
1627
1625
1630
1630
1634
1634
1632
1632
1631
1635
1636
1641
1641
1641
1641
1640
1640
1638
1638
1635
1640
1641
1641
1644
1640
1641
1641
1640
1640
1636
1635
1632
1636
1635
1638
1632
1634
1627
1628
1635
1623
1619
1624
1623
1631
1630
1634
1627
1631
1630
1632
1631
1634
1632
1631
1631
1631
1627
1627
1630
1630
1631
1636
1631
1631
1632
1631
1635
1630
1630
1627
1631
1630
1628
1623
1616
1592
1548
1521
1473
1406
1353
1307
1295
1299
1360
1427
1488
1544
1577
1624
1649
1650
1661
1664
1668
1664
1669
1668
1672
1676
1673
1674
1674
1679
1676
1675
1674
1679
1679
1680
1682
1683
1687
1685
1683
1685
1690
1692
1688
1692
1690
1693
1692
1690
1690
1694
1696
1695
1692
1688
1687
1683
1683
1683
1675
1673
1669
1666
1661
1659
1657
1647
1645
1641
1636
1631
1627
1627
1625
1625
1623
1624
1621
1623
1624
1629
1631
1625
1624
1630
1630
1630
1625
1631
1627
1635
1635
1634
1630
1628
1630
1630
1630
1629
1631
1631
1631
1627
1631
1631
1632
1632
1636
1638
1637
1632
1638
1635
1640
1640
1636
1636
1640
1643
1636
1643
1640
1645
1645
1645
1642
1641
1640
1640
1641
1640
1637
1641
1641
1644
1642
1641
1638
1636
1636
1636
1636
1630
1627
1624
1625
1622
1624
1627
1630
1631
1636
1636
1630
1628
1630
1631
1634
1632
1630
1635
1632
1641
1636
1634
1627
1631
1636
1637
1636
1632
1631
1629
1631
1630
1630
1627
1632
1630
1630
1616
1593
1559
1513
1459
1386
1318
1269
1256
1263
1343
1421
1503
1554
1590
1615
1634
1642
1654
1660
1668
1676
1673
1673
1677
1679
1677
1679
1681
1680
1680
1679
1683
1681
1683
1687
1694
1687
1688
1688
1688
1689
1692
1693
1695
1694
1692
1700
1698
1699
1696
1699
1695
1694
1693
1692
1688
1688
1683
1683
1679
1675
1668
1660
1655
1655
1654
1649
1645
1641
1641
1638
1635
1631
1630
1630
1629
1625
1624
1627
1625
1629
1630
1634
1631
1631
1628
1635
1636
1634
1632
1631
1640
1634
1636
1632
1636
1636
1636
1638
1638
1636
1637
1641
1640
1641
1640
1641
1640
1643
1641
1641
1643
1645
1654
1654
1649
1650
1645
1648
1648
1650
1650
1645
1653
1650
1650
1649
1645
1649
1648
1648
1645
1650
1668
1653
1650
1640
1635
1631
1631
1635
1636
1636
1643
1637
1637
1636
1640
1641
1637
1641
1641
1640
1637
1640
1641
1641
1641
1636
1636
1634
1640
1640
1643
1637
1638
1636
1636
1637
1635
1636
1634
1635
1621
1589
1541
1488
1431
1361
1313
1264
1243
1253
1335
1430
1513
1559
1593
1622
1638
1654
1662
1669
1675
1677
1679
1677
1680
1679
1681
1687
1687
1688
1686
1687
1692
1686
1692
1692
1693
1696
1695
1698
1700
1701
1698
1698
1700
1698
1698
1698
1701
1700
1700
1702
1700
1699
1695
1692
1693
1688
1686
1686
1681
1673
1673
1667
1663
1660
1655
1651
1645
1643
1636
1634
1630
1627
1627
1627
1627
1629
1631
1631
1635
1630
1635
1636
1635
1635
1634
1634
1635
1637
1634
1635
1631
1632
1635
1635
1632
1636
1636
1636
1641
1640
1644
1634
1638
1641
1642
1642
1640
1644
1643
1643
1644
1645
1643
1643
1648
1649
1648
1645
1649
1651
1649
1650
1649
1643
1643
1648
1650
1647
1645
1643
1640
1636
1634
1632
1628
1630
1631
1638
1638
1641
1643
1645
1642
1640
1638
1636
1635
1635
1641
1641
1637
1640
1640
1641
1640
1638
1638
1636
1637
1640
1638
1636
1638
1635
1636
1634
1636
1630
1631
1608
1574
1539
1496
1419
1363
1290
1269
1250
1309
1385
1463
1528
1574
1602
1624
1643
1656
1662
1667
1669
1673
1677
1677
1681
1682
1683
1682
1683
1688
1688
1687
1690
1690
1693
1688
1692
1693
1693
1688
1694
1698
1698
1693
1698
1698
1696
1700
1700
1701
1700
1702
1699
1696
1693
1696
1689
1689
1682
1681
1681
1675
1669
1667
1659
1654
1649
1653
1642
1643
1636
1636
1634
1632
1635
1631
1630
1625
1630
1629
1631
1630
1631
1631
1638
1632
1636
1634
1638
1630
1623
1631
1629
1635
1636
1638
1635
1632
1631
1636
1638
1638
1636
1640
1640
1637
1643
1641
1640
1632
1640
1641
1641
1642
1641
1645
1645
1654
1654
1649
1653
1649
1649
1649
1648
1649
1647
1653
1645
1645
1643
1643
1644
1648
1647
1643
1643
1638
1640
1636
1636
1630
1632
1635
1640
1644
1640
1636
1634
1640
1637
1641
1640
1641
1640
1636
1641
1634
1636
1631
1636
1636
1640
1638
1641
1632
1636
1638
1638
1641
1631
1636
1636
1635
1631
1621
1592
1540
1501
1437
1367
1318
1283
1272
1300
1365
1441
1506
1556
1592
1614
1635
1645
1655
1660
1662
1670
1673
1680
1677
1679
1679
1680
1679
1681
1680
1682
1682
1685
1682
1689
1692
1687
1687
1688
1689
1695
1690
1693
1690
1687
1689
1693
1696
1692
1693
1692
1694
1689
1687
1686
1683
1679
1683
1681
1676
1674
1664
1660
1657
1650
1645
1648
1644
1640
1637
1631
1631
1625
1623
1617
1623
1617
1621
1621
1624
1623
1625
1624
1630
1629
1631
1632
1629
1627
1630
1630
1631
1631
1627
1629
1629
1630
1627
1630
1627
1631
1631
1631
1631
1631
1625
1629
1632
1637
1636
1631
1638
1638
1643
1636
1642
1640
1637
1640
1644
1643
1641
1645
1641
1645
1640
1641
1640
1640
1642
1641
1640
1636
1636
1640
1640
1640
1631
1631
1629
1627
1630
1624
1624
1627
1627
1631
1631
1631
1630
1631
1631
1632
1634
1631
1634
1632
1634
1631
1634
1632
1637
1632
1634
1631
1630
1627
1631
1632
1631
1635
1630
1634
1630
1630
1625
1611
1586
1550
1503
1454
1391
1333
1281
1280
1303
1370
1441
1506
1556
1589
1612
1629
1640
1654
1659
1662
1669
1669
1668
1679
1680
1680
1676
1676
1679
1679
1679
1679
1681
1683
1668
1713
1711
1700
1692
1690
1695
1692
1693
1694
1694
1696
1689
1690
1694
1688
1688
1688
1690
1685
1688
1687
1681
1679
1679
1675
1668
1664
1660
1659
1653
1650
1643
1641
1636
1634
1629
1624
1622
1622
1622
1625
1618
1622
1622
1623
1623
1627
1622
1627
1627
1632
1631
1634
1630
1630
1630
1630
1631
1630
1629
1631
1635
1630
1636
1630
1634
1630
1631
1627
1630
1630
1636
1636
1635
1632
1630
1632
1636
1641
1640
1643
1640
1640
1641
1641
1640
1636
1641
1636
1643
1640
1643
1640
1641
1638
1643
1637
1629
1631
1632
1632
1634
1638
1631
1632
1627
1627
1624
1622
1618
1628
1627
1631
1627
1629
1624
1624
1624
1631
1624
1627
1628
1631
1631
1630
1631
1624
1629
1630
1630
1627
1631
1631
1634
1630
1630
1629
1625
1623
1627
1621
1616
1603
1586
1539
1505
1456
1378
1318
1277
1262
1283
1346
1422
1502
1552
1584
1608
1627
1643
1650
1653
1661
1664
1662
1669
1674
1673
1676
1679
1677
1676
1677
1677
1679
1677
1683
1679
1681
1683
1683
1683
1688
1692
1687
1685
1687
1688
1682
1685
1683
1688
1694
1694
1699
1693
1685
1682
1679
1675
1676
1670
1667
1664
1662
1660
1655
1645
1642
1636
1636
1629
1625
1618
1624
1622
1622
1618
1619
1618
1621
1622
1622
1629
1621
1622
1624
1622
1625
1623
1622
1624
1625
1624
1623
1622
1625
1624
1631
1631
1631
1628
1629
1627
1629
1627
1627
1631
1631
1635
1636
1636
1638
1637
1637
1641
1638
1632
1636
1635
1638
1635
1638
1636
1641
1644
1644
1643
1634
1634
1640
1642
1641
1638
1635
1636
1634
1630
1627
1627
1624
1627
1631
1631
1635
1631
1638
1631
1635
1628
1635
1631
1631
1635
1636
1635
1634
1635
1631
1668
1673
1657
1649
1647
1641
1640
1632
1631
1635
1632
1631
1631
1627
1623
1608
1579
1544
1503
1442
1389
1312
1270
1254
1276
1350
1428
1501
1551
1588
1610
1629
1642
1654
1662
1664
1664
1668
1673
1674
1677
1677
1676
1677
1686
1680
1679
1679
1677
1679
1681
1682
1681
1686
1690
1693
1693
1693
1692
1693
1692
1698
1694
1689
1692
1695
1695
1692
1688
1688
1682
1677
1677
1677
1673
1670
1668
1667
1659
1645
1644
1640
1640
1635
1635
1627
1627
1624
1627
1622
1622
1616
1615
1616
1618
1621
1624
1623
1623
1624
1627
1623
1622
1624
1625
1629
1623
1622
1622
1622
1621
1624
1622
1622
1630
1627
1629
1625
1627
1623
1627
1622
1625
1625
1634
1634
1640
1637
1636
1632
1635
1635
1631
1636
1634
1631
1630
1632
1630
1635
1631
1630
1630
1630
1627
1627
1630
1630
1629
1625
1625
1621
1622
1624
1627
1630
1635
1635
1635
1634
1635
1634
1625
1627
1623
1625
1623
1627
1627
1630
1627
1631
1631
1627
1630
1632
1631
1629
1623
1624
1622
1625
1624
1625
1622
1619
1604
1583
1550
1507
1436
1377
1333
1298
1266
1295
1347
1421
1496
1544
1580
1605
1618
1635
1643
1648
1654
1655
1660
1668
1667
1664
1668
1669
1673
1673
1674
1676
1676
1677
1677
1683
1680
1676
1677
1680
1680
1682
1686
1681
1683
1688
1687
1681
1681
1683
1686
1685
1687
1689
1681
1679
1679
1674
1673
1673
1668
1664
1662
1656
1654
1643
1641
1636
1636
1628
1627
1621
1622
1621
1621
1615
1616
1616
1615
1621
1618
1617
1615
1619
1616
1625
1624
1625
1622
1624
1624
1625
1624
1622
1625
1629
1623
1625
1629
1625
1627
1630
1630
1629
1630
1629
1631
1627
1634
1635
1636
1632
1621
1556
1586
1603
1618
1623
1625
1629
1631
1632
1635
1642
1641
1641
1636
1635
1635
1636
1636
1635
1635
1635
1637
1635
1641
1630
1631
1627
1630
1628
1634
1627
1624
1625
1629
1624
1622
1619
1622
1623
1624
1624
1627
1624
1630
1630
1635
1631
1631
1627
1631
1630
1630
1630
1629
1630
1630
1631
1634
1629
1629
1631
1631
1634
1630
1631
1627
1630
1625
1627
1619
1601
1573
1532
1483
1417
1367
1322
1293
1266
1314
1376
1443
1513
1560
1586
1610
1623
1640
1649
1657
1660
1664
1664
1668
1672
1669
1668
1672
1668
1672
1674
1673
1677
1679
1682
1683
1677
1679
1680
1683
1679
1680
1679
1688
1681
1683
1683
1687
1683
1683
1683
1687
1683
1685
1682
1677
1680
1679
1677
1669
1664
1662
1659
1655
1655
1645
1641
1634
1634
1628
1624
1617
1622
1614
1616
1612
1619
1617
1618
1617
1621
1612
1614
1617
1621
1621
1621
1621
1623
1621
1625
1627
1630
1622
1624
1628
1630
1627
1627
1624
1627
1623
1628
1629
1627
1628
1628
1631
1627
1631
1630
1631
1631
1640
1636
1637
1635
1636
1642
1637
1640
1634
1636
1635
1638
1636
1641
1638
1638
1641
1638
1634
1631
1634
1630
1635
1632
1630
1628
1625
1625
1622
1618
1622
1625
1629
1627
1630
1629
1629
1627
1631
1631
1631
1631
1630
1631
1630
1635
1631
1629
1629
1635
1631
1631
1630
1632
1635
1631
1634
1630
1631
1631
1631
1629
1624
1617
1601
1569
1515
1476
1416
1358
1294
1281
1283
1320
1397
1481
1535
1576
1601
1618
1638
1645
1656
1663
1668
1669
1674
1677
1674
1674
1676
1676
1679
1679
1679
1680
1681
1679
1683
1683
1687
1681
1687
1688
1688
1689
1693
1693
1693
1688
1693
1694
1696
1699
1694
1695
1689
1651
1664
1664
1673
1674
1669
1669
1669
1667
1667
1662
1660
1653
1645
1643
1638
1636
1627
1623
1624
1621
1624
1627
1629
1627
1624
1623
1625
1624
1621
1625
1625
1629
1631
1631
1631
1631
1636
1634
1632
1632
1629
1631
1630
1631
1632
1631
1631
1636
1635
1636
1634
1631
1631
1635
1636
1636
1638
1638
1641
1643
1640
1640
1640
1641
1641
1647
1644
1645
1642
1645
1644
1640
1637
1635
1640
1636
1641
1636
1638
1636
1640
1640
1637
1630
1631
1632
1631
1627
1624
1629
1624
1624
1627
1635
1627
1632
1631
1636
1634
1635
1634
1631
1631
1636
1636
1635
1635
1630
1636
1634
1635
1632
1634
1631
1634
1638
1634
1632
1628
1630
1625
1624
1619
1614
1586
1550
1518
1443
1371
1319
1281
1261
1283
1348
1428
1507
1556
1585
1611
1631
1645
1655
1663
1663
1667
1673
1673
1673
1674
1674
1675
1679
1681
1681
1683
1681
1679
1679
1683
1687
1687
1686
1688
1689
1689
1688
1692
1692
1693
1696
1700
1696
1694
1692
1695
1692
1688
1688
1687
1687
1683
1683
1677
1674
1669
1666
1662
1659
1654
1650
1645
1641
1631
1630
1622
1621
1622
1621
1621
1622
1619
1623
1622
1622
1621
1623
1622
1627
1622
1627
1622
1624
1627
1630
1627
1630
1625
1631
1625
1635
1635
1634
1630
1632
1631
1634
1631
1631
1635
1635
1636
1636
1642
1640
1636
1638
1636
1641
1635
1637
1640
1643
1645
1647
1647
1645
1649
1645
1645
1641
1641
1642
1643
1643
1640
1640
1637
1640
1640
1636
1634
1627
1631
1630
1630
1627
1625
1625
1631
1634
1635
1631
1634
1631
1635
1636
1637
1640
1635
1635
1635
1637
1634
1636
1634
1634
1631
1634
1631
1641
1636
1641
1642
1640
1632
1631
1630
1630
1625
1700
1649
1601
1557
1488
1414
1340
1292
1254
1241
1327
1396
1475
1537
1579
1605
1627
1642
1650
1660
1666
1668
1674
1674
1674
1676
1680
1676
1677
1681
1683
1683
1687
1687
1687
1687
1688
1689
1690
1688
1692
1692
1693
1698
1698
1695
1696
1694
1700
1698
1692
1694
1696
1696
1694
1694
1692
1688
1686
1680
1677
1676
1669
1666
1666
1659
1653
1642
1643
1640
1638
1636
1631
1627
1627
1624
1624
1622
1621
1619
1624
1624
1627
1624
1627
1623
1625
1630
1630
1634
1629
1630
1630
1631
1629
1631
1625
1627
1630
1630
1628
1634
1630
1634
1631
1635
1634
1636
1631
1637
1632
1631
1635
1638
1642
1642
1644
1643
1642
1643
1640
1641
1637
1637
1641
1641
1642
1640
1641
1641
1647
1644
1641
1635
1635
1636
1636
1635
1632
1635
1628
1627
1627
1624
1623
1624
1623
1631
1630
1629
1630
1630
1625
1631
1631
1630
1631
1631
1634
1635
1636
1636
1635
1632
1635
1634
1630
1630
1630
1629
1630
1631
1630
1634
1631
1634
1630
1631
1617
1593
1564
1511
1449
1398
1333
1294
1269
1281
1333
1399
1475
1531
1573
1603
1621
1634
1645
1654
1661
1663
1669
1669
1672
1676
1677
1673
1676
1676
1679
1679
1679
1681
1677
1677
1683
1677
1682
1688
1692
1692
1689
1693
1690
1689
1688
1693
1694
1690
1690
1692
1692
1687
1688
1687
1687
1685
1680
1680
1672
1669
1663
1664
1659
1655
1650
1648
1643
1642
1640
1631
1630
1624
1627
1622
1622
1621
1623
1622
1627
1623
1624
1622
1625
1625
1629
1627
1629
1630
1631
1634
1632
1629
1625
1629
1627
1627
1628
1629
1631
1632
1632
1635
1635
1631
1630
1635
1632
1638
1636
1641
1641
1644
1644
1641
1638
1641
1643
1645
1649
1648
1635
1644
1641
1642
1643
1644
1641
1644
1645
1641
1643
1640
1645
1641
1642
1637
1643
1638
1641
1640
1641
1637
1634
1636
1632
1638
1638
1641
1635
1631
1630
1631
1627
1624
1622
1627
1624
1631
1631
1636
1632
1635
1636
1635
1631
1631
1632
1635
1636
1638
1640
1636
1636
1635
1634
1630
1631
1631
1632
1630
1631
1635
1631
1632
1632
1631
1629
1615
1593
1560
1520
1464
1414
1351
1308
1280
1286
1337
1405
1480
1540
1578
1605
1622
1635
1643
1653
1661
1663
1667
1669
1669
1669
1674
1677
1676
1673
1677
1679
1674
1677
1681
1681
1685
1682
1681
1679
1685
1686
1686
1690
1690
1688
1686
1690
1690
1687
1688
1688
1688
1687
1686
1683
1679
1681
1681
1673
1669
1664
1664
1664
1660
1654
1649
1641
1635
1631
1631
1625
1627
1621
1619
1617
1617
1614
1616
1615
1617
1622
1616
1621
1621
1623
1624
1630
1624
1623
1624
1625
1629
1627
1624
1627
1627
1623
1624
1624
1623
1623
1629
1627
1625
1624
1631
1631
1628
1627
1631
1631
1635
1635
1641
1641
1636
1640
1638
1640
1635
1634
1638
1634
1641
1642
1641
1636
1636
1636
1638
1630
1635
1636
1631
1634
1635
1636
1631
1631
1631
1632
1631
1627
1624
1629
1631
1631
1635
1625
1627
1622
1621
1617
1621
1623
1628
1627
1631
1634
1630
1625
1629
1628
1630
1630
1630
1631
1631
1631
1631
1630
1628
1630
1634
1632
1631
1630
1624
1630
1635
1635
1631
1630
1624
1629
1627
1617
1588
1547
1499
1441
1391
1338
1283
1262
1295
1359
1432
1498
1550
1583
1608
1629
1640
1648
1656
1663
1669
1673
1668
1677
1675
1677
1673
1679
1679
1679
1681
1683
1682
1680
1679
1681
1683
1687
1687
1687
1687
1693
1692
1690
1669
1679
1699
1698
1699
1699
1693
1693
1692
1689
1687
1686
1682
1680
1681
1677
1669
1669
1660
1660
1659
1656
1645
1640
1637
1637
1632
1625
1624
1622
1624
1619
1622
1619
1621
1622
1623
1623
1628
1624
1624
1630
1636
1635
1635
1632
1635
1636
1635
1631
1632
1631
1632
1632
1634
1630
1631
1631
1634
1637
1632
1638
1636
1641
1641
1643
1641
1640
1642
1640
1644
1638
1642
1642
1643
1642
1649
1643
1640
1642
1641
1641
1641
1641
1641
1642
1643
1643
1643
1642
1643
1640
1637
1636
1634
1632
1635
1637
1636
1637
1631
1631
1624
1625
1630
1627
1623
1627
1628
1632
1629
1631
1630
1631
1634
1632
1631
1631
1635
1631
1636
1631
1636
1629
1631
1628
1636
1631
1632
1631
1634
1636
1634
1630
1630
1631
1629
1625
1622
1609
1580
1535
1488
1423
1356
1315
1274
1263
1286
1353
1440
1512
1560
1591
1615
1635
1640
1650
1660
1664
1669
1674
1674
1676
1681
1679
1677
1677
1681
1681
1683
1681
1677
1679
1686
1685
1683
1688
1688
1689
1689
1695
1693
1689
1692
1693
1693
1692
1695
1692
1695
1693
1696
1693
1687
1681
1680
1679
1674
1669
1664
1663
1664
1657
1656
1645
1645
1643
1640
1631
1629
1623
1622
1627
1624
1622
1619
1617
1617
1621
1622
1623
1625
1625
1627
1630
1631
1629
1630
1630
1631
1631
1631
1628
1629
1631
1631
1632
1631
1631
1630
1631
1631
1631
1631
1635
1637
1638
1641
1641
1638
1640
1641
1642
1641
1640
1635
1641
1643
1643
1637
1643
1643
1642
1641
1641
1641
1634
1640
1640
1641
1637
1637
1638
1641
1637
1636
1635
1629
1630
1630
1630
1624
1628
1624
1631
1631
1635
1634
1632
1634
1636
1637
1631
1631
1631
1636
1637
1637
1635
1634
1632
1635
1636
1692
1675
1667
1653
1649
1649
1641
1641
1634
1634
1629
1630
1612
1583
1551
1516
1470
1408
1345
1290
1264
1276
1346
1414
1489
1539
1582
1603
1625
1642
1653
1660
1668
1667
1667
1672
1673
1680
1681
1675
1680
1679
1681
1681
1683
1687
1688
1689
1692
1692
1688
1688
1688
1689
1693
1694
1695
1693
1693
1696
1698
1698
1695
1696
1698
1693
1692
1688
1686
1687
1686
1681
1675
1673
1669
1662
1659
1650
1649
1643
1641
1636
1635
1629
1629
1624
1627
1622
1625
1623
1624
1625
1627
1628
1627
1624
1631
1627
1629
1627
1631
1630
1627
1630
1630
1625
1625
1630
1629
1629
1630
1631
1625
1630
1628
1635
1631
1635
1630
1632
1635
1632
1638
1631
1635
1631
1636
1635
1640
1635
1645
1645
1644
1645
1644
1641
1640
1641
1641
1643
1644
1640
1640
1641
1635
1631
1635
1638
1643
1638
1636
1635
1631
1627
1623
1623
1624
1627
1624
1631
1634
1631
1631
1634
1634
1637
1635
1632
1629
1631
1634
1636
1635
1636
1632
1634
1635
1635
1634
1631
1630
1630
1635
1631
1630
1630
1634
1631
1628
1619
1603
1563
1527
1488
1435
1359
1308
1285
1267
1301
1378
1456
1518
1560
1595
1616
1635
1642
1654
1663
1672
1669
1668
1673
1673
1669
1681
1674
1673
1675
1679
1682
1683
1686
1686
1687
1692
1687
1687
1683
1683
1685
1692
1693
1692
1692
1695
1694
1692
1692
1693
1692
1689
1693
1692
1687
1686
1681
1683
1679
1683
1674
1668
1664
1662
1651
1647
1641
1638
1636
1632
1631
1631
1624
1624
1622
1623
1632
1624
1625
1629
1624
1630
1631
1630
1629
1634
1631
1631
1635
1634
1630
1634
1635
1632
1632
1631
1632
1635
1631
1630
1634
1631
1638
1638
1643
1636
1641
1640
1638
1616
1622
1629
1631
1635
1640
1643
1641
1641
1643
1642
1648
1642
1645
1645
1649
1645
1643
1645
1643
1644
1645
1642
1636
1635
1640
1637
1643
1637
1641
1631
1635
1631
1632
1624
1628
1627
1632
1631
1638
1635
1636
1634
1636
1636
1635
1631
1632
1638
1640
1641
1635
1641
1636
1640
1640
1636
1632
1631
1631
1634
1632
1631
1632
1635
1635
1634
1631
1629
1617
1586
1552
1503
1447
1380
1339
1309
1289
1312
1364
1436
1505
1554
1585
1611
1630
1642
1651
1660
1660
1669
1668
1669
1675
1674
1680
1680
1679
1679
1681
1680
1679
1677
1679
1683
1683
1685
1687
1687
1687
1688
1688
1687
1689
1693
1692
1694
1692
1693
1694
1694
1694
1693
1690
1687
1687
1681
1679
1679
1674
1672
1669
1662
1660
1654
1649
1649
1647
1643
1637
1630
1625
1629
1622
1621
1621
1623
1618
1622
1621
1624
1619
1624
1622
1629
1629
1631
1630
1631
1631
1632
1631
1630
1629
1630
1632
1635
1631
1629
1631
1629
1632
1630
1631
1630
1631
1631
1636
1638
1640
1638
1638
1641
1638
1640
1637
1641
1642
1645
1648
1645
1644
1643
1643
1644
1641
1638
1638
1643
1645
1643
1642
1636
1641
1636
1641
1643
1641
1640
1638
1641
1640
1643
1636
1640
1641
1636
1627
1629
1623
1625
1627
1630
1631
1631
1632
1636
1638
1637
1640
1640
1638
1638
1634
1631
1631
1636
1631
1638
1636
1637
1632
1635
1636
1635
1632
1634
1632
1635
1635
1636
1635
1630
1623
1605
1573
1526
1477
1421
1366
1302
1276
1275
1326
1401
1483
1539
1573
1602
1625
1645
1655
1663
1668
1674
1677
1680
1681
1682
1681
1680
1681
1683
1687
1687
1687
1685
1692
1692
1688
1690
1694
1694
1695
1695
1695
1695
1699
1669
1676
1686
1693
1693
1698
1698
1699
1696
1694
1690
1700
1692
1688
1686
1682
1681
1676
1664
1663
1664
1654
1657
1656
1649
1640
1631
1632
1631
1630
1624
1630
1627
1631
1631
1631
1627
1631
1630
1636
1631
1635
1634
1640
1641
1643
1644
1640
1638
1636
1637
1636
1640
1641
1640
1634
1641
1643
1641
1642
1641
1645
1642
1645
1640
1642
1641
1641
1643
1644
1645
1649
1655
1650
1653
1650
1649
1653
1649
1649
1649
1641
1644
1641
1649
1642
1644
1643
1642
1648
1644
1645
1643
1641
1644
1643
1643
1631
1637
1635
1641
1641
1641
1640
1638
1631
1630
1631
1624
1625
1629
1631
1631
1632
1631
1636
1635
1640
1638
1636
1631
1636
1640
1636
1641
1637
1640
1632
1635
1632
1631
1630
1631
1636
1635
1638
1635
1640
1632
1634
1631
1625
1606
1573
1532
1498
1436
1374
1313
1274
1243
1282
1364
1445
1518
1561
1593
1622
1637
1654
1664
1668
1672
1675
1676
1674
1679
1680
1680
1680
1683
1682
1685
1685
1687
1686
1687
1688
1689
1688
1692
1689
1692
1692
1695
1695
1692
1693
1695
1696
1696
1696
1694
1694
1698
1693
1688
1686
1682
1679
1679
1679
1669
1673
1663
1663
1663
1654
1653
1643
1641
1635
1636
1630
1627
1622
1624
1623
1625
1624
1624
1622
1625
1630
1627
1625
1624
1630
1629
1634
1628
1636
1634
1640
1632
1635
1630
1635
1635
1632
1631
1631
1634
1627
1631
1629
1634
1631
1636
1635
1636
1635
1638
1640
1641
1642
1643
1642
1637
1641
1643
1643
1642
1641
1644
1647
1648
1649
1643
1642
1641
1643
1641
1643
1641
1641
1641
1644
1644
1642
1641
1640
1641
1640
1643
1640
1636
1636
1631
1628
1627
1625
1627
1631
1636
1636
1635
1630
1635
1682
1679
1663
1656
1649
1645
1643
1640
1635
1635
1632
1637
1636
1635
1631
1635
1631
1635
1634
1635
1631
1636
1635
1631
1624
1615
1593
1559
1511
1470
1415
1363
1294
1273
1269
1331
1401
1473
1535
1573
1602
1624
1636
1649
1657
1660
1666
1673
1674
1679
1679
1680
1686
1681
1679
1680
1680
1680
1681
1686
1685
1685
1686
1687
1683
1683
1692
1692
1693
1696
1696
1695
1693
1693
1698
1690
1689
1694
1699
1694
1688
1690
1686
1681
1679
1677
1670
1669
1663
1662
1655
1650
1649
1643
1641
1635
1635
1629
1625
1622
1621
1622
1624
1621
1621
1621
1624
1623
1625
1624
1627
1627
1630
1624
1625
1627
1630
1627
1629
1624
1627
1624
1631
1629
1630
1630
1630
1623
1630
1631
1625
1630
1628
1631
1631
1631
1628
1635
1634
1635
1636
1637
1642
1637
1640
1641
1643
1640
1642
1643
1641
1642
1641
1645
1643
1642
1642
1641
1638
1638
1640
1641
1641
1637
1637
1634
1634
1635
1640
1640
1636
1641
1636
1638
1632
1635
1629
1631
1630
1630
1629
1627
1622
1624
1624
1627
1627
1631
1628
1629
1632
1625
1623
1624
1625
1627
1631
1630
1631
1625
1628
1628
1630
1622
1630
1627
1631
1630
1631
1630
1631
1630
1630
1635
1629
1625
1623
1624
1608
1574
1527
1485
1437
1378
1337
1288
1273
1305
1372
1436
1501
1550
1586
1610
1631
1645
1651
1655
1660
1666
1669
1673
1672
1674
1676
1681
1681
1677
1673
1673
1676
1675
1677
1681
1681
1687
1687
1688
1685
1688
1687
1687
1688
1692
1688
1688
1687
1690
1692
1688
1688
1693
1688
1687
1685
1683
1679
1679
1670
1668
1664
1662
1660
1653
1650
1648
1638
1636
1632
1631
1625
1624
1621
1619
1618
1618
1621
1619
1621
1625
1630
1630
1627
1630
1622
1615
1621
1625
1623
1625
1625
1631
1631
1631
1629
1631
1635
1636
1635
1631
1629
1634
1634
1631
1632
1632
1638
1636
1640
1640
1638
1631
1636
1637
1638
1641
1638
1648
1641
1642
1644
1645
1643
1642
1649
1649
1649
1645
1645
1644
1645
1643
1641
1641
1640
1644
1643
1643
1641
1637
1640
1638
1640
1635
1635
1631
1632
1631
1630
1624
1627
1627
1632
1635
1637
1631
1631
1630
1631
1630
1631
1629
1631
1630
1631
1635
1634
1631
1630
1636
1634
1635
1627
1631
1630
1634
1629
1629
1627
1630
1632
1630
1627
1622
1603
1579
1543
1498
1437
1364
1321
1272
1270
1302
1376
1451
1521
1563
1592
1615
1636
1645
1655
1656
1662
1672
1672
1669
1674
1673
1676
1679
1674
1676
1676
1679
1673
1681
1679
1680
1681
1686
1681
1685
1686
1687
1685
1688
1689
1692
1688
1692
1693
1687
1687
1692
1693
1688
1688
1688
1686
1683
1681
1674
1669
1669
1667
1667
1661
1654
1649
1642
1642
1638
1638
1628
1627
1624
1624
1621
1624
1619
1623
1621
1624
1622
1623
1623
1625
1630
1631
1627
1629
1627
1629
1622
1627
1624
1622
1627
1623
1630
1630
1635
1628
1631
1631
1636
1632
1635
1634
1632
1635
1637
1635
1632
1638
1641
1642
1641
1643
1643
1641
1641
1640
1640
1638
1640
1641
1643
1645
1643
1645
1648
1649
1640
1637
1643
1638
1642
1640
1641
1635
1636
1636
1636
1635
1631
1630
1627
1627
1625
1627
1629
1634
1631
1636
1635
1635
1631
1632
1631
1636
1634
1635
1636
1634
1635
1635
1638
1638
1635
1631
1636
1632
1631
1630
1636
1636
1636
1636
1637
1640
1634
1631
1621
1593
1558
1512
1466
1397
1333
1283
1256
1264
1326
1408
1487
1545
1583
1604
1631
1643
1657
1668
1660
1670
1673
1672
1674
1676
1682
1683
1681
1680
1688
1686
1686
1686
1683
1683
1690
1693
1696
1692
1694
1696
1696
1696
1694
1698
1696
1698
1702
1705
1705
1698
1698
1698
1695
1689
1690
1690
1687
1683
1681
1676
1672
1666
1664
1663
1659
1655
1650
1643
1642
1642
1635
1629
1625
1624
1624
1630
1631
1627
1629
1624
1630
1630
1630
1627
1634
1631
1635
1632
1632
1631
1629
1631
1640
1638
1637
1641
1636
1640
1631
1632
1630
1631
1631
1635
1631
1632
1637
1640
1644
1643
1644
1644
1641
1641
1643
1638
1640
1642
1642
1649
1644
1641
1641
1641
1643
1641
1644
1641
1641
1641
1641
1641
1641
1643
1638
1640
1636
1635
1630
1630
1630
1631
1629
1623
1631
1632
1632
1635
1634
1631
1635
1632
1631
1630
1630
1630
1630
1631
1630
1637
1628
1630
1629
1631
1631
1640
1635
1640
1635
1631
1627
1627
1622
1622
1617
1598
1560
1516
1475
1415
1363
1308
1279
1263
1306
1379
1464
1522
1567
1598
1621
1641
1651
1655
1663
1668
1673
1679
1674
1674
1677
1679
1679
1677
1674
1676
1679
1682
1685
1683
1686
1686
1686
1683
1688
1687
1683
1683
1692
1692
1688
1688
1692
1696
1693
1695
1693
1688
1688
1688
1688
1685
1677
1676
1676
1669
1668
1660
1660
1656
1650
1649
1641
1640
1630
1630
1627
1625
1622
1621
1621
1622
1622
1623
1619
1621
1622
1625
1622
1628
1624
1631
1624
1630
1629
1630
1624
1630
1629
1631
1630
1631
1629
1631
1630
1630
1627
1624
1629
1630
1634
1632
1635
1632
1635
1631
1635
1636
1635
1641
1643
1644
1641
1645
1643
1647
1647
1645
1645
1648
1647
1649
1650
1643
1641
1640
1638
1641
1641
1640
1638
1640
1635
1636
1630
1628
1624
1631
1617
1622
1624
1627
1629
1634
1632
1632
1635
1634
1635
1634
1636
1636
1634
1635
1634
1634
1635
1635
1631
1636
1641
1640
1635
1632
1631
1635
1635
1631
1627
1630
1621
1602
1572
1540
1463
1408
1344
1299
1282
1288
1327
1385
1466
1526
1572
1597
1622
1641
1650
1660
1663
1669
1673
1677
1676
1676
1679
1677
1674
1679
1680
1681
1681
1681
1685
1688
1687
1690
1686
1692
1689
1689
1688
1690
1692
1689
1693
1694
1692
1693
1696
1695
1694
1688
1689
1687
1683
1686
1685
1679
1681
1670
1669
1668
1664
1662
1659
1649
1645
1640
1635
1625
1627
1623
1624
1623
1622
1621
1621
1619
1624
1622
1623
1625
1627
1625
1629
1624
1627
1623
1624
1627
1634
1629
1631
1631
1631
1631
1623
1623
1622
1627
1627
1627
1624
1629
1630
1635
1631
1631
1630
1636
1635
1636
1636
1636
1635
1631
1636
1636
1637
1635
1637
1641
1645
1647
1641
1642
1638
1645
1640
1638
1638
1638
1634
1636
1640
1637
1644
1640
1637
1635
1634
1631
1630
1631
1627
1627
1624
1622
1622
1622
1622
1627
1625
1628
1628
1630
1625
1624
1622
1625
1631
1631
1631
1631
1630
1631
1631
1627
1627
1624
1622
1623
1630
1630
1631
1630
1631
1631
1635
1631
1624
1621
1624
1619
1602
1565
1522
1464
1402
1345
1309
1275
1256
1322
1385
1460
1518
1560
1592
1612
1630
1640
1650
1655
1662
1669
1674
1670
1672
1674
1677
1676
1679
1674
1676
1680
1681
1679
1682
1679
1680
1683
1690
1688
1687
1688
1692
1688
1688
1688
1688
1692
1696
1695
1696
1692
1692
1692
1688
1688
1682
1679
1679
1679
1674
1668
1664
1662
1660
1656
1655
1648
1641
1640
1636
1631
1631
1624
1622
1617
1622
1621
1623
1619
1622
1624
1631
1541
1561
1582
1596
1604
1612
1615
1617
1622
1627
1627
1629
1631
1631
1631
1629
1630
1624
1627
1624
1630
1630
1632
1629
1634
1635
1636
1636
1640
1638
1637
1641
1645
1642
1640
1641
1641
1640
1641
1643
1643
1643
1644
1648
1645
1644
1642
1641
1641
1645
1638
1640
1634
1637
1635
1641
1636
1635
1638
1637
1632
1627
1628
1622
1621
1624
1627
1624
1627
1631
1635
1635
1636
1630
1631
1632
1636
1630
1631
1627
1630
1630
1632
1630
1629
1630
1628
1629
1630
1630
1627
1624
1628
1630
1625
1623
1621
1602
1571
1527
1492
1425
1352
1303
1267
1249
1294
1369
1455
1521
1565
1593
1617
1631
1643
1660
1661
1668
1672
1674
1672
1672
1673
1674
1674
1676
1677
1674
1679
1680
1680
1682
1685
1683
1681
1682
1688
1690
1688
1686
1690
1692
1693
1692
1693
1685
1688
1692
1694
1692
1693
1690
1688
1680
1681
1670
1669
1669
1664
1668
1661
1657
1651
1648
1645
1635
1636
1624
1627
1624
1623
1622
1623
1621
1624
1624
1621
1622
1622
1624
1622
1622
1623
1622
1630
1630
1630
1631
1631
1628
1630
1629
1627
1631
1630
1630
1630
1632
1631
1631
1630
1631
1631
1634
1634
1631
1632
1631
1640
1632
1640
1641
1638
1641
1641
1644
1641
1641
1636
1641
1645
1644
1645
1643
1641
1640
1641
1638
1636
1631
1637
1638
1640
1641
1638
1637
1632
1632
1630
1629
1629
1630
1632
1634
1631
1630
1632
1631
1634
1634
1636
1636
1640
1637
1641
1635
1635
1636
1635
1638
1636
1632
1632
1636
1634
1638
1631
1634
1631
1634
1632
1631
1632
1623
1601
1563
1530
1472
1403
1341
1283
1261
1262
1316
1384
1464
1535
1578
1604
1623
1641
1653
1664
1664
1669
1674
1677
1675
1679
1677
1674
1725
1716
1708
1700
1698
1695
1688
1688
1694
1694
1688
1688
1696
1692
1692
1693
1698
1696
1695
1696
1698
1693
1694
1696
1698
1695
1692
1694
1692
1688
1683
1681
1680
1677
1674
1672
1668
1659
1655
1650
1642
1641
1636
1635
1630
1630
1630
1628
1624
1627
1623
1629
1627
1630
1629
1631
1627
1631
1629
1630
1627
1635
1635
1636
1635
1635
1634
1631
1635
1635
1635
1640
1631
1634
1637
1635
1640
1635
1637
1632
1640
1641
1637
1637
1635
1636
1635
1638
1637
1641
1645
1643
1647
1642
1645
1645
1645
1644
1644
1643
1640
1645
1645
1643
1641
1641
1641
1642
1637
1631
1636
1630
1634
1630
1631
1625
1630
1629
1634
1636
1631
1634
1631
1634
1634
1636
1631
1634
1632
1630
1630
1631
1631
1632
1635
1634
1641
1635
1634
1631
1636
1632
1634
1631
1630
1629
1630
1631
1629
1618
1593
1559
1513
1466
1406
1350
1307
1270
1267
1314
1384
1463
1525
1572
1598
1619
1637
1648
1654
1663
1668
1669
1669
1673
1672
1674
1675
1680
1679
1679
1679
1680
1680
1680
1681
1687
1686
1683
1683
1692
1686
1686
1688
1689
1688
1688
1689
1693
1688
1683
1686
1688
1687
1687
1687
1687
1683
1685
1680
1674
1673
1669
1664
1660
1654
1651
1645
1645
1643
1641
1635
1631
1627
1625
1622
1619
1618
1621
1621
1621
1622
1623
1622
1627
1627
1627
1630
1625
1630
1627
1634
1630
1629
1624
1624
1624
1629
1627
1629
1625
1630
1629
1627
1630
1631
1628
1634
1631
1635
1632
1634
1638
1635
1642
1637
1640
1638
1641
1642
1641
1641
1640
1642
1641
1643
1643
1641
1643
1648
1650
1645
1641
1638
1641
1640
1638
1641
1641
1642
1641
1643
1642
1637
1635
1637
1635
1635
1631
1630
1618
1629
1631
1636
1634
1627
1623
1627
1622
1625
1624
1627
1630
1629
1635
1634
1634
1630
1635
1631
1635
1631
1630
1629
1632
1632
1635
1631
1630
1635
1638
1640
1636
1634
1631
1634
1636
1636
1630
1631
1629
1622
1598
1565
1521
1474
1414
1357
1321
1283
1275
1332
1399
1473
1531
1567
1598
1623
1635
1653
1660
1660
1668
1673
1676
1675
1672
1672
1674
1681
1683
1683
1682
1687
1679
1686
1682
1680
1685
1688
1687
1692
1692
1689
1688
1687
1690
1688
1687
1687
1694
1690
1688
1692
1690
1688
1686
1688
1687
1683
1680
1679
1674
1674
1668
1664
1654
1654
1648
1637
1632
1634
1631
1634
1629
1622
1625
1621
1623
1622
1622
1616
1619
1623
1627
1622
1631
1624
1624
1623
1630
1628
1628
1625
1624
1624
1624
1623
1623
1624
1630
1631
1631
1635
1634
1632
1631
1632
1629
1631
1632
1631
1632
1635
1636
1637
1636
1635
1638
1641
1641
1638
1642
1643
1645
1644
1641
1648
1641
1642
1643
1645
1643
1641
1644
1644
1643
1640
1632
1640
1640
1637
1636
1640
1638
1640
1635
1640
1636
1631
1636
1638
1640
1632
1631
1625
1634
1635
1641
1635
1631
1631
1627
1623
1623
1622
1621
1624
1624
1629
1631
1631
1632
1631
1631
1631
1631
1631
1629
1631
1635
1630
1624
1627
1628
1630
1627
1625
1623
1623
1625
1627
1624
1622
1623
1621
1618
1618
1603
1582
1546
1503
1441
1378
1332
1275
1263
1283
1340
1414
1488
1537
1572
1593
1621
1631
1642
1651
1660
1660
1661
1667
1664
1669
1662
1666
1673
1668
1673
1677
1674
1673
1675
1676
1676
1679
1677
1677
1681
1681
1683
1685
1687
1686
1687
1689
1692
1692
1688
1692
1688
1686
1687
1686
1680
1679
1677
1672
1668
1662
1661
1712
1702
1685
1667
1655
1645
1643
1636
1630
1623
1624
1622
1623
1622
1622
1619
1622
1622
1624
1622
1621
1623
1624
1624
1627
1628
1630
1627
1634
1632
1635
1635
1632
1634
1631
1637
1632
1631
1632
1635
1636
1636
1636
1636
1642
1640
1649
1645
1643
1638
1641
1643
1641
1641
1643
1649
1645
1650
1649
1648
1641
1645
1647
1643
1642
1640
1643
1648
1641
1645
1641
1642
1637
1643
1643
1638
1642
1641
1642
1640
1638
1635
1640
1638
1640
1640
1634
1634
1634
1631
1629
1635
1630
1630
1630
1634
1637
1638
1635
1637
1637
1640
1640
1635
1641
1637
1638
1637
1634
1630
1631
1635
1631
1634
1631
1631
1631
1637
1635
1636
1631
1635
1636
1631
1630
1631
1635
1634
1635
1636
1636
1631
1635
1629
1632
1629
1630
1630
1627
1612
1591
1560
1492
1442
1365
1326
1286
1262
1269
1339
1418
1498
1548
1582
1610
1635
1645
1655
1660
1667
1676
1674
1673
1680
1679
1679
1683
1686
1687
1686
1683
1685
1686
1688
1689
1692
1690
1693
1693
1693
1692
1688
1690
1693
1692
1688
1692
1690
1693
1696
1696
1700
1700
1696
1700
1698
1698
1692
1694
1688
1682
1677
1673
1667
1667
1661
1660
1651
1644
1645
1638
1637
1630
1631
1622
1624
1622
1628
1624
1630
1625
1630
1629
1630
1631
1627
1627
1629
1630
1625
1631
1631
1632
1632
1636
1631
1634
1635
1638
1638
1634
1632
1635
1636
1636
1640
1640
1641
1640
1641
1644
1642
1642
1640
1641
1641
1642
1647
1645
1643
1647
1650
1650
1649
1642
1649
1650
1643
1649
1644
1645
1643
1647
1649
1643
1642
1641
1641
1645
1643
1645
1640
1641
1641
1641
1637
1637
1641
1645
1649
1644
1649
1645
1643
1643
1641
1643
1636
1636
1688
1670
1655
1654
1650
1649
1645
1648
1644
1642
1642
1642
1647
1641
1641
1637
1641
1637
1640
1637
1637
1640
1640
1644
1638
1636
1638
1640
1637
1637
1637
1638
1640
1638
1640
1640
1641
1640
1641
1643
1641
1641
1636
1638
1634
1640
1634
1638
1636
1637
1642
1643
1644
1644
1641
1641
1641
1641
1631
1636
1637
1641
1638
1642
1640
1641
1640
1643
1643
1640
1638
1640
1641
1636
1640
1635
1636
1632
1640
1637
1638
1635
1638
1641
1637
1641
1640
1636
1631
1636
1634
1635
1636
1636
1641
1640
1640
1638
1636
1634
1636
1636
1636
1635
1632
1635
1636
1638
1637
1637
1636
1638
1636
1635
1631
1632
1631
1634
1635
1631
1634
1635
1631
1636
1640
1635
1638
1637
1636
1640
1635
1635
1635
1638
1631
1635
1631
1630
1631
1635
1635
1632
1632
1634
1636
1635
1635
1631
1631
1631
1635
1631
1636
1636
1635
1640
1638
1636
1631
1634
1627
1636
1630
1634
1631
1634
1632
1635
1632
1637
1635
1634
1638
1637
1640
1631
1635
1630
1631
1631
1631
1627
1631
1632
1632
1634
1630
1634
1632
1635
1632
1638
1632
1635
1636
1634
1631
1631
1627
1631
1627
1630
1631
1631
1631
1630
1632
1631
1631
1630
1631
1634
1638
1634
1635
1631
1632
1630
1631
1631
1630
1630
1631
1631
1630
1630
1625
1624
1621
1623
1623
1627
1627
1630
1627
1629
1630
1631
1635
1635
1640
1632
1631
1630
1632
1631
1635
1631
1634
1631
1631
1627
1630
1624
1627
1622
1601
1565
1521
1460
1392
1347
1302
1279
1263
1324
1393
1472
1530
1570
1598
1619
1643
1655
1660
1664
1670
1677
1679
1679
1674
1676
1681
1683
1685
1687
1689
1686
1683
1688
1687
1690
1692
1690
1690
1692
1694
1692
1692
1695
1685
1660
1670
1679
1683
1685
1688
1696
1694
1688
1692
1692
1693
1689
1689
1690
1683
1683
1681
1677
1669
1667
1663
1662
1655
1657
1651
1653
1650
1644
1641
1636
1631
1629
1628
1624
1624
1623
1627
1627
1630
1629
1631
1625
1629
1630
1635
1624
1631
1630
1632
1628
1630
1631
1630
1634
1632
1635
1631
1635
1637
1640
1636
1636
1634
1632
1636
1640
1642
1636
1640
1640
1643
1638
1642
1643
1642
1643
1649
1648
1643
1640
1641
1641
1641
1641
1645
1643
1645
1644
1643
1641
1638
1636
1635
1638
1632
1637
1637
1643
1638
1641
1640
1635
1634
1634
1636
1634
1635
1631
1631
1625
1631
1628
1631
1631
1631
1630
1631
1625
1625
1619
1621
1621
1622
1622
1625
1629
1631
1630
1630
1630
1631
1631
1630
1630
1623
1623
1625
1629
1625
1627
1625
1630
1627
1631
1627
1631
1630
1624
1630
1630
1627
1631
1624
1612
1579
1544
1489
1429
1367
1322
1289
1262
1288
1352
1431
1501
1553
1583
1603
1622
1640
1650
1657
1657
1664
1669
1666
1673
1674
1672
1672
1669
1672
1672
1669
1673
1674
1679
1680
1680
1681
1677
1677
1683
1681
1681
1681
1683
1681
1685
1687
1688
1687
1680
1688
1687
1683
1681
1686
1686
1681
1679
1677
1676
1673
1669
1664
1660
1653
1650
1650
1645
1640
1637
1630
1631
1627
1627
1619
1622
1621
1621
1619
1619
1617
1621
1622
1624
1624
1622
1623
1625
1627
1624
1625
1624
1627
1627
1627
1629
1629
1627
1630
1630
1634
1630
1630
1627
1635
1630
1635
1636
1632
1632
1632
1634
1631
1631
1632
1635
1635
1640
1636
1640
1638
1640
1640
1635
1635
1636
1640
1635
1640
1634
1636
1635
1636
1634
1632
1631
1634
1637
1634
1634
1630
1628
1623
1627
1623
1669
1650
1645
1640
1636
1631
1629
1622
1616
1621
1622
1624
1621
1621
1624
1627
1630
1624
1632
1631
1632
1631
1632
1630
1630
1629
1631
1627
1625
1630
1630
1627
1630
1635
1630
1627
1625
1627
1627
1622
1621
1604
1579
1546
1489
1431
1352
1299
1253
1232
1251
1333
1418
1499
1550
1584
1605
1627
1645
1653
1656
1668
1669
1669
1673
1676
1673
1670
1672
1669
1670
1673
1673
1677
1679
1679
1683
1683
1683
1682
1682
1682
1690
1690
1687
1687
1688
1692
1687
1688
1688
1690
1688
1688
1692
1686
1683
1683
1681
1679
1681
1677
1673
1673
1669
1663
1659
1650
1648
1641
1641
1635
1631
1625
1627
1624
1622
1616
1619
1612
1623
1619
1622
1622
1622
1622
1629
1624
1622
1621
1622
1625
1630
1630
1630
1624
1623
1625
1628
1622
1618
1621
1623
1627
1624
1625
1631
1631
1630
1632
1632
1631
1631
1631
1631
1635
1630
1632
1630
1631
1630
1635
1634
1632
1637
1635
1636
1634
1635
1635
1635
1636
1635
1634
1631
1635
1632
1631
1627
1630
1624
1631
1630
1631
1623
1629
1617
1624
1612
1612
1615
1616
1617
1625
1625
1628
1623
1630
1622
1624
1615
1621
1622
1627
1623
1630
1629
1630
1628
1625
1629
1629
1624
1624
1624
1627
1627
1624
1624
1625
1629
1623
1608
1577
1541
1511
1432
1383
1320
1276
1242
1273
1344
1418
1494
1541
1579
1609
1627
1637
1643
1651
1659
1664
1664
1664
1663
1669
1673
1672
1674
1675
1674
1673
1679
1674
1676
1677
1679
1679
1679
1680
1680
1683
1681
1683
1690
1688
1689
1689
1688
1693
1687
1683
1685
1688
1687
1687
1683
1680
1681
1681
1672
1669
1669
1660
1662
1659
1657
1651
1641
1640
1635
1634
1630
1630
1625
1625
1624
1623
1621
1604
1609
1610
1614
1616
1619
1622
1623
1624
1629
1627
1623
1622
1624
1624
1624
1624
1625
1624
1624
1625
1624
1621
1621
1624
1631
1634
1627
1625
1629
1627
1630
1630
1631
1630
1631
1635
1637
1638
1631
1640
1638
1637
1636
1636
1634
1637
1636
1640
1638
1638
1635
1636
1641
1641
1637
1635
1635
1632
1634
1630
1629
1627
1628
1627
1624
1622
1623
1621
1619
1622
1621
1621
1622
1622
1627
1623
1627
1623
1624
1624
1628
1627
1625
1623
1624
1625
1629
1624
1629
1625
1625
1627
1629
1623
1623
1624
1624
1623
1622
1617
1619
1602
1572
1531
1496
1437
1374
1322
1294
1285
1301
1365
1428
1493
1540
1578
1596
1621
1632
1642
1649
1654
1659
1660
1660
1664
1668
1664
1667
1668
1668
1668
1668
1673
1673
1669
1670
1674
1674
1674
1676
1674
1677
1675
1679
1677
1677
1679
1681
1677
1680
1680
1683
1683
1681
1679
1679
1679
1677
1679
1672
1668
1668
1660
1655
1651
1645
1645
1640
1643
1638
1636
1623
1622
1618
1616
1612
1610
1612
1612
1612
1616
1616
1612
1612
1612
1616
1617
1616
1617
1621
1621
1622
1621
1616
1617
1622
1625
1624
1621
1624
1622
1622
1622
1619
1621
1617
1617
1623
1622
1623
1623
1625
1625
1625
1625
1624
1624
1625
1629
1629
1628
1625
1632
1635
1636
1632
1635
1630
1635
1631
1635
1631
1625
1631
1630
1631
1625
1630
1624
1630
1636
1635
1630
1631
1631
1635
1627
1627
1623
1625
1627
1628
1627
1625
1623
1622
1621
1623
1627
1624
1625
1623
1622
1622
1612
1611
1609
1612
1615
1618
1618
1624
1622
1624
1623
1623
1619
1621
1621
1625
1623
1624
1624
1628
1625
1631
1627
1629
1622
1630
1625
1627
1621
1625
1617
1621
1614
1573
1570
1556
1539
1511
1454
1388
1321
1274
1240
1257
1331
1408
1475
1535
1577
1601
1617
1634
1641
1648
1654
1662
1664
1660
1662
1664
1668
1669
1669
1668
1670
1669
1677
1675
1674
1674
1674
1679
1679
1677
1677
1680
1683
1683
1686
1688
1690
1688
1683
1687
1686
1683
1688
1687
1682
1687
1683
1677
1679
1679
1677
1674
1667
1664
1661
1653
1650
1645
1642
1638
1634
1631
1625
1624
1625
1618
1619
1616
1619
1611
1612
1615
1615
1618
1615
1615
1617
1621
1623
1621
1622
1621
1624
1619
1622
1619
1622
1621
1622
1618
1621
1617
1619
1623
1624
1624
1623
1624
1624
1621
1625
1624
1624
1624
1627
1627
1632
1627
1631
1631
1631
1627
1630
1627
1630
1634
1635
1631
1630
1630
1630
1636
1631
1630
1632
1631
1631
1629
1625
1624
1622
1624
1625
1629
1622
1624
1629
1627
1630
1627
1622
1622
1625
1624
1622
1621
1622
1624
1629
1624
1625
1622
1625
1622
1623
1618
1621
1618
1622
1622
1624
1617
1617
1615
1612
1616
1612
1617
1616
1619
1622
1621
1616
1619
1617
1616
1622
1621
1618
1618
1621
1623
1616
1622
1621
1622
1616
1622
1622
1621
1614
1617
1615
1618
1612
1617
1603
1577
1532
1494
1435
1346
1290
1245
1234
1251
1320
1408
1489
1544
1579
1598
1619
1630
1642
1649
1657
1656
1662
1662
1668
1670
1668
1668
1669
1668
1673
1673
1669
1672
1670
1674
1680
1677
1679
1679
1683
1681
1679
1677
1681
1683
1683
1686
1687
1682
1683
1681
1683
1686
1682
1679
1682
1680
1677
1672
1668
1667
1661
1660
1655
1651
1643
1643
1638
1636
1631
1631
1625
1627
1623
1618
1617
1615
1612
1616
1616
1612
1614
1617
1623
1619
1623
1617
1619
1621
1624
1622
1625
1668
1680
1655
1645
1636
1630
1623
1627
1627
1631
1631
1635
1630
1636
1636
1636
1630
1630
1625
1630
1634
1636
1635
1631
1630
1630
1630
1632
1630
1627
1631
1631
1632
1630
1632
1630
1634
1635
1636
1629
1630
1627
1630
1625
1623
1623
1629
1623
1624
1622
1623
1617
1621
1616
1597
1563
1532
1490
1444
1383
1318
1285
1257
1290
1351
1422
1489
1535
1567
1593
1616
1630
1636
1645
1649
1653
1660
1657
1657
1662
1664
1669
1673
1674
1673
1669
1667
1670
1673
1669
1673
1675
1675
1677
1681
1677
1677
1679
1681
1675
1680
1679
1681
1687
1682
1681
1688
1683
1680
1679
1679
1677
1677
1676
1669
1664
1662
1660
1654
1649
1644
1640
1636
1636
1631
1628
1627
1616
1614
1614
1617
1617
1616
1612
1614
1614
1619
1617
1617
1618
1621
1618
1618
1616
1615
1614
1616
1618
1622
1621
1624
1624
1625
1624
1624
1623
1622
1621
1624
1624
1622
1621
1622
1622
1627
1623
1630
1629
1631
1627
1634
1627
1625
1631
1630
1630
1630
1631
1630
1629
1631
1632
1631
1630
1628
1630
1625
1629
1618
1621
1622
1622
1618
1622
1621
1624
1624
1625
1624
1623
1622
1622
1622
1624
1622
1623
1621
1622
1618
1621
1619
1622
1617
1622
1624
1627
1621
1622
1618
1624
1619
1622
1621
1622
1618
1624
1624
1623
1619
1621
1621
1625
1622
1622
1622
1617
1617
1622
1619
1621
1622
1622
1622
1624
1623
1622
1622
1623
1623
1623
1617
1618
1621
1623
1628
1627
1625
1623
1622
1623
1622
1618
1618
1621
1621
1621
1622
1621
1624
1625
1629
1627
1622
1623
1621
1622
1621
1621
1619
1617
1621
1621
1624
1622
1619
1617
1622
1621
1617
1612
1616
1612
1617
1621
1621
1618
1622
1619
1624
1624
1606
1603
1610
1616
1622
1617
1617
1617
1617
1617
1621
1619
1621
1624
1621
1627
1621
1617
1604
1583
1548
1519
1464
1398
1337
1292
1263
1285
1331
1389
1459
1519
1560
1585
1608
1622
1641
1645
1653
1660
1662
1668
1673
1669
1668
1669
1673
1673
1675
1674
1673
1673
1669
1676
1675
1675
1677
1681
1681
1683
1683
1681
1681
1681
1679
1679
1683
1680
1683
1682
1683
1687
1682
1681
1679
1677
1680
1677
1674
1673
1668
1668
1663
1664
1656
1644
1645
1643
1641
1638
1636
1634
1631
1624
1621
1616
1611
1609
1612
1611
1612
1611
1616
1616
1616
1617
1622
1621
1616
1622
1622
1619
1618
1622
1621
1622
1621
1621
1622
1625
1627
1627
1624
1622
1622
1622
1627
1625
1623
1627
1629
1630
1632
1630
1629
1630
1631
1631
1637
1634
1632
1635
1636
1632
1632
1635
1635
1643
1638
1640
1637
1636
1635
1636
1643
1638
1635
1635
1640
1635
1640
1634
1637
1634
1631
1631
1630
1627
1624
1627
1630
1635
1630
1629
1624
1625
1623
1622
1618
1621
1618
1624
1627
1627
1623
1630
1624
1628
1625
1629
1627
1634
1632
1631
1629
1628
1630
1629
1630
1627
1630
1624
1630
1629
1634
1630
1629
1623
1629
1624
1629
1616
1590
1559
1494
1445
1389
1318
1264
1257
1275
1338
1411
1489
1537
1577
1605
1625
1636
1643
1654
1660
1669
1668
1676
1674
1674
1676
1676
1672
1677
1677
1681
1681
1680
1677
1680
1683
1683
1688
1687
1687
1688
1687
1692
1692
1687
1688
1692
1694
1694
1690
1695
1692
1693
1690
1692
1687
1687
1685
1683
1682
1677
1668
1668
1669
1666
1662
1657
1655
1650
1649
1643
1640
1628
1627
1624
1622
1622
1625
1623
1627
1628
1631
1631
1630
1631
1631
1631
1635
1634
1702
1683
1662
1659
1649
1645
1640
1636
1631
1636
1634
1636
1635
1638
1641
1637
1642
1638
1641
1638
1640
1636
1636
1641
1640
1638
1638
1644
1641
1643
1641
1642
1640
1641
1641
1641
1644
1643
1645
1640
1645
1649
1649
1644
1643
1643
1641
1642
1640
1641
1641
1641
1643
1641
1642
1637
1640
1634
1631
1627
1630
1624
1625
1628
1635
1629
1631
1634
1635
1636
1636
1637
1636
1635
1631
1637
1636
1635
1634
1635
1636
1636
1637
1634
1638
1635
1641
1636
1635
1631
1632
1632
1630
1631
1629
1615
1592
1548
1503
1418
1343
1298
1269
1241
1251
1328
1415
1502
1559
1589
1611
1634
1643
1659
1664
1666
1673
1677
1676
1674
1679
1679
1679
1676
1682
1683
1683
1687
1680
1683
1685
1686
1683
1688
1689
1693
1688
1692
1695
1694
1693
1698
1695
1692
1688
1690
1695
1692
1692
1695
1692
1688
1688
1692
1687
1680
1677
1677
1672
1663
1657
1654
1650
1649
1645
1641
1636
1630
1627
1627
1624
1615
1622
1624
1627
1627
1628
1629
1630
1628
1632
1631
1630
1625
1630
1631
1634
1631
1631
1630
1631
1631
1631
1629
1624
1631
1631
1636
1630
1634
1632
1634
1630
1631
1635
1634
1635
1634
1641
1641
1642
1638
1640
1641
1636
1640
1638
1641
1640
1643
1642
1641
1645
1642
1650
1649
1650
1650
1650
1645
1643
1642
1636
1638
1631
1634
1630
1630
1625
1631
1632
1636
1634
1630
1631
1631
1632
1634
1640
1635
1632
1631
1636
1635
1632
1631
1632
1636
1634
1634
1627
1635
1630
1631
1627
1629
1619
1603
1578
1548
1492
1430
1353
1302
1267
1262
1300
1366
1447
1511
1556
1586
1614
1634
1640
1653
1659
1660
1667
1673
1670
1674
1669
1676
1677
1679
1681
1687
1688
1679
1664
1706
1698
1692
1692
1690
1692
1689
1688
1693
1692
1692
1699
1696
1695
1696
1698
1693
1695
1696
1693
1693
1689
1689
1688
1688
1687
1683
1681
1674
1673
1668
1661
1653
1650
1643
1640
1631
1641
1635
1631
1634
1631
1629
1624
1625
1623
1625
1627
1628
1627
1632
1635
1636
1631
1631
1630
1635
1631
1635
1630
1634
1630
1631
1629
1630
1628
1631
1632
1636
1632
1632
1635
1634
1638
1631
1636
1631
1637
1634
1635
1636
1636
1636
1636
1643
1640
1644
1640
1641
1643
1644
1643
1641
1643
1641
1643
1643
1640
1642
1637
1641
1637
1638
1631
1634
1635
1635
1638
1638
1640
1640
1641
1637
1636
1631
1631
1636
1634
1635
1635
1636
1631
1630
1631
1635
1632
1635
1631
1634
1631
1631
1635
1631
1634
1630
1630
1631
1630
1625
1635
1630
1631
1631
1636
1631
1631
1631
1630
1629
1631
1634
1631
1628
1631
1634
1631
1634
1631
1630
1628
1631
1630
1636
1630
1631
1630
1631
1630
1628
1631
1629
1625
1630
1631
1630
1631
1631
1631
1630
1631
1631
1631
1631
1635
1636
1630
1628
1631
1631
1628
1624
1623
1624
1624
1623
1622
1624
1619
1621
1621
1621
1622
1624
1622
1624
1625
1630
1629
1624
1624
1625
1627
1631
1630
1630
1627
1631
1630
1634
1625
1630
1628
1630
1631
1631
1630
1627
1627
1629
1622
1606
1573
1539
1492
1435
1371
1314
1274
1260
1295
1357
1432
1502
1551
1593
1614
1634
1645
1655
1661
1672
1672
1669
1668
1668
1673
1679
1677
1677
1687
1683
1683
1682
1682
1680
1683
1685
1687
1688
1692
1690
1692
1693
1693
1692
1689
1690
1693
1692
1693
1695
1694
1693
1693
1695
1690
1688
1685
1688
1687
1685
1679
1675
1677
1672
1668
1663
1659
1651
1622
1611
1622
1629
1636
1630
1630
1627
1627
1621
1624
1621
1624
1625
1629
1624
1630
1625
1630
1627
1625
1627
1631
1628
1631
1630
1631
1631
1631
1631
1631
1630
1628
1635
1629
1635
1631
1632
1629
1635
1635
1638
1635
1636
1638
1643
1642
1643
1641
1643
1643
1641
1645
1645
1645
1648
1643
1649
1645
1644
1643
1645
1645
1645
1645
1641
1641
1641
1645
1640
1641
1640
1638
1644
1641
1645
1644
1647
1645
1648
1649
1643
1643
1638
1638
1635
1634
1635
1642
1640
1641
1641
1635
1635
1632
1636
1636
1631
1627
1630
1629
1629
1630
1630
1630
1630
1635
1634
1635
1627
1631
1625
1630
1625
1623
1621
1612
1593
1554
1518
1456
1396
1331
1295
1251
1261
1320
1406
1480
1532
1565
1593
1616
1635
1649
1653
1656
1662
1664
1669
1673
1668
1668
1673
1672
1673
1679
1682
1677
1679
1679
1680
1683
1682
1679
1683
1687
1687
1689
1687
1693
1690
1692
1692
1693
1692
1693
1696
1696
1692
1688
1687
1692
1688
1685
1682
1682
1679
1677
1669
1663
1662
1657
1656
1654
1650
1641
1637
1635
1631
1630
1627
1624
1622
1624
1624
1630
1627
1630
1625
1631
1629
1630
1624
1627
1627
1629
1630
1630
1635
1632
1635
1632
1635
1631
1634
1631
1634
1634
1635
1631
1635
1638
1635
1632
1636
1640
1632
1640
1638
1638
1638
1636
1638
1638
1640
1636
1641
1640
1641
1641
1641
1641
1638
1642
1638
1643
1634
1642
1642
1641
1645
1641
1641
1636
1637
1636
1640
1636
1632
1636
1636
1636
1634
1636
1635
1634
1631
1640
1635
1637
1631
1637
1636
1636
1635
1635
1636
1636
1640
1636
1635
1636
1637
1632
1635
1634
1631
1627
1635
1635
1631
1631
1630
1631
1631
1630
1629
1625
1622
1625
1609
1619
1618
1627
1627
1630
1628
1632
1631
1634
1632
1636
1635
1631
1630
1630
1634
1634
1631
1632
1636
1632
1636
1631
1630
1630
1631
1627
1624
1608
1578
1537
1489
1435
1370
1316
1264
1255
1282
1353
1429
1507
1553
1592
1612
1631
1645
1650
1660
1668
1674
1674
1677
1680
1677
1679
1679
1673
1679
1679
1681
1683
1686
1682
1690
1690
1688
1690
1688
1688
1690
1687
1693
1692
1690
1695
1693
1694
1692
1690
1695
1696
1693
1694
1693
1692
1687
1688
1687
1681
1673
1673
1667
1668
1667
1661
1654
1645
1643
1640
1638
1630
1630
1622
1622
1617
1622
1615
1622
1622
1623
1623
1628
1625
1627
1622
1629
1625
1629
1628
1630
1629
1630
1628
1625
1629
1630
1630
1627
1629
1624
1630
1630
1631
1625
1630
1627
1632
1632
1636
1630
1630
1636
1636
1637
1632
1635
1631
1640
1634
1640
1641
1640
1642
1645
1645
1640
1640
1640
1641
1643
1642
1641
1640
1644
1642
1645
1640
1638
1634
1636
1631
1636
1632
1630
1631
1629
1627
1624
1623
1623
1625
1625
1630
1630
1631
1629
1630
1627
1629
1624
1629
1630
1630
1630
1631
1631
1629
1631
1631
1634
1631
1631
1631
1635
1632
1630
1627
1628
1627
1625
1625
1624
1616
1592
1554
1502
1436
1366
1321
1264
1255
1281
1346
1418
1492
1545
1574
1601
1624
1641
1649
1653
1660
1666
1668
1669
1674
1673
1673
1676
1675
1677
1676
1677
1679
1679
1679
1681
1679
1682
1679
1681
1687
1688
1687
1690
1688
1689
1688
1692
1694
1692
1689
1690
1690
1692
1689
1688
1685
1687
1692
1686
1680
1682
1677
1673
1670
1663
1661
1657
1654
1650
1644
1636
1636
1631
1630
1634
1629
1627
1623
1624
1624
1630
1627
1631
1634
1631
1625
1616
1622
1623
1627
1635
1635
1630
1631
1623
1631
1630
1630
1623
1630
1631
1638
1632
1631
1631
1635
1635
1636
1631
1635
1635
1635
1642
1641
1640
1635
1635
1641
1641
1641
1642
1651
1654
1654
1654
1647
1649
1645
1650
1645
1649
1649
1649
1650
1645
1649
1641
1642
1640
1641
1636
1636
1634
1636
1638
1636
1641
1636
1635
1631
1641
1637
1635
1632
1631
1631
1630
1631
1635
1632
1632
1631
1630
1612
1584
1547
1488
1448
1385
1343
1294
1280
1301
1370
1441
1506
1548
1582
1605
1625
1642
1649
1654
1660
1669
1673
1669
1670
1673
1673
1679
1677
1675
1677
1679
1679
1679
1679
1676
1681
1685
1683
1688
1692
1688
1689
1692
1690
1687
1692
1690
1698
1692
1692
1692
1690
1688
1688
1688
1687
1681
1679
1681
1681
1677
1676
1668
1662
1660
1661
1655
1643
1642
1638
1641
1635
1630
1627
1624
1623
1627
1627
1629
1629
1628
1632
1636
1631
1630
1631
1631
1638
1635
1635
1634
1634
1630
1634
1632
1631
1632
1632
1635
1635
1635
1631
1636
1636
1637
1635
1635
1636
1640
1636
1638
1638
1635
1635
1640
1641
1641
1636
1641
1641
1641
1641
1643
1642
1642
1645
1645
1645
1642
1642
1643
1641
1644
1643
1641
1641
1641
1642
1640
1641
1638
1640
1636
1641
1640
1636
1640
1636
1638
1631
1634
1632
1640
1636
1640
1635
1634
1627
1631
1630
1630
1627
1627
1631
1630
1631
1636
1637
1631
1636
1638
1641
1640
1641
1638
1641
1641
1635
1640
1635
1635
1640
1641
1640
1640
1642
1638
1637
1636
1636
1630
1635
1631
1629
1605
1573
1545
1493
1449
1372
1306
1275
1272
1309
1385
1464
1530
1567
1603
1627
1643
1654
1663
1670
1673
1677
1677
1677
1680
1680
1681
1682
1735
1721
1707
1700
1702
1698
1694
1692
1695
1694
1692
1694
1694
1693
1692
1699
1695
1695
1693
1700
1700
1699
1699
1700
1690
1698
1696
1699
1693
1693
1692
1689
1686
1681
1677
1674
1669
1668
1662
1659
1650
1655
1644
1643
1637
1640
1637
1635
1631
1628
1627
1631
1634
1631
1632
1631
1634
1627
1631
1631
1636
1636
1641
1635
1641
1642
1640
1640
1640
1638
1637
1636
1632
1635
1635
1638
1644
1641
1640
1642
1644
1641
1640
1640
1640
1637
1638
1645
1643
1643
1645
1649
1650
1650
1650
1645
1649
1649
1647
1645
1645
1642
1644
1645
1648
1648
1645
1637
1641
1641
1642
1641
1643
1645
1644
1643
1636
1635
1630
1631
1628
1630
1630
1635
1635
1640
1641
1631
1631
1634
1634
1635
1641
1640
1640
1636
1640
1641
1635
1636
1638
1637
1635
1640
1635
1634
1635
1632
1635
1634
1631
1629
1630
1611
1584
1538
1487
1423
1365
1318
1257
1245
1264
1348
1436
1515
1560
1593
1619
1632
1650
1655
1662
1669
1674
1674
1673
1677
1675
1679
1680
1683
1685
1683
1686
1687
1688
1686
1683
1683
1687
1688
1687
1694
1688
1692
1692
1693
1694
1692
1696
1698
1694
1693
1700
1694
1693
1696
1699
1692
1687
1687
1685
1677
1676
1673
1668
1663
1662
1655
1651
1643
1640
1635
1638
1631
1632
1629
1631
1627
1630
1629
1627
1627
1631
1631
1635
1638
1632
1635
1630
1636
1635
1637
1631
1641
1634
1635
1636
1632
1632
1635
1636
1641
1641
1636
1640
1638
1640
1637
1638
1637
1636
1648
1649
1649
1654
1654
1657
1655
1654
1654
1649
1648
1645
1645
1654
1653
1651
1654
1653
1651
1650
1649
1645
1648
1643
1643
1640
1640
1641
1642
1641
1640
1643
1637
1640
1640
1638
1632
1616
1622
1625
1631
1627
1625
1627
1628
1610
1583
1541
1492
1444
1385
1324
1274
1254
1281
1350
1428
1494
1544
1577
1604
1634
1645
1654
1663
1668
1673
1670
1669
1673
1675
1681
1680
1683
1681
1680
1687
1688
1682
1686
1688
1693
1689
1694
1696
1692
1688
1693
1696
1698
1700
1702
1701
1701
1702
1703
1700
1698
1699
1696
1693
1696
1692
1692
1688
1679
1683
1677
1673
1667
1664
1657
1653
1649
1649
1637
1641
1637
1631
1630
1627
1628
1632
1624
1627
1627
1630
1631
1635
1631
1631
1632
1631
1634
1631
1631
1630
1636
1631
1635
1631
1630
1629
1631
1635
1631
1631
1632
1637
1630
1640
1635
1638
1636
1640
1640
1636
1638
1636
1642
1640
1643
1642
1641
1640
1643
1645
1643
1641
1641
1641
1643
1640
1650
1642
1645
1649
1645
1645
1640
1637
1640
1642
1640
1641
1640
1638
1636
1635
1643
1631
1635
1631
1638
1641
1640
1641
1636
1636
1632
1640
1635
1634
1634
1636
1636
1640
1641
1640
1636
1632
1631
1631
1631
1629
1634
1630
1634
1634
1634
1631
1636
1635
1632
1631
1631
1631
1628
1631
1631
1631
1625
1631
1634
1632
1631
1632
1634
1636
1635
1630
1631
1628
1630
1629
1632
1630
1631
1631
1634
1634
1634
1631
1631
1632
1630
1631
1629
1629
1625
1631
1630
1632
1630
1631
1631
1632
1636
1637
1636
1634
1630
1627
1630
1627
1631
1629
1631
1628
1629
1621
1623
1619
1624
1622
1630
1625
1631
1630
1631
1629
1631
1629
1635
1631
1631
1631
1630
1632
1630
1631
1627
1631
1624
1630
1627
1631
1628
1635
1629
1629
1619
1602
1570
1525
1474
1424
1364
1315
1268
1263
1307
1374
1451
1516
1563
1593
1616
1634
1645
1655
1662
1664
1673
1673
1673
1673
1670
1584
1619
1636
1653
1662
1672
1674
1676
1679
1682
1685
1688
1688
1688
1687
1687
1688
1689
1688
1693
1692
1693
1696
1693
1688
1692
1689
1692
1688
1690
1688
1687
1687
1683
1683
1677
1673
1668
1669
1666
1660
1659
1650
1650
1648
1647
1644
1638
1635
1631
1630
1624
1625
1625
1622
1619
1622
1622
1622
1622
1625
1627
1627
1629
1630
1630
1631
1635
1632
1630
1635
1631
1635
1630
1635
1631
1631
1629
1631
1630
1631
1631
1631
1636
1632
1636
1636
1636
1634
1640
1638
1638
1636
1640
1637
1642
1643
1643
1643
1645
1645
1645
1644
1645
1642
1644
1642
1644
1643
1641
1641
1638
1640
1638
1636
1636
1640
1640
1641
1636
1636
1638
1638
1643
1635
1634
1627
1632
1630
1630
1631
1631
1630
1630
1627
1624
1622
1623
1623
1627
1630
1629
1627
1631
1634
1631
1632
1631
1631
1627
1631
1634
1635
1630
1630
1635
1632
1635
1640
1635
1631
1635
1634
1637
1631
1634
1627
1627
1616
1598
1556
1511
1476
1412
1357
1289
1279
1274
1332
1399
1480
1534
1574
1598
1622
1636
1651
1653
1661
1663
1667
1670
1668
1670
1674
1680
1677
1675
1674
1676
1679
1683
1677
1681
1687
1682
1683
1683
1683
1686
1681
1686
1692
1688
1688
1693
1694
1694
1689
1692
1692
1689
1688
1688
1687
1682
1682
1681
1679
1679
1674
1667
1664
1659
1660
1657
1653
1650
1643
1641
1635
1631
1627
1627
1624
1627
1627
1627
1627
1628
1625
1624
1627
1630
1630
1636
1641
1636
1631
1630
1630
1631
1635
1631
1638
1638
1640
1641
1636
1636
1634
1640
1634
1641
1635
1640
1641
1641
1642
1648
1647
1643
1643
1641
1643
1645
1645
1645
1641
1645
1645
1648
1643
1644
1650
1649
1650
1649
1650
1700
1683
1668
1660
1653
1648
1650
1649
1642
1642
1641
1642
1641
1647
1641
1640
1638
1641
1644
1641
1641
1640
1643
1641
1644
1636
1640
1635
1635
1631
1625
1624
1629
1632
1631
1640
1637
1640
1635
1636
1638
1641
1636
1636
1640
1638
1640
1636
1638
1637
1644
1643
1645
1641
1641
1641
1638
1641
1640
1641
1636
1636
1631
1624
1596
1558
1508
1463
1416
1359
1305
1262
1266
1316
1397
1480
1540
1578
1611
1631
1649
1657
1669
1673
1677
1679
1679
1676
1683
1681
1681
1680
1685
1685
1683
1689
1694
1690
1689
1692
1695
1692
1692
1696
1692
1693
1695
1698
1696
1698
1698
1698
1702
1698
1698
1696
1696
1698
1694
1693
1692
1688
1692
1688
1681
1679
1675
1669
1667
1661
1656
1650
1645
1642
1648
1640
1636
1631
1632
1632
1635
1631
1631
1627
1630
1631
1631
1631
1631
1635
1635
1640
1635
1632
1630
1638
1636
1635
1638
1635
1635
1635
1635
1635
1636
1636
1640
1641
1640
1640
1635
1640
1635
1638
1631
1636
1631
1631
1632
1640
1640
1637
1644
1642
1643
1638
1640
1640
1638
1641
1637
1636
1636
1638
1638
1640
1636
1635
1631
1631
1629
1629
1627
1624
1625
1622
1623
1627
1627
1627
1631
1631
1630
1625
1625
1621
1627
1623
1623
1623
1624
1619
1624
1612
1593
1565
1521
1485
1415
1373
1315
1281
1256
1314
1376
1447
1508
1552
1580
1605
1622
1631
1648
1654
1664
1668
1667
1666
1673
1669
1673
1670
1674
1675
1682
1679
1679
1681
1683
1681
1685
1688
1690
1688
1687
1688
1692
1692
1692
1694
1690
1695
1698
1702
1695
1694
1698
1699
1692
1695
1695
1694
1692
1687
1685
1681
1679
1676
1670
1666
1660
1656
1654
1648
1648
1643
1640
1631
1634
1631
1649
1696
1673
1657
1650
1645
1644
1640
1636
1635
1641
1640
1638
1641
1638
1641
1641
1641
1640
1636
1636
1636
1635
1636
1640
1635
1641
1641
1642
1641
1636
1635
1640
1643
1642
1645
1645
1642
1647
1650
1648
1643
1649
1647
1650
1650
1651
1655
1655
1650
1651
1649
1648
1649
1649
1648
1649
1649
1645
1645
1645
1645
1645
1643
1642
1644
1644
1642
1645
1641
1640
1641
1643
1643
1641
1641
1640
1642
1640
1643
1637
1638
1643
1642
1641
1635
1640
1635
1640
1640
1636
1631
1636
1632
1634
1631
1630
1627
1631
1636
1641
1638
1632
1636
1638
1636
1636
1634
1635
1635
1640
1640
1643
1636
1641
1640
1643
1638
1635
1640
1638
1640
1640
1642
1636
1635
1636
1631
1609
1583
1546
1488
1428
1378
1321
1280
1267
1305
1376
1448
1514
1564
1593
1616
1635
1649
1659
1664
1673
1677
1677
1673
1676
1677
1681
1681
1681
1680
1680
1683
1687
1683
1687
1688
1693
1690
1692
1693
1688
1690
1688
1693
1696
1693
1694
1696
1698
1693
1696
1694
1693
1692
1694
1692
1688
1687
1687
1693
1685
1680
1679
1673
1664
1664
1659
1654
1650
1647
1643
1641
1637
1634
1631
1629
1630
1630
1630
1623
1630
1627
1632
1630
1631
1629
1631
1631
1635
1632
1632
1637
1635
1638
1631
1631
1629
1634
1630
1631
1631
1632
1634
1635
1637
1636
1636
1636
1641
1641
1640
1640
1636
1635
1637
1641
1641
1643
1645
1649
1648
1647
1650
1645
1648
1648
1645
1649
1645
1650
1650
1651
1653
1649
1648
1641
1650
1647
1648
1649
1644
1645
1640
1641
1641
1642
1638
1635
1637
1640
1644
1635
1641
1635
1640
1630
1631
1622
1627
1627
1636
1635
1637
1636
1638
1637
1632
1636
1636
1641
1635
1642
1635
1632
1667
1659
1655
1650
1645
1642
1641
1641
1645
1641
1643
1636
1636
1636
1635
1629
1625
1610
1582
1546
1500
1435
1374
1319
1285
1283
1321
1389
1464
1528
1570
1601
1622
1641
1649
1660
1666
1674
1675
1677
1673
1674
1680
1679
1677
1677
1680
1687
1692
1689
1688
1688
1688
1688
1687
1687
1688
1693
1690
1698
1693
1692
1692
1692
1696
1696
1695
1700
1694
1695
1693
1698
1694
1688
1692
1689
1682
1679
1679
1676
1674
1670
1660
1662
1650
1650
1645
1643
1637
1636
1635
1638
1632
1631
1628
1630
1631
1627
1629
1629
1629
1627
1634
1631
1634
1631
1636
1636
1636
1637
1635
1635
1634
1640
1635
1636
1631
1635
1635
1637
1636
1641
1641
1640
1644
1645
1644
1643
1645
1650
1645
1644
1647
1643
1650
1649
1654
1649
1649
1650
1647
1649
1648
1645
1642
1642
1643
1641
1647
1642
1644
1649
1645
1644
1638
1638
1636
1641
1636
1636
1631
1636
1638
1637
1632
1632
1634
1627
1599
1569
1539
1481
1415
1347
1319
1270
1267
1300
1369
1451
1516
1558
1586
1611
1624
1640
1648
1653
1659
1664
1669
1669
1673
1674
1675
1672
1673
1677
1679
1676
1679
1675
1679
1679
1677
1681
1683
1686
1694
1693
1688
1690
1693
1692
1693
1694
1692
1696
1698
1698
1694
1695
1695
1690
1688
1688
1683
1677
1674
1673
1674
1669
1666
1663
1660
1659
1645
1642
1641
1632
1635
1636
1636
1627
1632
1628
1636
1629
1630
1630
1635
1634
1634
1638
1636
1637
1635
1636
1635
1640
1636
1638
1636
1641
1644
1640
1641
1637
1642
1642
1643
1641
1642
1643
1641
1645
1641
1642
1643
1650
1644
1649
1653
1650
1650
1650
1650
1650
1644
1650
1648
1654
1651
1649
1649
1643
1645
1645
1635
1700
1680
1670
1664
1659
1653
1648
1649
1643
1645
1641
1645
1642
1643
1644
1645
1641
1640
1642
1640
1642
1640
1640
1641
1643
1643
1641
1641
1641
1643
1642
1643
1640
1641
1641
1643
1641
1635
1636
1635
1635
1631
1632
1634
1640
1635
1638
1638
1640
1636
1636
1640
1641
1641
1641
1643
1640
1640
1642
1643
1638
1636
1641
1638
1641
1637
1642
1638
1640
1637
1636
1636
1629
1619
1595
1563
1508
1440
1385
1338
1290
1268
1299
1347
1427
1499
1554
1586
1612
1629
1641
1654
1664
1668
1674
1676
1674
1682
1677
1679
1677
1679
1679
1681
1683
1685
1682
1686
1686
1685
1683
1687
1688
1685
1689
1690
1689
1688
1693
1695
1693
1694
1693
1692
1689
1692
1692
1692
1692
1692
1688
1683
1677
1677
1675
1669
1669
1666
1660
1662
1653
1654
1649
1644
1640
1635
1635
1627
1625
1621
1621
1622
1625
1623
1627
1624
1629
1631
1630
1627
1631
1624
1627
1629
1631
1630
1631
1634
1632
1632
1631
1627
1631
1635
1632
1638
1631
1638
1635
1635
1637
1630
1631
1631
1636
1635
1644
1641
1643
1637
1642
1643
1641
1641
1637
1643
1643
1644
1649
1643
1649
1647
1645
1643
1636
1638
1638
1641
1637
1640
1636
1640
1641
1644
1641
1636
1632
1630
1635
1641
1634
1625
1630
1634
1637
1635
1635
1638
1636
1640
1638
1640
1632
1635
1636
1638
1642
1640
1636
1638
1641
1638
1640
1636
1634
1640
1640
1640
1635
1631
1630
1629
1627
1606
1583
1544
1498
1461
1401
1352
1305
1288
1308
1376
1447
1511
1557
1589
1614
1640
1648
1657
1660
1662
1673
1675
1675
1675
1683
1683
1685
1679
1681
1681
1687
1686
1682
1685
1687
1688
1688
1692
1695
1692
1692
1693
1698
1692
1695
1694
1698
1739
1726
1719
1711
1705
1699
1698
1696
1692
1688
1690
1687
1681
1679
1674
1677
1673
1666
1662
1654
1650
1644
1643
1641
1632
1632
1635
1631
1635
1632
1629
1634
1631
1632
1635
1635
1631
1632
1635
1636
1638
1640
1638
1640
1642
1640
1641
1640
1641
1643
1645
1643
1640
1641
1641
1645
1642
1645
1645
1643
1644
1643
1643
1640
1643
1642
1645
1649
1650
1650
1649
1650
1650
1654
1653
1651
1651
1654
1649
1654
1649
1650
1648
1647
1647
1645
1645
1645
1644
1644
1642
1636
1635
1634
1632
1641
1641
1641
1644
1645
1645
1643
1642
1640
1641
1641
1641
1644
1641
1641
1641
1642
1640
1644
1640
1642
1641
1643
1644
1640
1645
1641
1645
1640
1638
1631
1631
1621
1601
1560
1525
1469
1399
1357
1307
1283
1290
1352
1428
1498
1551
1584
1611
1631
1650
1662
1664
1668
1673
1676
1674
1677
1679
1679
1679
1681
1681
1687
1679
1686
1687
1692
1693
1693
1688
1692
1688
1690
1690
1692
1692
1696
1698
1700
1696
1698
1694
1698
1698
1698
1696
1692
1692
1694
1692
1687
1687
1685
1681
1679
1677
1670
1667
1660
1656
1654
1649
1642
1636
1636
1634
1634
1631
1631
1630
1627
1630
1631
1634
1631
1634
1632
1635
1635
1634
1636
1636
1638
1638
1640
1640
1641
1640
1641
1637
1636
1636
1638
1636
1636
1638
1636
1641
1640
1644
1642
1641
1638
1641
1642
1640
1641
1641
1647
1648
1654
1654
1649
1649
1645
1649
1647
1645
1648
1649
1649
1649
1649
1650
1645
1647
1649
1650
1649
1649
1649
1649
1644
1644
1641
1643
1640
1642
1642
1638
1635
1635
1630
1630
1631
1641
1642
1641
1643
1640
1642
1636
1641
1640
1640
1645
1643
1644
1645
1649
1643
1643
1640
1636
1634
1635
1640
1638
1642
1638
1641
1643
1637
1637
1636
1635
1622
1595
1564
1511
1460
1392
1343
1286
1264
1266
1346
1432
1508
1556
1593
1619
1641
1654
1660
1663
1674
1679
1677
1681
1680
1687
1687
1687
1694
1692
1682
1683
1687
1688
1688
1692
1694
1693
1695
1698
1700
1698
1698
1700
1702
1699
1696
1700
1701
1700
1701
1702
1701
1700
1698
1700
1696
1688
1687
1687
1680
1674
1677
1673
1670
1666
1662
1657
1650
1643
1643
1642
1640
1634
1635
1627
1631
1624
1630
1627
1627
1627
1635
1631
1635
1630
1632
1634
1637
1640
1636
1634
1628
1632
1636
1641
1640
1641
1641
1641
1643
1640
1638
1636
1638
1638
1640
1638
1640
1643
1642
1648
1643
1644
1645
1648
1648
1647
1645
1643
1643
1644
1645
1645
1643
1645
1650
1649
1648
1645
1649
1641
1644
1643
1648
1644
1641
1645
1641
1638
1631
1634
1630
1634
1631
1631
1635
1636
1635
1635
1636
1638
1641
1635
1640
1641
1638
1638
1636
1637
1640
1640
1636
1636
1638
1637
1638
1638
1638
1632
1634
1629
1634
1634
1631
1624
1621
1593
1545
1499
1441
1374
1334
1275
1262
1269
1333
1421
1492
1548
1582
1603
1624
1641
1648
1656
1660
1666
1677
1674
1674
1676
1674
1674
1679
1677
1679
1679
1679
1681
1683
1688
1685
1685
1685
1690
1686
1685
1681
1690
1687
1688
1689
1693
1693
1692
1693
1693
1689
1685
1683
1686
1688
1686
1681
1676
1676
1669
1667
1664
1654
1654
1649
1643
1641
1637
1632
1631
1631
1624
1623
1621
1615
1621
1622
1623
1627
1625
1627
1631
1630
1625
1624
1622
1623
1623
1630
1629
1630
1628
1632
1635
1634
1630
1632
1630
1631
1631
1631
1634
1630
1630
1635
1635
1629
1635
1631
1636
1631
1615
1623
1630
1632
1640
1642
1645
1649
1645
1650
1651
1650
1649
1645
1649
1642
1642
1636
1637
1632
1636
1636
1635
1637
1634
1636
1636
1636
1637
1640
1635
1640
1640
1636
1630
1631
1631
1632
1634
1634
1631
1630
1630
1630
1630
1627
1629
1627
1628
1624
1612
1591
1552
1509
1447
1393
1332
1286
1264
1282
1351
1424
1489
1540
1574
1593
1617
1631
1640
1649
1655
1661
1662
1664
1668
1669
1673
1669
1673
1674
1674
1673
1676
1673
1675
1677
1677
1681
1682
1680
1681
1681
1683
1681
1683
1681
1683
1683
1686
1688
1685
1687
1688
1687
1683
1681
1677
1675
1673
1670
1669
1669
1661
1659
1650
1648
1644
1637
1635
1630
1630
1622
1622
1618
1618
1617
1619
1619
1617
1617
1619
1618
1622
1619
1618
1619
1621
1622
1622
1621
1622
1622
1624
1623
1624
1621
1622
1618
1623
1621
1622
1619
1630
1624
1627
1622
1623
1623
1627
1630
1630
1630
1629
1631
1635
1635
1636
1636
1634
1636
1636
1641
1640
1641
1636
1641
1640
1638
1640
1636
1635
1631
1634
1631
1629
1627
1631
1631
1631
1632
1634
1631
1631
1631
1629
1629
1624
1628
1629
1630
1628
1631
1631
1627
1623
1624
1624
1624
1622
1624
1623
1621
1624
1623
1621
1625
1622
1622
1624
1625
1625
1628
1628
1623
1630
1629
1629
1628
1624
1624
1629
1627
1629
1623
1625
1623
1627
1627
1629
1625
1623
1625
1630
1629
1625
1622
1618
1602
1573
1532
1485
1423
1359
1320
1280
1262
1309
1379
1449
1520
1559
1589
1612
1630
1644
1654
1655
1662
1668
1668
1669
1669
1670
1673
1676
1675
1674
1679
1676
1675
1679
1679
1679
1682
1686
1687
1688
1688
1681
1683
1686
1688
1688
1689
1690
1693
1687
1687
1686
1668
1669
1680
1677
1683
1680
1673
1674
1669
1668
1668
1660
1656
1653
1649
1650
1641
1637
1632
1634
1627
1625
1624
1622
1617
1618
1617
1619
1617
1618
1622
1624
1627
1628
1623
1624
1625
1629
1630
1627
1622
1625
1628
1629
1627
1630
1627
1630
1630
1630
1624
1629
1627
1635
1635
1634
1631
1635
1635
1636
1640
1637
1636
1636
1637
1638
1641
1638
1643
1640
1641
1643
1641
1641
1640
1645
1645
1645
1641
1641
1638
1635
1635
1635
1634
1634
1636
1636
1640
1635
1636
1635
1631
1625
1625
1621
1623
1627
1631
1627
1630
1631
1631
1629
1629
1631
1629
1629
1630
1635
1630
1631
1628
1631
1627
1634
1627
1630
1627
1631
1631
1634
1627
1627
1628
1630
1631
1629
1622
1614
1599
1578
1539
1480
1428
1376
1324
1275
1268
1302
1374
1450
1518
1560
1588
1612
1630
1645
1657
1659
1660
1662
1664
1668
1670
1669
1668
1673
1674
1675
1676
1673
1674
1676
1676
1677
1679
1681
1681
1682
1683
1686
1681
1681
1680
1681
1688
1690
1688
1688
1690
1688
1683
1682
1683
1680
1674
1674
1676
1669
1669
1664
1662
1659
1655
1650
1649
1645
1638
1638
1625
1622
1624
1619
1616
1615
1611
1618
1614
1622
1618
1622
1612
1622
1618
1628
1622
1623
1622
1629
1628
1631
1631
1629
1629
1628
1624
1624
1630
1624
1627
1627
1630
1627
1631
1630
1634
1632
1632
1632
1638
1632
1635
1635
1635
1634
1636
1641
1641
1641
1638
1643
1643
1645
1650
1649
1649
1644
1643
1643
1642
1642
1641
1644
1641
1637
1635
1631
1630
1634
1634
1636
1632
1634
1635
1636
1631
1630
1630
1630
1631
1635
1635
1629
1631
1629
1630
1630
1629
1625
1627
1624
1625
1623
1612
1586
1544
1502
1445
1384
1327
1294
1332
1315
1358
1435
1502
1547
1579
1605
1624
1640
1649
1653
1656
1662
1664
1669
1669
1674
1672
1675
1672
1673
1674
1673
1674
1679
1674
1677
1681
1683
1681
1680
1679
1682
1686
1687
1685
1692
1692
1690
1689
1692
1693
1692
1687
1689
1687
1685
1680
1676
1675
1681
1680
1672
1669
1661
1659
1654
1650
1642
1638
1636
1636
1631
1624
1622
1623
1622
1623
1622
1617
1619
1617
1622
1622
1623
1623
1627
1629
1630
1630
1631
1629
1629
1630
1631
1627
1630
1631
1635
1630
1627
1627
1631
1631
1632
1630
1634
1634
1632
1631
1635
1635
1632
1631
1630
1635
1640
1636
1636
1637
1640
1640
1641
1636
1636
1631
1635
1638
1635
1635
1636
1641
1637
1637
1634
1634
1630
1631
1631
1635
1635
1631
1634
1631
1630
1624
1629
1630
1630
1627
1629
1623
1630
1627
1634
1625
1627
1622
1622
1615
1621
1621
1622
1621
1622
1624
1630
1622
1624
1627
1627
1630
1628
1627
1630
1629
1630
1630
1624
1628
1630
1627
1627
1630
1622
1623
1624
1623
1622
1624
1621
1622
1621
1605
1582
1532
1474
1434
1364
1322
1275
1253
1275
1343
1418
1490
1540
1573
1598
1622
1640
1649
1649
1655
1660
1662
1664
1667
1669
1668
1669
1674
1676
1674
1674
1674
1679
1679
1674
1679
1673
1681
1685
1682
1681
1683
1687
1682
1681
1685
1685
1683
1685
1689
1689
1682
1685
1688
1685
1682
1681
1676
1674
1674
1672
1667
1662
1655
1655
1650
1645
1640
1638
1634
1631
1623
1622
1617
1621
1618
1619
1619
1616
1619
1621
1622
1623
1622
1624
1621
1624
1624
1629
1627
1627
1624
1625
1624
1629
1623
1627
1625
1631
1630
1631
1630
1630
1630
1629
1631
1631
1635
1631
1636
1636
1637
1636
1612
1619
1628
1632
1632
1640
1638
1645
1643
1642
1636
1641
1641
1644
1641
1640
1642
1640
1642
1643
1643
1636
1635
1630
1634
1622
1627
1627
1631
1627
1631
1630
1630
1628
1631
1631
1634
1631
1632
1631
1635
1636
1631
1636
1631
1635
1631
1634
1630
1628
1627
1631
1628
1631
1630
1631
1630
1635
1631
1631
1622
1605
1580
1546
1488
1427
1361
1312
1285
1283
1303
1370
1445
1508
1554
1586
1606
1631
1645
1653
1659
1659
1661
1667
1667
1668
1669
1669
1669
1673
1675
1673
1673
1668
1673
1674
1676
1677
1682
1681
1681
1681
1683
1683
1682
1685
1685
1687
1688
1688
1687
1686
1687
1687
1683
1681
1680
1679
1679
1676
1673
1672
1664
1662
1662
1654
1651
1643
1644
1643
1637
1635
1627
1623
1617
1619
1619
1618
1616
1617
1617
1619
1616
1619
1623
1622
1628
1629
1625
1624
1624
1624
1625
1625
1623
1624
1625
1623
1624
1629
1625
1631
1630
1630
1628
1631
1630
1634
1634
1635
1636
1635
1634
1630
1637
1638
1640
1641
1643
1645
1642
1642
1638
1638
1638
1640
1640
1637
1641
1640
1642
1638
1640
1638
1636
1634
1634
1631
1630
1631
1632
1634
1636
1636
1624
1623
1622
1624
1623
1625
1622
1630
1628
1630
1627
1630
1628
1632
1630
1634
1634
1631
1635
1635
1632
1628
1631
1629
1631
1631
1634
1630
1630
1634
1630
1631
1627
1629
1624
1627
1621
1599
1570
1540
1487
1440
1371
1318
1280
1282
1328
1392
1468
1522
1561
1589
1612
1630
1642
1648
1659
1664
1669
1672
1670
1669
1672
1679
1677
1676
1674
1676
1679
1679
1680
1679
1677
1680
1682
1683
1682
1687
1682
1681
1685
1688
1688
1688
1692
1694
1693
1693
1690
1688
1692
1689
1687
1682
1683
1676
1673
1638
1649
1651
1657
1653
1653
1645
1645
1643
1638
1631
1632
1629
1622
1618
1623
1621
1622
1622
1622
1622
1627
1624
1630
1623
1622
1624
1625
1627
1631
1629
1631
1630
1631
1635
1632
1631
1630
1634
1630
1632
1635
1636
1634
1635
1632
1638
1640
1636
1641
1641
1640
1640
1643
1640
1642
1641
1641
1640
1643
1643
1648
1647
1641
1645
1643
1643
1644
1641
1636
1635
1641
1640
1641
1640
1636
1637
1636
1632
1631
1625
1627
1629
1630
1631
1631
1631
1631
1631
1634
1638
1634
1637
1636
1638
1631
1629
1630
1630
1630
1631
1636
1634
1635
1631
1640
1634
1631
1627
1631
1636
1634
1630
1627
1618
1603
1560
1532
1470
1406
1351
1303
1285
1280
1326
1396
1474
1535
1577
1602
1618
1632
1648
1653
1661
1663
1669
1670
1674
1673
1669
1669
1674
1674
1676
1674
1675
1680
1682
1686
1687
1688
1683
1683
1686
1688
1685
1688
1687
1688
1688
1688
1693
1693
1689
1692
1693
1690
1683
1682
1680
1681
1683
1681
1674
1673
1673
1669
1669
1656
1651
1649
1643
1641
1636
1630
1624
1628
1619
1624
1621
1619
1618
1623
1625
1629
1625
1624
1624
1627
1624
1624
1627
1629
1627
1628
1629
1632
1630
1631
1629
1631
1631
1631
1636
1632
1640
1635
1635
1631
1631
1631
1636
1636
1632
1638
1640
1642
1642
1641
1638
1636
1644
1636
1643
1640
1641
1643
1645
1645
1644
1641
1641
1642
1640
1641
1636
1641
1637
1640
1638
1640
1635
1630
1631
1631
1631
1627
1634
1632
1637
1631
1635
1634
1635
1636
1638
1638
1635
1638
1636
1644
1638
1636
1635
1636
1636
1635
1636
1631
1635
1636
1636
1636
1640
1634
1637
1635
1634
1622
1593
1558
1514
1451
1401
1347
1303
1270
1286
1325
1404
1466
1532
1573
1604
1624
1643
1654
1662
1668
1673
1674
1677
1679
1677
1679
1681
1681
1683
1680
1682
1683
1688
1688
1685
1683
1692
1690
1692
1688
1692
1692
1692
1696
1698
1696
1696
1700
1698
1696
1694
1698
1695
1690
1693
1696
1692
1687
1681
1679
1679
1674
1669
1668
1664
1654
1654
1649
1648
1641
1636
1636
1631
1629
1630
1630
1629
1629
1627
1624
1624
1628
1624
1629
1624
1632
1630
1635
1631
1637
1635
1638
1636
1640
1636
1632
1635
1632
1637
1632
1636
1632
1636
1640
1640
1636
1635
1640
1641
1644
1641
1641
1643
1643
1641
1641
1645
1643
1641
1641
1643
1643
1642
1645
1644
1650
1648
1642
1643
1640
1641
1638
1638
1630
1634
1629
1631
1630
1635
1634
1636
1636
1635
1635
1631
1631
1630
1636
1635
1635
1632
1636
1636
1636
1635
1635
1632
1630
1635
1638
1636
1635
1636
1632
1636
1636
1632
1631
1631
1630
1627
1616
1586
1532
1485
1425
1369
1324
1268
1262
1293
1361
1436
1507
1554
1586
1615
1632
1641
1649
1656
1664
1669
1673
1669
1670
1674
1676
1673
1674
1673
1675
1680
1679
1680
1683
1685
1683
1683
1688
1687
1683
1687
1692
1690
1687
1686
1688
1688
1689
1688
1693
1688
1688
1688
1690
1683
1687
1683
1681
1679
1674
1670
1664
1661
1656
1655
1649
1645
1642
1641
1635
1630
1623
1622
1619
1618
1618
1622
1619
1618
1622
1627
1627
1625
1624
1624
1624
1627
1628
1629
1625
1629
1627
1631
1631
1630
1630
1631
1635
1632
1630
1627
1629
1631
1631
1631
1631
1631
1635
1636
1641
1640
1641
1640
1641
1644
1643
1641
1638
1642
1641
1643
1641
1643
1643
1648
1647
1645
1645
1643
1637
1638
1637
1643
1640
1637
1637
1636
1630
1624
1631
1630
1630
1635
1632
1631
1634
1634
1634
1634
1637
1634
1637
1631
1636
1635
1634
1630
1632
1632
1636
1634
1635
1640
1635
1634
1631
1631
1627
1630
1631
1635
1630
1631
1629
1622
1599
1564
1518
1461
1390
1337
1318
1270
1272
1328
1411
1482
1537
1574
1601
1621
1638
1649
1653
1659
1668
1669
1675
1674
1674
1676
1675
1677
1679
1679
1676
1677
1679
1679
1679
1681
1683
1681
1685
1687
1688
1687
1687
1692
1688
1692
1690
1688
1685
1687
1689
1692
1689
1688
1685
1685
1683
1681
1670
1669
1667
1664
1664
1657
1650
1645
1650
1645
1640
1636
1630
1627
1623
1621
1616
1616
1617
1624
1619
1623
1621
1624
1621
1618
1624
1627
1621
1625
1624
1627
1622
1624
1625
1624
1627
1630
1627
1627
1630
1630
1627
1629
1625
1627
1627
1629
1627
1625
1634
1630
1637
1632
1638
1635
1636
1640
1641
1641
1640
1637
1631
1640
1641
1641
1640
1643
1638
1643
1642
1635
1638
1632
1641
1635
1632
1630
1635
1636
1636
1637
1635
1634
1623
1624
1624
1619
1615
1622
1622
1624
1622
1625
1623
1625
1623
1627
1624
1629
1622
1630
1628
1630
1624
1627
1622
1622
1627
1629
1624
1622
1629
1628
1631
1624
1625
1622
1624
1619
1614
1593
1559
1516
1481
1417
1358
1309
1281
1276
1324
1393
1466
1524
1561
1592
1611
1629
1642
1648
1659
1659
1668
1673
1669
1668
1669
1672
1672
1674
1673
1675
1674
1677
1679
1677
1674
1679
1677
1683
1682
1683
1687
1683
1683
1686
1686
1685
1688
1692
1688
1690
1688
1688
1688
1688
1688
1681
1679
1681
1681
1674
1669
1667
1666
1659
1657
1654
1642
1641
1635
1638
1631
1629
1624
1628
1624
1623
1621
1621
1621
1619
1621
1628
1625
1621
1702
1682
1660
1649
1641
1638
1631
1632
1631
1632
1623
1630
1627
1630
1635
1632
1630
1632
1629
1632
1636
1631
1632
1635
1638
1638
1641
1640
1631
1641
1642
1642
1640
1644
1643
1645
1645
1649
1650
1645
1648
1648
1647
1641
1642
1643
1640
1641
1641
1641
1638
1641
1636
1643
1637
1638
1632
1636
1632
1630
1629
1629
1629
1632
1635
1636
1636
1637
1640
1636
1641
1634
1635
1631
1640
1634
1634
1630
1635
1640
1640
1636
1634
1635
1635
1636
1636
1637
1635
1636
1638
1635
1631
1631
1621
1588
1548
1512
1445
1376
1319
1280
1272
1283
1352
1428
1505
1554
1588
1615
1630
1643
1654
1663
1662
1669
1670
1673
1674
1677
1677
1679
1679
1681
1679
1680
1683
1681
1687
1692
1692
1683
1681
1680
1687
1688
1692
1693
1690
1693
1694
1693
1693
1692
1693
1695
1694
1688
1688
1686
1687
1689
1683
1688
1679
1669
1664
1664
1661
1662
1654
1648
1648
1644
1641
1631
1631
1623
1630
1622
1623
1617
1622
1621
1625
1623
1624
1624
1627
1630
1630
1629
1629
1632
1629
1631
1630
1631
1625
1628
1627
1630
1630
1634
1631
1634
1631
1631
1631
1630
1632
1637
1637
1636
1636
1634
1638
1640
1637
1641
1641
1642
1642
1650
1645
1643
1640
1640
1641
1640
1641
1641
1643
1649
1647
1649
1638
1635
1631
1636
1631
1634
1631
1635
1631
1631
1636
1634
1636
1635
1641
1640
1641
1638
1638
1636
1638
1637
1630
1636
1635
1640
1641
1641
1638
1640
1641
1638
1634
1631
1632
1631
1632
1630
1619
1592
1553
1499
1454
1389
1334
1279
1272
1289
1359
1441
1512
1563
1597
1621
1636
1648
1655
1666
1673
1675
1675
1676
1674
1683
1682
1681
1679
1686
1688
1683
1687
1688
1690
1685
1688
1655
1664
1675
1683
1687
1687
1688
1692
1694
1688
1693
1699
1700
1696
1698
1696
1698
1690
1689
1688
1685
1679
1682
1677
1669
1670
1663
1660
1656
1653
1645
1641
1640
1635
1640
1627
1631
1629
1629
1624
1629
1624
1627
1631
1634
1630
1634
1627
1630
1630
1635
1631
1636
1636
1637
1636
1635
1638
1634
1641
1638
1642
1636
1642
1636
1638
1640
1637
1638
1635
1643
1640
1643
1641
1640
1641
1637
1641
1642
1642
1643
1644
1647
1650
1654
1647
1649
1645
1645
1643
1640
1638
1641
1648
1645
1645
1641
1637
1632
1630
1627
1629
1631
1635
1636
1635
1635
1635
1635
1632
1636
1635
1638
1637
1637
1641
1640
1637
1630
1631
1634
1636
1634
1632
1637
1636
1641
1635
1636
1630
1632
1632
1635
1625
1624
1606
1578
1537
1499
1434
1369
1319
1290
1272
1302
1370
1444
1509
1553
1586
1612
1627
1641
1655
1663
1664
1673
1677
1674
1676
1677
1679
1679
1680
1679
1683
1687
1681
1680
1681
1686
1685
1688
1688
1692
1688
1692
1692
1688
1692
1690
1694
1694
1700
1693
1693
1689
1688
1688
1688
1680
1682
1681
1676
1677
1674
1669
1667
1662
1659
1653
1647
1644
1640
1636
1632
1630
1622
1621
1619
1618
1617
1618
1616
1621
1621
1624
1625
1629
1622
1624
1627
1627
1623
1629
1625
1630
1632
1630
1631
1630
1632
1640
1641
1635
1635
1636
1636
1632
1635
1638
1634
1637
1641
1648
1641
1641
1640
1643
1640
1640
1640
1640
1643
1641
1648
1649
1645
1644
1641
1645
1642
1641
1640
1640
1641
1641
1642
1638
1640
1640
1637
1634
1635
1630
1631
1617
1604
1565
1530
1489
1425
1373
1318
1287
1280
1328
1392
1468
1520
1558
1584
1608
1627
1635
1643
1653
1673
1641
1655
1664
1668
1672
1669
1672
1675
1674
1677
1683
1677
1679
1686
1685
1681
1687
1689
1690
1689
1690
1693
1692
1692
1693
1694
1693
1693
1696
1692
1688
1688
1692
1689
1689
1688
1687
1683
1682
1679
1675
1668
1660
1659
1654
1654
1650
1644
1640
1640
1638
1634
1631
1627
1630
1623
1624
1624
1629
1625
1632
1631
1634
1631
1631
1631
1634
1631
1635
1635
1631
1631
1632
1636
1636
1636
1636
1635
1636
1640
1636
1641
1638
1640
1640
1641
1641
1638
1640
1641
1641
1642
1645
1645
1647
1649
1642
1643
1638
1642
1641
1641
1641
1641
1642
1641
1643
1643
1640
1641
1641
1645
1640
1640
1636
1640
1635
1636
1641
1636
1636
1635
1638
1636
1636
1635
1635
1631
1628
1631
1634
1631
1635
1641
1634
1638
1634
1631
1636
1636
1635
1631
1630
1629
1630
1627
1631
1631
1635
1629
1631
1631
1630
1623
1624
1624
1631
1629
1630
1631
1631
1630
1634
1632
1635
1635
1636
1636
1636
1635
1631
1637
1635
1636
1637
1635
1632
1631
1636
1636
1632
1635
1636
1632
1635
1630
1623
1597
1563
1526
1469
1402
1343
1290
1269
1267
1328
1401
1474
1539
1577
1603
1624
1640
1649
1660
1664
1667
1675
1677
1677
1679
1681
1677
1679
1680
1681
1679
1683
1683
1681
1683
1690
1690
1688
1690
1694
1689
1689
1688
1695
1693
1693
1693
1700
1693
1693
1693
1694
1689
1694
1693
1689
1687
1688
1687
1685
1676
1672
1669
1673
1669
1662
1656
1653
1650
1644
1643
1636
1632
1628
1631
1624
1625
1621
1623
1624
1627
1627
1630
1629
1630
1634
1634
1636
1631
1634
1635
1640
1638
1640
1637
1636
1634
1638
1640
1636
1641
1636
1637
1638
1641
1640
1641
1645
1647
1647
1643
1649
1645
1679
1681
1673
1664
1655
1655
1654
1657
1654
1650
1650
1650
1651
1651
1649
1650
1649
1654
1650
1649
1648
1645
1641
1642
1645
1645
1648
1649
1645
1644
1635
1631
1627
1631
1630
1634
1631
1638
1638
1643
1642
1640
1640
1641
1645
1642
1643
1641
1644
1642
1643
1644
1641
1641
1638
1643
1643
1643
1641
1641
1637
1642
1642
1640
1636
1631
1635
1627
1606
1574
1527
1473
1408
1346
1316
1285
1272
1337
1409
1488
1539
1579
1610
1631
1650
1660
1664
1673
1675
1677
1676
1677
1675
1677
1680
1681
1685
1682
1686
1681
1687
1688
1687
1686
1687
1692
1687
1690
1693
1696
1692
1695
1694
1692
1690
1693
1695
1696
1694
1693
1688
1688
1687
1687
1683
1677
1679
1677
1673
1674
1667
1659
1656
1649
1650
1642
1641
1631
1631
1627
1630
1628
1624
1617
1621
1622
1622
1622
1625
1624
1624
1627
1625
1628
1624
1631
1631
1635
1631
1632
1631
1635
1631
1638
1634
1631
1630
1631
1634
1631
1635
1632
1635
1636
1641
1638
1635
1635
1643
1644
1640
1640
1636
1642
1641
1642
1643
1643
1644
1643
1649
1642
1642
1640
1645
1645
1645
1651
1648
1643
1649
1649
1647
1641
1640
1636
1640
1636
1634
1636
1638
1641
1635
1642
1635
1632
1630
1635
1634
1631
1632
1631
1631
1631
1634
1631
1631
1632
1640
1636
1635
1634
1631
1630
1629
1631
1625
1624
1612
1584
1546
1501
1449
1384
1340
1281
1262
1301
1366
1435
1506
1548
1583
1598
1622
1641
1650
1654
1662
1663
1673
1676
1674
1674
1677
1679
1679
1679
1674
1676
1681
1683
1685
1688
1688
1683
1687
1689
1688
1688
1690
1692
1692
1693
1690
1688
1688
1693
1693
1696
1695
1693
1692
1686
1688
1687
1680
1676
1676
1660
1715
1696
1679
1668
1659
1650
1647
1641
1634
1627
1627
1623
1622
1622
1621
1624
1624
1629
1628
1630
1629
1631
1631
1631
1630
1631
1631
1631
1631
1630
1634
1629
1631
1632
1634
1629
1631
1630
1631
1634
1635
1637
1636
1636
1637
1641
1636
1632
1637
1640
1637
1640
1642
1640
1644
1642
1645
1642
1644
1643
1645
1649
1648
1650
1642
1644
1644
1643
1641
1636
1641
1641
1642
1641
1643
1641
1636
1635
1634
1632
1634
1640
1638
1640
1632
1637
1635
1638
1634
1638
1636
1638
1636
1636
1638
1632
1635
1629
1629
1631
1635
1630
1630
1625
1630
1624
1624
1621
1624
1623
1629
1631
1628
1630
1631
1632
1631
1635
1635
1634
1630
1631
1635
1631
1627
1630
1632
1634
1631
1632
1634
1630
1632
1635
1636
1631
1629
1624
1629
1622
1611
1592
1551
1513
1475
1416
1370
1313
1279
1275
1335
1408
1474
1538
1572
1603
1624
1632
1649
1654
1662
1667
1669
1672
1673
1673
1673
1670
1679
1674
1674
1677
1677
1677
1679
1681
1680
1681
1683
1683
1680
1683
1686
1687
1685
1688
1683
1687
1687
1689
1689
1688
1688
1688
1690
1683
1677
1677
1680
1679
1673
1669
1663
1662
1660
1660
1655
1647
1642
1641
1634
1634
1623
1622
1621
1621
1616
1617
1612
1612
1617
1619
1622
1622
1623
1622
1624
1623
1625
1622
1622
1623
1628
1627
1631
1630
1629
1631
1627
1627
1622
1624
1622
1629
1625
1630
1628
1631
1631
1637
1636
1634
1636
1635
1640
1640
1640
1640
1641
1642
1641
1641
1641
1640
1640
1645
1649
1645
1642
1640
1643
1636
1641
1636
1638
1634
1641
1641
1640
1634
1632
1632
1630
1631
1631
1631
1629
1634
1632
1634
1634
1631
1631
1635
1634
1638
1637
1640
1565
1578
1597
1609
1619
1621
1627
1631
1631
1632
1631
1630
1634
1629
1628
1630
1631
1627
1627
1616
1597
1565
1525
1475
1411
1352
1296
1262
1286
1346
1422
1494
1548
1579
1610
1627
1640
1650
1653
1668
1674
1670
1669
1673
1676
1679
1679
1679
1676
1681
1681
1681
1681
1685
1681
1681
1686
1693
1688
1688
1686
1686
1689
1692
1688
1688
1692
1690
1694
1695
1695
1693
1692
1694
1692
1683
1683
1681
1679
1677
1674
1669
1666
1663
1660
1659
1649
1645
1640
1641
1632
1631
1622
1619
1618
1622
1624
1624
1622
1624
1624
1630
1623
1627
1622
1630
1629
1631
1628
1631
1630
1637
1636
1637
1635
1634
1630
1631
1631
1631
1630
1630
1635
1635
1635
1632
1636
1635
1635
1638
1636
1635
1636
1640
1638
1641
1641
1638
1642
1641
1643
1642
1643
1643
1643
1643
1640
1643
1638
1641
1640
1641
1640
1635
1640
1636
1638
1635
1635
1630
1629
1627
1631
1629
1631
1625
1630
1630
1631
1631
1634
1632
1635
1637
1631
1636
1631
1634
1630
1640
1631
1634
1628
1635
1635
1641
1638
1635
1635
1632
1634
1629
1634
1627
1627
1622
1627
1603
1570
1521
1480
1409
1350
1299
1256
1247
1302
1384
1464
1528
1567
1598
1622
1641
1653
1660
1662
1670
1675
1673
1669
1669
1673
1679
1679
1677
1679
1681
1683
1685
1683
1688
1687
1688
1687
1693
1688
1687
1688
1688
1692
1689
1693
1693
1694
1696
1700
1699
1695
1694
1694
1692
1688
1685
1687
1681
1680
1680
1673
1668
1668
1662
1659
1650
1648
1644
1636
1631
1629
1627
1622
1624
1624
1623
1623
1627
1627
1629
1627
1635
1635
1632
1631
1635
1631
1635
1635
1637
1636
1636
1635
1632
1634
1634
1635
1640
1642
1640
1640
1619
1619
1627
1637
1635
1636
1640
1643
1645
1643
1643
1644
1645
1650
1648
1645
1642
1648
1648
1650
1650
1648
1649
1649
1645
1645
1642
1641
1641
1648
1645
1648
1641
1638
1640
1635
1634
1629
1631
1632
1638
1638
1640
1635
1641
1638
1642
1645
1645
1643
1637
1641
1642
1637
1640
1642
1640
1641
1643
1642
1641
1637
1641
1636
1640
1636
1640
1635
1636
1636
1634
1616
1589
1546
1488
1430
1366
1321
1285
1276
1305
1374
1450
1513
1560
1591
1622
1636
1645
1660
1663
1669
1674
1676
1674
1680
1681
1680
1677
1677
1679
1683
1683
1683
1692
1688
1687
1688
1688
1686
1688
1688
1692
1696
1692
1692
1693
1694
1694
1701
1698
1696
1696
1694
1693
1693
1692
1688
1686
1680
1679
1677
1669
1666
1667
1659
1654
1653
1643
1641
1637
1636
1632
1629
1623
1621
1621
1621
1622
1622
1623
1625
1627
1629
1622
1627
1624
1627
1624
1627
1630
1629
1631
1631
1634
1631
1632
1631
1636
1634
1631
1631
1631
1634
1634
1635
1631
1635
1634
1638
1636
1636
1638
1640
1638
1636
1641
1640
1641
1644
1645
1644
1643
1643
1643
1645
1641
1640
1640
1636
1640
1634
1640
1634
1631
1624
1634
1627
1635
1631
1632
1630
1632
1635
1632
1630
1630
1634
1631
1635
1634
1636
1632
1638
1636
1635
1634
1631
1635
1635
1638
1632
1640
1636
1641
1637
1638
1636
1634
1631
1630
1624
1601
1567
1532
1480
1422
1384
1314
1268
1276
1332
1397
1468
1530
1570
1598
1619
1636
1645
1653
1663
1672
1674
1674
1677
1674
1677
1677
1681
1681
1683
1683
1682
1682
1682
1682
1681
1686
1693
1693
1692
1694
1693
1689
1692
1690
1692
1694
1695
1699
1699
1693
1698
1699
1696
1693
1692
1692
1685
1683
1677
1677
1675
1641
1645
1649
1649
1649
1643
1643
1640
1638
1635
1631
1629
1623
1627
1628
1623
1624
1624
1625
1625
1627
1630
1629
1631
1631
1635
1631
1631
1630
1636
1635
1638
1636
1640
1637
1631
1637
1636
1638
1632
1638
1638
1640
1636
1640
1640
1642
1645
1647
1645
1643
1647
1649
1647
1649
1649
1650
1648
1650
1650
1649
1645
1645
1649
1645
1649
1656
1650
1649
1645
1649
1644
1641
1641
1642
1641
1638
1637
1636
1637
1635
1638
1631
1634
1630
1636
1634
1640
1637
1641
1642
1641
1645
1644
1642
1636
1636
1638
1641
1644
1640
1641
1637
1642
1641
1638
1641
1640
1641
1641
1640
1636
1640
1631
1622
1597
1538
1495
1463
1390
1352
1313
1305
1314
1377
1445
1511
1554
1588
1611
1635
1645
1654
1662
1668
1672
1676
1677
1679
1679
1679
1681
1680
1680
1679
1680
1681
1687
1688
1688
1685
1687
1689
1694
1689
1690
1692
1689
1692
1694
1693
1695
1695
1696
1698
1695
1695
1693
1692
1688
1694
1692
1683
1679
1676
1674
1673
1667
1662
1663
1655
1650
1645
1643
1641
1636
1634
1630
1627
1622
1627
1629
1629
1627
1630
1628
1635
1629
1630
1627
1625
1630
1634
1632
1634
1635
1632
1635
1640
1640
1635
1635
1632
1634
1632
1636
1636
1638
1637
1640
1640
1635
1637
1636
1641
1641
1641
1641
1641
1649
1648
1654
1650
1645
1647
1647
1649
1650
1650
1645
1642
1648
1645
1647
1645
1643
1645
1645
1648
1641
1638
1634
1640
1643
1643
1642
1641
1641
1637
1641
1637
1641
1641
1644
1643
1642
1643
1638
1641
1635
1640
1638
1640
1638
1641
1642
1637
1642
1643
1641
1640
1643
1641
1641
1638
1638
1631
1616
1574
1534
1473
1427
1370
1318
1279
1281
1324
1401
1480
1541
1578
1583
1558
1601
1624
1643
1657
1669
1674
1681
1680
1682
1681
1683
1686
1688
1686
1682
1688
1690
1688
1693
1698
1696
1698
1702
1702
1696
1695
1700
1702
1700
1700
1700
1700
1702
1706
1699
1701
1701
1699
1696
1698
1699
1696
1690
1690
1692
1683
1676
1670
1667
1661
1659
1657
1651
1649
1649
1643
1640
1631
1630
1629
1630
1631
1631
1630
1632
1631
1636
1636
1641
1636
1640
1638
1641
1640
1638
1640
1635
1640
1635
1640
1638
1638
1641
1643
1647
1643
1641
1641
1642
1640
1640
1643
1638
1643
1648
1649
1649
1649
1649
1649
1650
1651
1650
1651
1645
1650
1653
1649
1648
1644
1649
1649
1655
1651
1650
1647
1642
1649
1643
1636
1631
1636
1634
1636
1641
1641
1641
1636
1637
1635
1635
1638
1642
1641
1640
1643
1642
1643
1643
1640
1637
1636
1638
1638
1641
1640
1641
1642
1637
1642
1641
1642
1637
1638
1635
1637
1627
1611
1577
1520
1468
1421
1345
1301
1250
1253
1308
1380
1474
1540
1577
1608
1634
1642
1657
1662
1669
1677
1683
1681
1681
1680
1679
1686
1687
1688
1686
1688
1692
1692
1688
1688
1690
1696
1688
1696
1696
1695
1699
1698
1700
1699
1700
1699
1699
1702
1706
1698
1699
1701
1700
1699
1696
1693
1692
1688
1688
1687
1675
1669
1666
1661
1659
1651
1649
1644
1645
1643
1641
1638
1634
1630
1630
1635
1641
1629
1630
1632
1631
1635
1635
1636
1635
1632
1636
1635
1637
1635
1640
1636
1636
1636
1637
1640
1643
1643
1642
1642
1641
1643
1643
1641
1641
1643
1648
1642
1649
1644
1645
1647
1645
1649
1648
1644
1649
1651
1654
1654
1659
1650
1650
1649
1650
1650
1650
1653
1650
1654
1653
1648
1649
1641
1641
1636
1642
1636
1640
1641
1645
1650
1645
1649
1642
1637
1642
1642
1648
1649
1648
1642
1643
1643
1643
1640
1641
1643
1641
1645
1641
1643
1641
1643
1645
1645
1643
1636
1640
1635
1630
1611
1578
1537
1494
1434
1373
1302
1251
1247
1295
1377
1453
1527
1572
1605
1631
1645
1657
1662
1670
1679
1681
1683
1677
1688
1690
1687
1687
1690
1692
1690
1692
1695
1692
1689
1692
1692
1695
1693
1699
1699
1701
1701
1705
1701
1698
1700
1700
1700
1699
1699
1698
1695
1700
1698
1692
1687
1688
1683
1686
1681
1673
1675
1668
1662
1662
1653
1648
1642
1643
1638
1635
1635
1632
1631
1627
1627
1630
1630
1625
1632
1631
1632
1630
1635
1635
1636
1635
1636
1636
1634
1636
1636
1636
1632
1635
1632
1636
1636
1635
1632
1634
1634
1638
1637
1638
1637
1640
1636
1641
1643
1642
1641
1645
1645
1645
1645
1645
1649
1649
1650
1653
1648
1645
1644
1648
1653
1649
1645
1643
1649
1647
1649
1645
1640
1638
1641
1641
1638
1637
1636
1636
1635
1640
1641
1638
1641
1637
1641
1641
1641
1637
1638
1644
1641
1641
1640
1649
1638
1637
1637
1636
1641
1641
1641
1638
1636
1634
1631
1627
1609
1572
1518
1485
1431
1382
1330
1294
1275
1319
1388
1464
1527
1564
1593
1617
1640
1654
1660
1667
1672
1676
1676
1676
1676
1675
1679
1681
1681
1685
1687
1680
1687
1690
1692
1692
1688
1688
1688
1692
1689
1695
1694
1695
1696
1701
1699
1695
1696
1694
1696
1693
1694
1694
1696
1693
1694
1689
1683
1677
1679
1674
1669
1667
1660
1660
1654
1650
1642
1635
1635
1631
1632
1628
1627
1624
1628
1630
1631
1631
1631
1628
1635
1635
1638
1634
1636
1634
1636
1637
1641
1638
1636
1636
1635
1635
1631
1635
1622
1682
1662
1657
1649
1647
1643
1642
1644
1643
1642
1642
1641
1645
1643
1648
1644
1643
1648
1650
1645
1645
1650
1649
1654
1651
1653
1649
1650
1655
1651
1650
1648
1650
1649
1648
1648
1649
1645
1644
1644
1641
1640
1636
1635
1635
1632
1634
1632
1638
1637
1642
1636
1641
1641
1641
1641
1644
1643
1641
1644
1640
1638
1636
1636
1640
1641
1642
1643
1642
1640
1643
1641
1641
1640
1636
1635
1632
1636
1635
1635
1617
1591
1551
1511
1470
1405
1339
1308
1290
1321
1378
1436
1505
1552
1589
1618
1638
1650
1656
1659
1666
1669
1670
1674
1679
1681
1681
1681
1683
1681
1680
1680
1682
1681
1680
1686
1683
1692
1687
1688
1692
1692
1692
1694
1690
1692
1692
1692
1695
1694
1694
1695
1693
1692
1688
1687
1686
1683
1682
1681
1680
1674
1668
1663
1657
1657
1651
1649
1638
1642
1637
1640
1635
1630
1624
1622
1621
1622
1624
1622
1624
1624
1624
1627
1627
1630
1634
1631
1635
1634
1638
1631
1636
1631
1628
1629
1630
1631
1632
1635
1629
1631
1627
1632
1629
1632
1635
1640
1638
1643
1642
1640
1637
1634
1640
1637
1641
1641
1642
1650
1645
1648
1645
1643
1643
1643
1645
1645
1650
1643
1647
1645
1649
1650
1643
1642
1641
1640
1643
1644
1643
1641
1642
1635
1636
1631
1631
1630
1636
1632
1635
1636
1635
1641
1637
1641
1640
1640
1632
1640
1640
1641
1641
1642
1643
1640
1640
1635
1634
1634
1635
1641
1636
1640
1637
1642
1641
1642
1636
1635
1630
1621
1589
1551
1507
1447
1397
1338
1303
1277
1306
1371
1445
1515
1560
1593
1615
1634
1647
1655
1663
1668
1669
1675
1683
1685
1683
1680
1687
1688
1688
1688
1688
1686
1685
1687
1687
1688
1690
1687
1683
1693
1693
1694
1695
1695
1698
1696
1692
1693
1694
1694
1701
1698
1700
1701
1700
1695
1688
1687
1681
1679
1674
1673
1667
1662
1663
1657
1657
1650
1651
1641
1638
1635
1634
1630
1627
1625
1622
1624
1624
1627
1630
1630
1630
1640
1631
1630
1630
1634
1631
1636
1634
1634
1630
1632
1638
1640
1636
1638
1641
1636
1637
1636
1640
1634
1636
1637
1638
1636
1638
1641
1641
1643
1644
1649
1645
1643
1644
1643
1640
1640
1642
1645
1644
1648
1649
1650
1645
1645
1644
1647
1643
1640
1641
1636
1643
1641
1642
1635
1640
1635
1631
1624
1627
1627
1625
1627
1631
1631
1625
1631
1634
1634
1631
1638
1636
1640
1635
1636
1636
1632
1634
1636
1634
1630
1634
1631
1636
1631
1637
1635
1635
1631
1635
1631
1629
1625
1624
1608
1584
1550
1506
1436
1376
1322
1274
1247
1250
1330
1414
1499
1553
1584
1605
1627
1644
1656
1660
1663
1669
1669
1673
1677
1675
1675
1677
1679
1677
1679
1681
1679
1683
1686
1683
1683
1687
1688
1687
1695
1690
1687
1685
1687
1694
1693
1689
1693
1692
1692
1689
1693
1688
1689
1688
1693
1683
1677
1677
1670
1669
1669
1664
1655
1653
1650
1649
1641
1640
1634
1631
1627
1625
1622
1624
1621
1621
1624
1625
1623
1625
1625
1624
1622
1625
1625
1629
1622
1629
1627
1628
1630
1630
1630
1634
1631
1636
1635
1630
1635
1634
1634
1628
1631
1635
1636
1636
1635
1637
1640
1640
1642
1641
1636
1640
1636
1641
1640
1641
1641
1641
1643
1642
1649
1643
1640
1642
1641
1643
1643
1640
1636
1640
1637
1636
1636
1634
1635
1632
1632
1627
1631
1627
1635
1635
1634
1634
1635
1635
1636
1635
1635
1635
1634
1635
1641
1640
1635
1640
1638
1635
1635
1636
1631
1636
1638
1632
1632
1635
1634
1631
1630
1631
1629
1622
1603
1579
1544
1488
1440
1366
1301
1272
1257
1276
1346
1428
1503
1553
1586
1608
1630
1643
1654
1660
1664
1668
1670
1674
1674
1674
1679
1677
1672
1677
1681
1677
1679
1683
1687
1687
1688
1688
1686
1689
1692
1693
1688
1688
1689
1693
1692
1695
1698
1693
1692
1692
1688
1687
1687
1688
1681
1681
1680
1674
1673
1670
1664
1662
1655
1650
1642
1640
1640
1631
1630
1624
1617
1621
1617
1621
1617
1616
1616
1623
1617
1619
1621
1622
1617
1624
1627
1627
1621
1622
1623
1630
1624
1628
1625
1627
1627
1625
1627
1624
1622
1623
1625
1630
1617
1624
1630
1631
1631
1628
1631
1631
1631
1636
1636
1631
1631
1634
1631
1635
1636
1634
1634
1636
1635
1638
1638
1634
1632
1636
1632
1636
1631
1630
1627
1629
1627
1622
1622
1622
1624
1623
1623
1625
1627
1627
1625
1624
1623
1624
1627
1627
1630
1630
1631
1630
1627
1629
1631
1624
1625
1625
1625
1625
1630
1623
1623
1625
1630
1629
1623
1621
1618
1617
1603
1572
1545
1479
1436
1373
1328
1286
1274
1285
1353
1430
1492
1544
1579
1598
1621
1631
1645
1649
1651
1660
1663
1667
1670
1672
1664
1669
1673
1668
1672
1669
1668
1677
1677
1676
1680
1681
1677
1681
1676
1675
1679
1681
1681
1680
1687
1687
1688
1687
1689
1688
1682
1683
1685
1682
1682
1677
1673
1673
1670
1668
1661
1654
1649
1643
1645
1642
1636
1630
1624
1622
1622
1621
1622
1615
1614
1616
1621
1616
1619
1617
1619
1618
1623
1621
1622
1619
1624
1623
1625
1621
1625
1621
1624
1627
1629
1627
1627
1627
1628
1624
1622
1624
1627
1630
1632
1630
1631
1628
1630
1624
1631
1623
1632
1634
1636
1640
1638
1640
1636
1638
1638
1641
1638
1640
1641
1641
1641
1637
1641
1636
1636
1631
1636
1635
1635
1634
1637
1631
1631
1634
1631
1629
1629
1625
1623
1619
1617
1621
1623
1622
1624
1625
1629
1629
1630
1627
1617
1627
1625
1630
1627
1629
1630
1630
1631
1635
1630
1630
1627
1627
1627
1627
1627
1628
1629
1628
1624
1622
1621
1623
1619
1605
1583
1546
1489
1454
1385
1343
1305
1273
1285
1351
1423
1489
1537
1577
1603
1622
1636
1645
1648
1650
1655
1656
1662
1662
1664
1666
1664
1669
1673
1668
1669
1675
1673
1677
1677
1673
1675
1675
1675
1677
1676
1677
1677
1681
1683
1680
1679
1681
1681
1682
1682
1679
1679
1679
1676
1674
1674
1669
1668
1667
1663
1660
1659
1653
1642
1637
1638
1631
1628
1622
1622
1618
1614
1616
1611
1611
1612
1615
1612
1615
1611
1616
1621
1621
1619
1621
1619
1622
1621
1622
1617
1618
1619
1622
1623
1624
1622
1625
1625
1622
1622
1618
1617
1622
1624
1625
1627
1629
1622
1625
1624
1631
1628
1629
1630
1635
1635
1634
1636
1634
1635
1632
1632
1636
1631
1630
1632
1631
1634
1631
1630
1629
1631
1634
1630
1627
1624
1630
1630
1629
1623
1625
1625
1624
1622
1624
1621
1622
1619
1621
1619
1622
1622
1624
1622
1631
1632
1623
1624
1627
1625
1625
1623
1624
1624
1630
1630
1627
1627
1621
1623
1624
1627
1629
1624
1624
1623
1622
1621
1622
1610
1596
1556
1507
1449
1404
1347
1299
1281
1285
1326
1392
1475
1530
1570
1596
1615
1634
1645
1649
1657
1659
1660
1664
1668
1672
1673
1669
1672
1675
1674
1669
1673
1674
1674
1679
1681
1682
1685
1685
1686
1690
1687
1686
1683
1685
1686
1663
1681
1685
1682
1688
1689
1680
1682
1685
1682
1677
1679
1677
1667
1669
1661
1663
1659
1653
1649
1643
1641
1635
1632
1624
1621
1614
1617
1612
1615
1614
1617
1619
1624
1622
1622
1622
1622
1623
1623
1625
1623
1624
1624
1627
1629
1624
1622
1627
1629
1630
1630
1627
1627
1625
1627
1629
1630
1629
1630
1632
1636
1634
1635
1631
1635
1637
1641
1637
1634
1635
1638
1641
1635
1635
1632
1641
1638
1642
1643
1644
1643
1640
1641
1635
1632
1631
1635
1631
1634
1631
1635
1635
1632
1631
1623
1622
1617
1615
1621
1624
1627
1627
1627
1631
1631
1634
1630
1629
1627
1630
1627
1636
1630
1635
1630
1629
1629
1628
1627
1629
1628
1631
1630
1630
1629
1627
1628
1629
1627
1621
1621
1617
1601
1563
1528
1469
1406
1339
1280
1237
1224
1287
1367
1459
1526
1565
1593
1619
1635
1649
1655
1661
1664
1669
1669
1673
1670
1670
1669
1677
1680
1677
1676
1677
1679
1680
1681
1677
1679
1685
1687
1686
1686
1690
1682
1688
1689
1690
1688
1688
1692
1695
1688
1688
1688
1686
1679
1683
1682
1677
1675
1669
1663
1663
1661
1656
1651
1642
1649
1640
1634
1629
1630
1619
1621
1616
1618
1616
1614
1612
1619
1612
1617
1618
1624
1622
1623
1621
1622
1622
1625
1621
1627
1623
1627
1627
1630
1624
1627
1623
1625
1627
1631
1630
1630
1631
1634
1634
1631
1630
1629
1632
1632
1638
1636
1635
1635
1638
1642
1641
1641
1641
1641
1637
1640
1638
1638
1636
1636
1640
1641
1637
1636
1636
1638
1640
1635
1634
1631
1635
1635
1635
1631
1629
1625
1622
1622
1623
1621
1621
1622
1629
1627
1627
1627
1631
1631
1631
1631
1627
1629
1629
1634
1630
1632
1629
1631
1634
1631
1628
1627
1669
1659
1648
1645
1638
1635
1631
1635
1634
1629
1622
1616
1586
1551
1509
1448
1391
1321
1279
1253
1270
1324
1399
1475
1532
1572
1601
1622
1630
1649
1655
1660
1664
1664
1672
1670
1669
1672
1676
1670
1673
1677
1679
1679
1681
1679
1681
1686
1683
1681
1686
1687
1685
1689
1690
1689
1692
1692
1688
1686
1688
1692
1688
1688
1692
1688
1687
1681
1680
1679
1677
1672
1664
1663
1660
1659
1656
1649
1650
1642
1641
1630
1629
1621
1624
1621
1621
1616
1616
1614
1616
1614
1616
1619
1616
1622
1621
1622
1625
1621
1624
1623
1624
1622
1625
1622
1623
1622
1627
1629
1625
1625
1624
1627
1629
1623
1627
1624
1627
1630
1630
1623
1629
1630
1631
1631
1636
1638
1635
1636
1638
1640
1638
1637
1638
1640
1635
1637
1640
1636
1637
1632
1637
1631
1627
1632
1635
1634
1636
1635
1634
1634
1631
1634
1629
1631
1628
1630
1624
1625
1617
1616
1617
1622
1623
1631
1629
1631
1629
1631
1634
1628
1628
1627
1629
1629
1627
1625
1629
1630
1631
1630
1630
1630
1630
1627
1630
1625
1627
1622
1624
1625
1630
1623
1622
1610
1580
1551
1518
1460
1403
1351
1300
1275
1290
1343
1409
1485
1537
1576
1598
1616
1634
1641
1650
1660
1660
1664
1667
1669
1673
1673
1668
1669
1670
1674
1673
1674
1674
1679
1681
1681
1675
1679
1680
1679
1681
1677
1680
1685
1688
1688
1692
1690
1688
1683
1683
1689
1688
1681
1680
1683
1679
1677
1669
1669
1668
1664
1666
1660
1650
1649
1648
1642
1635
1631
1627
1628
1631
1624
1622
1624
1621
1623
1622
1623
1617
1618
1621
1622
1627
1625
1624
1627
1632
1631
1629
1627
1624
1627
1624
1628
1629
1627
1625
1630
1627
1629
1627
1630
1632
1611
1618
1623
1625
1630
1638
1636
1637
1638
1640
1638
1641
1641
1641
1638
1635
1641
1638
1642
1640
1642
1643
1641
1635
1636
1635
1635
1638
1636
1641
1641
1640
1631
1636
1631
1637
1635
1636
1624
1630
1631
1629
1624
1625
1624
1630
1630
1630
1629
1628
1629
1634
1631
1634
1631
1631
1630
1635
1635
1631
1632
1634
1631
1631
1630
1629
1628
1627
1631
1629
1631
1630
1631
1630
1634
1622
1623
1605
1584
1546
1512
1463
1391
1351
1301
1288
1301
1365
1430
1503
1550
1584
1604
1621
1636
1645
1654
1662
1662
1668
1674
1674
1674
1679
1676
1674
1676
1677
1676
1677
1677
1681
1679
1683
1683
1683
1683
1680
1688
1685
1686
1685
1688
1690
1688
1688
1693
1688
1683
1689
1690
1687
1687
1687
1689
1682
1677
1676
1669
1664
1663
1659
1657
1650
1650
1645
1640
1636
1632
1625
1623
1622
1627
1624
1619
1619
1623
1622
1623
1627
1629
1627
1630
1630
1630
1627
1623
1625
1624
1625
1628
1631
1630
1631
1632
1632
1631
1627
1630
1630
1634
1631
1634
1631
1636
1636
1638
1632
1636
1635
1638
1638
1636
1641
1644
1645
1643
1641
1640
1636
1636
1640
1643
1642
1643
1645
1645
1644
1641
1641
1635
1635
1637
1640
1641
1637
1641
1641
1643
1637
1640
1636
1634
1636
1635
1636
1632
1628
1629
1631
1623
1625
1623
1631
1634
1638
1635
1635
1629
1630
1630
1634
1631
1634
1635
1636
1641
1635
1635
1635
1636
1631
1635
1635
1631
1632
1630
1632
1631
1634
1632
1638
1635
1631
1623
1615
1583
1551
1488
1438
1369
1308
1263
1264
1285
1365
1445
1518
1565
1597
1621
1636
1645
1654
1668
1669
1669
1677
1674
1681
1682
1681
1679
1679
1682
1682
1682
1685
1688
1661
1674
1679
1683
1683
1683
1690
1693
1693
1695
1690
1694
1695
1696
1698
1696
1694
1694
1698
1695
1692
1688
1687
1687
1687
1679
1679
1674
1669
1668
1664
1656
1653
1645
1643
1641
1640
1636
1637
1630
1631
1627
1630
1624
1629
1624
1631
1631
1632
1631
1636
1634
1635
1635
1630
1634
1632
1636
1635
1635
1630
1635
1637
1641
1637
1636
1635
1636
1638
1638
1637
1634
1636
1632
1638
1640
1641
1638
1643
1645
1645
1645
1643
1643
1644
1643
1645
1645
1645
1644
1648
1645
1644
1648
1645
1643
1643
1640
1643
1643
1640
1640
1641
1636
1642
1640
1637
1635
1635
1630
1628
1628
1631
1630
1631
1634
1631
1631
1630
1631
1628
1635
1634
1636
1631
1635
1634
1632
1635
1635
1640
1635
1631
1627
1636
1632
1632
1630
1634
1636
1636
1631
1630
1627
1621
1606
1590
1550
1494
1435
1385
1337
1296
1275
1298
1352
1428
1503
1554
1584
1612
1632
1643
1654
1660
1664
1672
1670
1668
1674
1677
1675
1677
1679
1677
1681
1681
1681
1681
1685
1683
1681
1681
1686
1687
1685
1688
1688
1687
1686
1686
1692
1689
1688
1688
1690
1693
1687
1688
1688
1688
1687
1685
1680
1674
1669
1667
1668
1660
1655
1655
1651
1648
1641
1636
1629
1629
1627
1631
1625
1624
1622
1622
1622
1623
1623
1622
1623
1625
1630
1630
1629
1630
1630
1627
1631
1630
1630
1624
1630
1631
1636
1631
1632
1631
1632
1630
1632
1634
1635
1635
1640
1640
1636
1643
1636
1642
1636
1638
1638
1636
1637
1641
1643
1642
1641
1644
1645
1644
1643
1644
1643
1640
1638
1641
1641
1641
1641
1643
1641
1635
1635
1635
1634
1630
1636
1630
1635
1636
1640
1637
1638
1638
1636
1640
1637
1636
1636
1636
1636
1636
1622
1631
1630
1630
1636
1635
1641
1636
1636
1631
1637
1638
1638
1636
1636
1631
1630
1615
1586
1541
1496
1459
1395
1347
1293
1283
1294
1361
1436
1503
1551
1584
1610
1631
1645
1650
1657
1664
1672
1676
1676
1679
1681
1680
1682
1680
1679
1680
1682
1681
1681
1680
1685
1685
1688
1690
1688
1692
1692
1693
1693
1698
1690
1690
1689
1693
1694
1696
1696
1693
1693
1692
1693
1688
1683
1677
1677
1674
1674
1668
1663
1661
1655
1655
1649
1642
1640
1635
1636
1631
1630
1623
1628
1624
1624
1624
1623
1621
1624
1623
1629
1629
1628
1629
1631
1631
1630
1631
1630
1630
1634
1632
1631
1631
1629
1632
1632
1631
1625
1631
1627
1631
1632
1634
1631
1636
1640
1642
1642
1637
1641
1641
1641
1638
1640
1643
1641
1648
1645
1647
1641
1641
1649
1648
1645
1645
1642
1640
1641
1643
1641
1641
1638
1643
1642
1641
1636
1636
1638
1638
1641
1638
1637
1631
1627
1627
1627
1623
1627
1624
1627
1635
1637
1635
1634
1635
1635
1638
1631
1635
1635
1630
1631
1635
1631
1635
1631
1634
1631
1628
1629
1625
1630
1630
1631
1629
1627
1627
1630
1625
1622
1601
1567
1531
1480
1431
1385
1322
1276
1262
1326
1384
1454
1518
1564
1596
1621
1635
1643
1650
1656
1664
1668
1666
1668
1673
1675
1673
1677
1676
1674
1675
1681
1681
1683
1682
1679
1681
1681
1683
1686
1681
1683
1692
1693
1688
1687
1690
1690
1692
1692
1693
1687
1683
1682
1688
1688
1683
1683
1680
1677
1675
1668
1664
1662
1656
1655
1653
1648
1643
1641
1636
1635
1631
1629
1630
1627
1625
1623
1624
1622
1622
1623
1627
1625
1625
1627
1630
1635
1634
1632
1632
1632
1634
1634
1635
1631
1627
1630
1617
1632
1635
1631
1629
1630
1630
1631
1635
1635
1635
1636
1636
1640
1636
1642
1641
1642
1645
1645
1644
1643
1645
1643
1645
1643
1645
1643
1643
1642
1641
1641
1643
1642
1641
1643
1643
1641
1645
1643
1645
1642
1636
1631
1630
1630
1634
1631
1635
1640
1641
1642
1640
1641
1635
1636
1635
1640
1634
1640
1641
1643
1643
1642
1641
1636
1635
1635
1640
1641
1638
1636
1638
1638
1634
1636
1635
1635
1629
1634
1621
1591
1556
1511
1462
1398
1340
1292
1268
1296
1370
1441
1513
1556
1593
1618
1635
1645
1655
1660
1668
1673
1673
1677
1679
1680
1680
1679
1679
1679
1682
1687
1685
1683
1683
1685
1686
1687
1688
1687
1692
1689
1693
1692
1692
1692
1689
1692
1693
1695
1693
1693
1695
1693
1693
1688
1687
1683
1680
1679
1677
1673
1669
1669
1659
1655
1657
1649
1644
1638
1638
1634
1632
1627
1629
1623
1630
1622
1627
1622
1625
1629
1630
1630
1630
1632
1634
1631
1628
1631
1629
1635
1631
1641
1630
1638
1634
1636
1638
1636
1635
1636
1636
1632
1641
1640
1638
1636
1641
1642
1640
1636
1641
1642
1641
1643
1640
1637
1643
1644
1649
1645
1645
1644
1642
1643
1643
1645
1641
1638
1641
1641
1643
1645
1641
1632
1635
1632
1638
1634
1636
1636
1638
1636
1630
1629
1627
1629
1630
1631
1629
1631
1630
1635
1635
1636
1635
1636
1636
1635
1640
1632
1640
1634
1638
1636
1636
1636
1636
1635
1640
1641
1640
1640
1641
1641
1640
1635
1629
1628
1623
1605
1567
1505
1461
1403
1359
1301
1270
1257
1314
1389
1476
1539
1576
1606
1629
1645
1659
1664
1666
1677
1681
1681
1682
1687
1686
1683
1685
1683
1687
1690
1688
1687
1694
1690
1688
1688
1692
1693
1694
1726
1715
1707
1706
1706
1705
1701
1701
1698
1696
1698
1699
1696
1694
1698
1698
1692
1688
1681
1679
1677
1672
1667
1663
1661
1657
1657
1653
1645
1636
1636
1630
1635
1630
1631
1623
1627
1631
1635
1625
1631
1631
1636
1631
1632
1637
1634
1635
1636
1644
1642
1641
1637
1641
1640
1637
1635
1636
1632
1632
1637
1638
1640
1640
1643
1644
1645
1645
1641
1643
1643
1643
1641
1643
1642
1642
1643
1641
1643
1641
1645
1645
1648
1649
1649
1648
1643
1641
1640
1641
1642
1641
1641
1640
1640
1631
1631
1624
1629
1628
1631
1634
1632
1632
1635
1638
1635
1634
1636
1641
1635
1635
1630
1636
1634
1640
1636
1638
1635
1634
1631
1631
1631
1624
1631
1634
1636
1631
1632
1627
1625
1627
1617
1592
1557
1508
1464
1397
1343
1302
1269
1268
1338
1408
1477
1535
1574
1602
1623
1640
1648
1656
1663
1669
1675
1674
1670
1677
1679
1677
1674
1675
1679
1677
1679
1679
1681
1681
1683
1683
1683
1687
1687
1683
1688
1692
1692
1692
1688
1688
1687
1690
1687
1693
1692
1690
1693
1688
1681
1677
1675
1674
1673
1668
1663
1660
1655
1655
1653
1645
1641
1635
1631
1629
1624
1617
1617
1621
1618
1622
1621
1619
1618
1617
1624
1618
1622
1624
1627
1624
1624
1627
1627
1624
1627
1627
1631
1628
1630
1629
1630
1630
1630
1627
1627
1628
1630
1631
1630
1634
1631
1637
1635
1635
1635
1641
1637
1641
1641
1641
1641
1641
1645
1641
1642
1641
1641
1645
1647
1648
1641
1643
1641
1638
1641
1637
1635
1640
1641
1641
1645
1641
1631
1629
1630
1630
1627
1627
1625
1630
1630
1635
1634
1631
1631
1636
1635
1636
1636
1636
1634
1636
1636
1636
1631
1631
1636
1638
1636
1632
1564
1574
1601
1612
1623
1624
1625
1625
1630
1629
1623
1606
1579
1551
1509
1445
1383
1324
1282
1275
1313
1371
1442
1511
1560
1593
1616
1630
1641
1650
1660
1663
1668
1668
1675
1677
1673
1677
1679
1677
1679
1687
1680
1679
1677
1686
1687
1683
1687
1692
1688
1687
1688
1692
1688
1688
1689
1693
1692
1693
1696
1693
1692
1692
1688
1687
1687
1682
1680
1683
1679
1674
1669
1667
1659
1656
1650
1645
1641
1641
1635
1635
1629
1631
1624
1627
1623
1622
1621
1622
1621
1621
1616
1622
1616
1624
1624
1627
1625
1628
1624
1631
1628
1631
1628
1630
1625
1623
1627
1627
1629
1628
1630
1631
1631
1630
1630
1629
1632
1630
1631
1631
1631
1629
1634
1638
1634
1636
1637
1641
1643
1644
1641
1640
1643
1640
1636
1635
1638
1640
1638
1643
1641
1640
1631
1636
1632
1636
1636
1636
1632
1635
1632
1631
1631
1630
1630
1629
1629
1624
1627
1621
1622
1616
1618
1616
1614
1610
1611
1615
1610
1615
1612
1617
1617
1616
1616
1616
1611
1612
1612
1615
1608
1606
1608
1611
1611
1610
1611
1608
1612
1612
1612
1603
1604
1603
1593
1584
1556
1519
1479
1423
1367
1318
1285
1261
1275
1333
1411
1480
1528
1564
1588
1606
1624
1628
1636
1643
1650
1650
1650
1654
1657
1654
1659
1655
1657
1657
1659
1659
1661
1663
1668
1673
1669
1670
1669
1661
1661
1663
1664
1673
1670
1670
1674
1676
1679
1679
1669
1673
1675
1670
1669
1670
1668
1664
1664
1655
1659
1654
1644
1643
1640
1636
1632
1627
1625
1622
1616
1611
1616
1606
1610
1615
1614
1611
1615
1615
1618
1615
1616
1617
1615
1614
1617
1616
1617
1616
1619
1623
1624
1630
1627
1627
1623
1625
1627
1631
1624
1627
1612
1621
1625
1628
1631
1635
1635
1635
1640
1638
1636
1638
1636
1636
1640
1640
1638
1643
1643
1645
1645
1641
1643
1641
1643
1643
1642
1636
1642
1641
1642
1642
1641
1644
1643
1645
1640
1641
1640
1640
1640
1635
1631
1630
1636
1632
1640
1640
1640
1635
1637
1636
1636
1637
1637
1641
1637
1645
1641
1643
1636
1641
1638
1640
1642
1640
1642
1637
1638
1638
1638
1634
1636
1637
1638
1640
1632
1631
1616
1584
1551
1490
1415
1356
1308
1272
1274
1305
1373
1454
1528
1569
1601
1624
1637
1654
1667
1669
1673
1675
1677
1677
1679
1679
1680
1686
1687
1687
1687
1685
1687
1687
1688
1690
1687
1683
1690
1694
1693
1692
1693
1698
1694
1694
1694
1696
1695
1696
1699
1699
1693
1693
1692
1692
1687
1687
1683
1680
1676
1674
1674
1662
1657
1654
1649
1645
1645
1640
1631
1630
1630
1625
1624
1625
1627
1624
1629
1631
1628
1630
1625
1630
1631
1631
1627
1631
1631
1634
1635
1634
1630
1631
1632
1636
1638
1631
1635
1636
1640
1635
1640
1641
1636
1638
1640
1644
1641
1637
1641
1644
1644
1641
1641
1640
1643
1640
1643
1645
1643
1644
1644
1645
1643
1644
1642
1643
1642
1642
1642
1643
1642
1645
1641
1641
1636
1636
1630
1631
1631
1632
1632
1634
1636
1636
1641
1635
1637
1638
1636
1638
1637
1634
1636
1638
1637
1642
1637
1642
1640
1640
1640
1635
1635
1631
1636
1634
1638
1635
1641
1640
1636
1634
1625
1599
1564
1535
1489
1423
1367
1301
1267
1260
1332
1399
1479
1535
1578
1604
1630
1645
1657
1663
1672
1673
1673
1681
1675
1679
1683
1688
1687
1686
1688
1690
1686
1687
1688
1688
1692
1690
1695
1695
1693
1695
1696
1699
1698
1700
1700
1700
1713
1679
1692
1689
1693
1698
1695
1687
1688
1688
1688
1683
1679
1673
1667
1673
1664
1660
1654
1649
1650
1643
1640
1632
1631
1627
1630
1625
1627
1629
1624
1624
1630
1631
1634
1630
1630
1631
1640
1640
1636
1640
1637
1640
1635
1631
1636
1636
1636
1637
1640
1635
1636
1631
1638
1636
1640
1636
1643
1637
1640
1643
1645
1642
1641
1643
1641
1644
1644
1648
1649
1647
1651
1648
1649
1642
1641
1643
1640
1644
1641
1644
1642
1647
1650
1643
1643
1642
1640
1635
1635
1629
1627
1631
1635
1640
1636
1636
1635
1641
1640
1641
1635
1638
1635
1640
1634
1635
1636
1636
1642
1640
1638
1631
1637
1631
1635
1635
1635
1632
1632
1638
1635
1632
1630
1631
1617
1592
1560
1506
1460
1404
1359
1302
1277
1283
1346
1416
1487
1539
1579
1609
1629
1645
1651
1653
1656
1667
1669
1676
1674
1676
1677
1679
1679
1679
1682
1680
1680
1682
1683
1686
1682
1687
1681
1687
1689
1690
1687
1688
1690
1693
1693
1690
1693
1695
1694
1695
1695
1692
1690
1692
1690
1689
1687
1683
1679
1670
1668
1667
1662
1660
1651
1650
1642
1640
1635
1634
1629
1630
1628
1622
1621
1622
1624
1624
1622
1623
1624
1629
1630
1629
1631
1629
1629
1628
1631
1623
1624
1624
1631
1629
1631
1631
1631
1636
1636
1636
1635
1634
1632
1635
1637
1641
1635
1636
1636
1638
1640
1641
1641
1643
1643
1644
1645
1645
1645
1645
1645
1649
1650
1644
1645
1649
1650
1650
1647
1644
1638
1649
1645
1643
1640
1636
1642
1640
1642
1632
1638
1631
1636
1632
1634
1629
1632
1630
1635
1635
1635
1632
1635
1636
1640
1640
1635
1638
1637
1640
1636
1636
1634
1637
1638
1641
1640
1636
1632
1636
1640
1611
1614
1619
1625
1629
1630
1631
1622
1599
1570
1525
1488
1432
1365
1324
1294
1299
1340
1404
1470
1527
1570
1598
1621
1640
1649
1660
1664
1672
1672
1672
1673
1676
1679
1679
1677
1679
1681
1681
1685
1680
1681
1686
1688
1692
1692
1692
1694
1693
1696
1696
1698
1692
1695
1696
1698
1694
1694
1700
1698
1698
1696
1698
1690
1690
1692
1692
1687
1680
1673
1669
1667
1662
1659
1655
1653
1650
1645
1641
1631
1630
1623
1628
1627
1627
1624
1631
1630
1635
1635
1631
1630
1630
1630
1631
1631
1634
1636
1635
1636
1635
1631
1631
1636
1635
1636
1636
1634
1635
1636
1635
1635
1638
1635
1638
1640
1640
1642
1644
1645
1644
1645
1648
1645
1643
1643
1648
1650
1643
1644
1644
1647
1649
1649
1645
1649
1647
1650
1645
1642
1643
1642
1641
1644
1643
1642
1641
1645
1642
1643
1641
1638
1637
1636
1638
1635
1636
1630
1631
1630
1635
1635
1636
1631
1641
1641
1636
1640
1637
1638
1635
1636
1638
1631
1636
1636
1641
1640
1643
1643
1637
1635
1636
1636
1632
1635
1634
1636
1641
1640
1637
1631
1624
1611
1567
1518
1470
1412
1364
1302
1277
1256
1300
1376
1468
1538
1577
1605
1625
1642
1659
1661
1664
1669
1676
1676
1677
1677
1679
1679
1688
1687
1687
1686
1685
1687
1687
1689
1692
1687
1688
1696
1698
1693
1698
1695
1694
1699
1699
1698
1701
1699
1695
1699
1699
1699
1695
1694
1698
1696
1689
1687
1680
1679
1676
1674
1663
1661
1657
1654
1654
1644
1645
1636
1632
1631
1631
1623
1630
1622
1631
1628
1627
1624
1630
1629
1634
1631
1635
1635
1636
1638
1636
1640
1637
1635
1635
1641
1636
1638
1640
1640
1641
1638
1643
1641
1641
1640
1643
1641
1630
1622
1627
1640
1640
1648
1645
1650
1649
1651
1650
1649
1645
1649
1650
1654
1650
1650
1645
1649
1649
1645
1649
1643
1644
1643
1648
1648
1642
1641
1641
1640
1636
1640
1636
1635
1634
1638
1638
1638
1642
1641
1645
1642
1641
1642
1641
1641
1643
1643
1644
1644
1644
1649
1648
1642
1645
1641
1644
1642
1644
1641
1641
1644
1645
1650
1641
1638
1625
1606
1574
1538
1481
1414
1357
1299
1269
1272
1332
1411
1494
1546
1586
1616
1631
1649
1662
1664
1670
1677
1680
1680
1682
1687
1686
1686
1687
1692
1688
1688
1689
1688
1688
1688
1692
1693
1692
1694
1695
1698
1700
1695
1700
1695
1700
1701
1700
1699
1698
1702
1699
1699
1694
1694
1692
1689
1688
1688
1680
1674
1673
1670
1666
1663
1659
1657
1650
1641
1641
1632
1630
1629
1629
1627
1625
1622
1627
1627
1625
1627
1629
1629
1631
1637
1634
1634
1630
1632
1634
1634
1630
1635
1635
1635
1640
1636
1635
1634
1635
1635
1636
1636
1635
1638
1636
1641
1640
1640
1635
1642
1641
1642
1645
1643
1647
1643
1645
1645
1648
1645
1645
1650
1649
1644
1648
1641
1641
1640
1643
1643
1640
1642
1640
1638
1632
1632
1627
1630
1629
1631
1631
1635
1636
1641
1643
1637
1640
1637
1638
1636
1637
1632
1635
1636
1636
1641
1641
1643
1641
1640
1636
1637
1634
1631
1638
1638
1638
1637
1638
1636
1635
1630
1606
1571
1540
1473
1418
1353
1314
1288
1281
1337
1399
1474
1537
1574
1606
1627
1644
1649
1656
1662
1668
1672
1673
1674
1677
1675
1679
1683
1683
1681
1683
1687
1690
1690
1688
1687
1688
1688
1692
1694
1693
1695
1700
1700
1695
1694
1694
1696
1693
1695
1695
1692
1693
1695
1696
1696
1692
1690
1673
1619
1635
1642
1648
1649
1648
1650
1644
1643
1643
1641
1635
1637
1631
1627
1622
1623
1624
1625
1623
1624
1627
1629
1630
1630
1634
1632
1631
1631
1635
1627
1630
1631
1631
1630
1635
1631
1634
1631
1634
1636
1636
1635
1632
1636
1636
1637
1636
1635
1636
1638
1643
1642
1643
1643
1643
1644
1645
1643
1647
1645
1644
1651
1647
1645
1647
1649
1649
1645
1645
1644
1649
1650
1648
1647
1644
1645
1641
1641
1638
1636
1641
1641
1640
1640
1641
1631
1631
1629
1631
1623
1630
1627
1631
1631
1636
1636
1632
1638
1640
1638
1635
1635
1632
1635
1636
1636
1635
1631
1631
1634
1636
1636
1636
1635
1636
1636
1638
1634
1632
1627
1625
1628
1618
1595
1553
1513
1474
1412
1373
1300
1274
1295
1359
1427
1492
1543
1579
1603
1624
1642
1650
1656
1660
1664
1669
1674
1669
1669
1676
1675
1681
1677
1679
1675
1687
1685
1685
1683
1686
1686
1685
1685
1688
1688
1688
1692
1695
1692
1689
1690
1693
1688
1688
1692
1692
1692
1689
1694
1687
1679
1681
1677
1677
1674
1668
1666
1666
1657
1650
1649
1645
1638
1634
1634
1625
1625
1622
1622
1621
1621
1621
1617
1618
1622
1624
1627
1622
1627
1624
1625
1624
1631
1631
1630
1630
1631
1630
1627
1628
1630
1629
1630
1630
1632
1631
1634
1634
1631
1631
1629
1631
1631
1638
1640
1637
1641
1643
1643
1637
1641
1637
1642
1643
1645
1649
1643
1645
1645
1645
1648
1647
1647
1643
1645
1642
1645
1643
1641
1640
1641
1643
1640
1640
1636
1636
1631
1627
1627
1629
1630
1635
1636
1638
1636
1637
1641
1638
1638
1636
1636
1641
1640
1642
1640
1640
1637
1643
1641
1643
1640
1640
1636
1636
1641
1637
1640
1637
1643
1640
1640
1695
1673
1653
1624
1578
1535
1487
1412
1343
1300
1275
1285
1326
1398
1483
1544
1583
1611
1625
1641
1660
1664
1663
1669
1673
1679
1680
1681
1681
1687
1687
1683
1683
1683
1686
1687
1687
1689
1692
1694
1695
1695
1699
1699
1698
1699
1698
1698
1700
1702
1699
1700
1703
1699
1699
1698
1695
1698
1693
1695
1692
1690
1683
1681
1677
1675
1673
1668
1660
1656
1650
1649
1645
1643
1635
1636
1636
1634
1627
1627
1630
1631
1625
1630
1631
1630
1635
1636
1640
1636
1640
1635
1638
1635
1636
1636
1638
1640
1636
1641
1636
1643
1637
1636
1641
1638
1638
1637
1642
1640
1641
1640
1641
1642
1641
1644
1645
1645
1649
1650
1645
1649
1649
1642
1645
1647
1650
1650
1648
1647
1645
1649
1649
1648
1648
1641
1645
1642
1642
1645
1645
1643
1641
1640
1635
1632
1631
1631
1635
1635
1636
1635
1637
1632
1635
1635
1638
1641
1640
1641
1643
1642
1640
1644
1644
1642
1637
1635
1638
1634
1637
1640
1641
1637
1640
1642
1636
1634
1634
1634
1631
1619
1592
1530
1485
1427
1370
1308
1280
1259
1287
1361
1447
1516
1560
1591
1611
1634
1650
1657
1664
1670
1676
1677
1681
1677
1679
1680
1681
1681
1686
1683
1687
1688
1687
1692
1689
1688
1693
1690
1693
1696
1693
1696
1694
1698
1696
1699
1695
1699
1700
1699
1702
1700
1699
1695
1692
1692
1692
1681
1681
1681
1675
1669
1670
1663
1662
1660
1650
1649
1644
1640
1634
1632
1630
1623
1622
1629
1627
1629
1627
1628
1629
1629
1636
1635
1636
1632
1635
1632
1635
1637
1635
1631
1635
1640
1641
1641
1635
1636
1641
1647
1641
1642
1638
1640
1641
1641
1640
1637
1640
1641
1645
1645
1647
1645
1643
1649
1645
1644
1636
1664
1663
1664
1660
1655
1655
1650
1650
1649
1642
1642
1645
1645
1649
1643
1638
1640
1637
1635
1635
1631
1635
1638
1641
1642
1640
1641
1636
1641
1640
1643
1641
1641
1640
1643
1644
1642
1640
1638
1643
1642
1644
1641
1638
1636
1640
1642
1642
1643
1642
1642
1641
1641
1638
1623
1593
1556
1518
1463
1399
1343
1301
1286
1313
1372
1436
1505
1556
1593
1621
1635
1647
1657
1661
1670
1673
1677
1679
1680
1679
1683
1683
1683
1681
1686
1687
1692
1687
1692
1687
1692
1688
1692
1692
1693
1693
1696
1698
1695
1692
1694
1696
1696
1696
1701
1699
1696
1694
1696
1693
1688
1688
1687
1686
1677
1673
1666
1664
1667
1659
1655
1649
1647
1640
1641
1635
1635
1631
1630
1623
1625
1622
1625
1623
1627
1631
1631
1627
1628
1631
1630
1631
1628
1630
1631
1632
1631
1635
1629
1623
1627
1631
1631
1631
1636
1637
1638
1632
1635
1636
1635
1635
1636
1638
1641
1642
1642
1649
1645
1641
1641
1641
1640
1642
1644
1644
1645
1649
1645
1649
1642
1648
1645
1643
1645
1642
1645
1643
1643
1643
1641
1643
1640
1641
1636
1641
1635
1638
1631
1635
1636
1635
1635
1631
1629
1627
1630
1627
1631
1628
1632
1634
1635
1630
1631
1634
1631
1634
1631
1636
1629
1635
1635
1641
1635
1636
1636
1634
1631
1634
1631
1634
1636
1636
1640
1636
1636
1635
1635
1627
1625
1605
1572
1527
1494
1429
1386
1338
1298
1277
1334
1393
1461
1521
1565
1596
1615
1631
1644
1655
1660
1668
1668
1672
1670
1675
1674
1681
1683
1681
1677
1679
1680
1682
1681
1686
1682
1688
1687
1692
1688
1690
1693
1689
1694
1693
1692
1690
1689
1696
1693
1693
1690
1696
1693
1692
1695
1693
1687
1679
1648
1662
1664
1662
1656
1661
1654
1654
1648
1641
1636
1631
1631
1627
1624
1621
1625
1629
1627
1627
1624
1624
1625
1629
1628
1625
1625
1631
1631
1631
1632
1631
1630
1630
1631
1628
1631
1628
1632
1634
1636
1631
1632
1635
1635
1636
1637
1636
1635
1636
1636
1640
1640
1641
1644
1643
1645
1644
1643
1641
1643
1643
1644
1645
1643
1647
1649
1649
1647
1645
1644
1645
1645
1645
1644
1641
1637
1637
1641
1641
1641
1641
1640
1644
1635
1641
1635
1637
1634
1632
1635
1630
1629
1627
1630
1631
1630
1624
1625
1627
1630
1625
1630
1624
1629
1624
1631
1629
1630
1630
1635
1635
1638
1635
1630
1631
1631
1634
1635
1634
1630
1630
1630
1629
1627
1628
1630
1629
1625
1627
1622
1619
1603
1574
1526
1482
1425
1353
1302
1276
1270
1312
1383
1460
1522
1565
1592
1615
1630
1641
1651
1657
1662
1668
1667
1672
1674
1673
1674
1680
1676
1677
1677
1675
1673
1677
1679
1683
1683
1683
1683
1686
1687
1688
1687
1686
1685
1688
1683
1688
1692
1692
1688
1694
1692
1688
1685
1686
1690
1681
1676
1673
1667
1668
1661
1657
1651
1649
1644
1640
1641
1635
1632
1628
1625
1624
1623
1621
1621
1614
1622
1624
1625
1621
1623
1622
1627
1623
1621
1619
1625
1624
1627
1630
1627
1625
1630
1630
1629
1630
1627
1630
1632
1635
1635
1631
1627
1634
1634
1634
1631
1638
1632
1635
1635
1635
1636
1635
1637
1640
1642
1641
1643
1640
1641
1641
1644
1641
1636
1641
1643
1644
1641
1636
1638
1635
1640
1636
1637
1634
1634
1634
1642
1640
1638
1634
1631
1627
1624
1624
1627
1628
1629
1635
1634
1631
1627
1631
1631
1634
1635
1635
1627
1634
1635
1638
1635
1637
1635
1628
1629
1630
1629
1628
1632
1634
1634
1630
1635
1627
1627
1624
1627
1616
1598
1565
1524
1476
1404
1332
1285
1261
1257
1319
1390
1473
1532
1574
1605
1624
1643
1653
1659
1666
1674
1673
1673
1669
1673
1677
1679
1679
1679
1683
1690
1685
1685
1682
1685
1687
1689
1689
1688
1690
1689
1690
1689
1693
1694
1692
1699
1698
1692
1694
1696
1699
1698
1696
1692
1692
1683
1679
1680
1679
1676
1673
1668
1667
1660
1655
1649
1643
1640
1631
1636
1627
1625
1624
1625
1625
1622
1622
1622
1624
1623
1627
1631
1627
1627
1629
1630
1625
1625
1624
1631
1628
1635
1631
1629
1624
1632
1631
1632
1634
1634
1636
1634
1635
1635
1635
1632
1636
1637
1636
1640
1634
1636
1635
1640
1636
1640
1638
1641
1642
1644
1643
1640
1641
1641
1641
1636
1635
1636
1636
1640
1638
1638
1634
1636
1627
1631
1629
1631
1631
1630
1629
1627
1624
1621
1623
1623
1624
1624
1627
1623
1628
1630
1631
1625
1628
1630
1631
1628
1630
1628
1634
1630
1635
1631
1630
1627
1625
1627
1629
1625
1629
1625
1627
1630
1631
1629
1622
1621
1610
1586
1548
1503
1445
1392
1339
1289
1256
1255
1324
1403
1474
1531
1570
1596
1621
1631
1641
1649
1651
1659
1668
1669
1673
1669
1672
1673
1673
1673
1672
1669
1673
1676
1680
1679
1680
1679
1681
1681
1682
1688
1683
1683
1688
1690
1685
1687
1687
1688
1687
1688
1688
1687
1688
1687
1683
1681
1680
1674
1675
1669
1662
1662
1659
1649
1650
1645
1645
1640
1634
1629
1625
1621
1619
1612
1621
1615
1619
1621
1617
1624
1619
1623
1624
1624
1627
1623
1624
1627
1627
1625
1625
1623
1624
1623
1623
1624
1627
1623
1630
1624
1630
1628
1631
1627
1631
1623
1546
1574
1593
1605
1616
1619
1622
1630
1630
1640
1631
1638
1635
1636
1634
1635
1632
1635
1636
1640
1642
1640
1641
1638
1637
1636
1638
1637
1635
1631
1632
1632
1631
1631
1634
1634
1631
1631
1634
1635
1629
1631
1629
1627
1619
1621
1617
1621
1622
1622
1624
1629
1624
1628
1629
1625
1624
1625
1629
1631
1627
1628
1627
1630
1628
1631
1629
1630
1627
1628
1627
1627
1624
1625
1625
1625
1628
1625
1623
1622
1615
1595
1565
1516
1459
1404
1357
1314
1281
1286
1322
1392
1464
1518
1560
1584
1611
1630
1643
1650
1654
1655
1656
1663
1662
1656
1661
1664
1664
1670
1668
1673
1669
1670
1676
1673
1672
1670
1673
1677
1681
1679
1677
1679
1681
1677
1676
1674
1674
1680
1680
1679
1679
1680
1679
1680
1679
1673
1669
1669
1668
1663
1662
1656
1651
1642
1643
1642
1635
1630
1627
1621
1622
1617
1615
1608
1611
1612
1616
1614
1614
1614
1616
1616
1618
1615
1617
1619
1618
1617
1621
1619
1615
1617
1619
1616
1616
1617
1615
1622
1623
1624
1622
1621
1622
1619
1618
1621
1621
1617
1621
1625
1625
1630
1624
1623
1623
1623
1627
1625
1630
1631
1636
1634
1631
1631
1634
1630
1632
1630
1630
1630
1629
1632
1630
1630
1624
1625
1627
1632
1624
1628
1625
1631
1627
1625
1624
1624
1623
1627
1622
1625
1617
1622
1617
1618
1612
1616
1616
1618
1621
1619
1624
1619
1616
1621
1624
1617
1622
1622
1622
1623
1631
1627
1624
1621
1622
1625
1627
1625
1622
1624
1624
1627
1624
1622
1622
1622
1616
1611
1601
1565
1524
1489
1427
1374
1321
1282
1269
1308
1370
1444
1506
1551
1583
1604
1627
1632
1641
1645
1654
1662
1662
1664
1664
1664
1668
1673
1683
1714
1701
1688
1688
1680
1675
1679
1672
1675
1679
1677
1676
1676
1683
1679
1676
1680
1681
1679
1681
1680
1679
1681
1682
1681
1681
1679
1676
1676
1673
1669
1668
1667
1659
1655
1650
1653
1641
1640
1630
1635
1627
1630
1624
1623
1621
1617
1615
1614
1614
1611
1616
1616
1619
1617
1622
1619
1621
1617
1622
1618
1621
1616
1622
1622
1621
1622
1621
1617
1621
1622
1624
1622
1622
1621
1622
1622
1621
1622
1624
1625
1627
1627
1627
1625
1630
1631
1636
1632
1632
1631
1635
1635
1635
1631
1634
1635
1634
1632
1635
1636
1631
1629
1635
1640
1628
1632
1634
1636
1622
1627
1624
1622
1622
1625
1624
1627
1622
1625
1619
1622
1614
1617
1612
1618
1616
1625
1624
1624
1618
1627
1621
1625
1622
1622
1617
1627
1628
1630
1630
1625
1622
1623
1627
1630
1628
1628
1627
1624
1624
1627
1622
1621
1617
1615
1598
1565
1526
1485
1442
1383
1318
1272
1264
1290
1366
1442
1511
1550
1586
1605
1624
1640
1648
1654
1655
1660
1662
1662
1666
1668
1669
1669
1670
1669
1672
1669
1673
1672
1675
1677
1677
1677
1679
1677
1676
1677
1676
1679
1679
1681
1679
1681
1686
1680
1681
1683
1683
1680
1688
1683
1676
1673
1669
1667
1668
1666
1660
1656
1654
1655
1649
1641
1635
1632
1625
1627
1621
1622
1617
1622
1616
1621
1616
1617
1612
1616
1616
1622
1622
1622
1621
1623
1627
1624
1621
1624
1623
1625
1624
1624
1624
1624
1625
1631
1627
1623
1622
1624
1623
1627
1624
1627
1624
1631
1631
1631
1629
1627
1630
1630
1632
1631
1635
1632
1636
1638
1640
1631
1636
1634
1637
1636
1636
1631
1635
1636
1637
1635
1631
1630
1631
1636
1634
1636
1628
1629
1622
1622
1617
1612
1615
1622
1624
1625
1623
1624
1623
1629
1628
1631
1630
1634
1631
1630
1631
1627
1630
1624
1631
1631
1632
1632
1635
1634
1635
1631
1631
1629
1631
1631
1635
1634
1631
1622
1610
1574
1521
1480
1427
1359
1319
1272
1264
1293
1354
1442
1518
1564
1591
1612
1634
1649
1651
1660
1663
1669
1672
1674
1677
1675
1673
1677
1677
1676
1674
1679
1681
1677
1683
1685
1683
1686
1682
1683
1687
1692
1688
1687
1688
1688
1692
1687
1686
1687
1687
1687
1692
1689
1683
1683
1683
1687
1681
1674
1669
1667
1666
1660
1660
1650
1648
1641
1641
1636
1632
1622
1622
1619
1621
1617
1621
1612
1618
1616
1622
1622
1622
1622
1623
1623
1624
1623
1624
1625
1630
1628
1630
1625
1624
1624
1631
1624
1629
1627
1629
1629
1630
1625
1627
1625
1630
1631
1631
1629
1630
1631
1631
1637
1636
1636
1634
1638
1635
1636
1635
1631
1635
1632
1636
1636
1638
1635
1638
1637
1635
1636
1636
1637
1631
1631
1631
1630
1618
1634
1625
1625
1622
1624
1624
1630
1627
1630
1631
1631
1631
1635
1631
1627
1628
1627
1630
1629
1630
1629
1631
1630
1634
1632
1630
1628
1628
1631
1629
1628
1630
1630
1627
1625
1621
1597
1559
1534
1489
1423
1365
1303
1277
1266
1322
1390
1464
1520
1565
1595
1615
1631
1641
1651
1657
1661
1669
1669
1670
1676
1675
1677
1676
1680
1679
1677
1675
1677
1680
1681
1679
1680
1688
1687
1683
1682
1687
1688
1693
1694
1696
1693
1690
1692
1698
1692
1687
1693
1692
1686
1687
1687
1683
1681
1679
1675
1669
1667
1662
1661
1655
1650
1643
1643
1641
1640
1635
1630
1628
1625
1625
1625
1623
1627
1627
1624
1630
1630
1628
1625
1630
1630
1636
1631
1631
1605
1583
1595
1612
1616
1621
1622
1624
1627
1632
1631
1629
1625
1631
1635
1636
1636
1631
1636
1631
1636
1635
1635
1638
1641
1642
1649
1649
1645
1649
1648
1644
1642
1641
1647
1641
1645
1649
1644
1649
1648
1648
1643
1643
1641
1644
1641
1642
1640
1637
1636
1641
1643
1640
1641
1636
1634
1631
1636
1630
1630
1630
1630
1634
1634
1631
1631
1637
1635
1640
1641
1641
1635
1636
1635
1635
1634
1634
1632
1635
1637
1636
1636
1631
1632
1635
1635
1632
1632
1628
1632
1624
1616
1584
1548
1515
1462
1404
1350
1299
1280
1299
1369
1431
1498
1548
1583
1605
1628
1642
1650
1659
1664
1663
1667
1669
1674
1676
1677
1679
1677
1677
1673
1676
1675
1679
1677
1683
1687
1686
1683
1688
1681
1681
1683
1683
1683
1687
1688
1692
1689
1694
1692
1688
1683
1687
1687
1683
1685
1681
1679
1679
1677
1670
1664
1662
1659
1659
1654
1647
1636
1637
1631
1631
1629
1627
1622
1624
1622
1622
1618
1622
1621
1621
1621
1627
1622
1616
1621
1624
1625
1630
1624
1627
1625
1628
1630
1627
1623
1624
1624
1624
1628
1624
1628
1624
1628
1627
1630
1627
1629
1630
1635
1636
1632
1631
1631
1635
1635
1640
1635
1641
1643
1649
1644
1643
1640
1644
1649
1643
1641
1641
1638
1638
1641
1640
1637
1644
1638
1641
1640
1636
1636
1635
1629
1631
1630
1624
1622
1622
1625
1630
1630
1631
1636
1631
1631
1630
1631
1627
1632
1629
1632
1630
1632
1631
1632
1634
1638
1641
1637
1634
1631
1635
1629
1630
1625
1635
1630
1635
1631
1632
1625
1625
1610
1586
1540
1503
1441
1383
1338
1294
1288
1302
1374
1444
1512
1556
1586
1612
1630
1645
1660
1657
1663
1667
1672
1672
1669
1669
1674
1672
1662
1672
1677
1675
1680
1677
1679
1679
1682
1687
1688
1687
1692
1693
1687
1688
1693
1695
1692
1688
1693
1695
1692
1694
1692
1693
1694
1693
1693
1688
1681
1680
1677
1676
1669
1668
1666
1659
1657
1654
1649
1643
1640
1637
1637
1631
1631
1625
1625
1624
1630
1628
1627
1627
1627
1629
1630
1630
1630
1629
1627
1631
1631
1631
1630
1634
1631
1634
1630
1631
1630
1637
1636
1638
1634
1631
1636
1635
1632
1635
1638
1634
1640
1637
1642
1642
1640
1635
1641
1643
1643
1643
1642
1643
1641
1645
1645
1642
1645
1643
1645
1644
1647
1648
1642
1644
1647
1641
1636
1636
1638
1636
1638
1636
1640
1632
1636
1629
1631
1623
1630
1629
1635
1635
1635
1631
1632
1632
1631
1636
1631
1632
1631
1636
1632
1636
1631
1632
1631
1632
1636
1636
1635
1632
1638
1631
1632
1632
1632
1634
1634
1630
1630
1622
1603
1565
1530
1469
1406
1346
1299
1286
1281
1318
1395
1477
1538
1577
1603
1624
1642
1651
1659
1669
1674
1673
1669
1672
1674
1676
1674
1677
1679
1680
1683
1682
1681
1686
1687
1688
1688
1687
1683
1688
1688
1693
1693
1692
1692
1694
1693
1692
1692
1692
1693
1693
1693
1693
1688
1685
1692
1688
1681
1676
1679
1670
1669
1664
1661
1655
1649
1644
1647
1641
1636
1634
1631
1628
1625
1624
1615
1622
1622
1629
1625
1631
1627
1631
1628
1631
1630
1631
1631
1630
1630
1631
1631
1625
1636
1630
1634
1632
1635
1630
1635
1634
1636
1641
1635
1635
1636
1641
1638
1637
1641
1643
1643
1640
1645
1641
1641
1640
1645
1645
1645
1647
1645
1650
1645
1649
1645
1645
1649
1645
1648
1644
1645
1647
1649
1650
1643
1645
1636
1638
1637
1645
1642
1641
1616
1617
1621
1627
1627
1623
1627
1630
1636
1635
1635
1636
1638
1636
1638
1636
1636
1642
1640
1641
1640
1638
1636
1641
1640
1637
1641
1638
1640
1640
1642
1635
1637
1634
1632
1629
1631
1631
1631
1609
1583
1541
1492
1414
1352
1295
1256
1245
1296
1373
1456
1525
1570
1602
1622
1638
1650
1662
1664
1672
1675
1677
1676
1679
1680
1677
1679
1680
1681
1687
1687
1686
1681
1687
1688
1688
1688
1688
1692
1689
1692
1693
1693
1698
1693
1696
1698
1695
1693
1692
1693
1692
1693
1690
1688
1688
1688
1685
1681
1681
1670
1669
1668
1660
1655
1650
1647
1643
1637
1636
1635
1631
1627
1627
1622
1624
1621
1622
1619
1624
1625
1624
1627
1631
1632
1635
1629
1627
1629
1630
1625
1631
1627
1630
1627
1629
1629
1629
1632
1631
1635
1632
1636
1634
1640
1635
1636
1631
1631
1632
1635
1640
1642
1641
1642
1643
1643
1643
1641
1640
1641
1643
1643
1643
1644
1648
1642
1643
1640
1643
1642
1642
1641
1641
1636
1635
1631
1625
1629
1629
1634
1632
1636
1634
1635
1634
1632
1635
1632
1636
1635
1636
1634
1631
1630
1634
1634
1634
1631
1631
1631
1634
1636
1631
1631
1630
1629
1631
1632
1628
1631
1629
1622
1593
1560
1527
1461
1398
1334
1299
1255
1276
1346
1418
1492
1546
1584
1606
1627
1642
1651
1659
1662
1666
1669
1672
1669
1673
1677
1674
1676
1681
1679
1675
1683
1683
1681
1687
1687
1681
1683
1687
1686
1685
1687
1688
1689
1692
1693
1695
1690
1692
1695
1693
1690
1687
1692
1688
1686
1685
1681
1681
1676
1673
1668
1663
1657
1662
1654
1651
1643
1640
1636
1636
1630
1625
1625
1621
1622
1622
1624
1624
1623
1625
1627
1630
1629
1629
1630
1623
1630
1612
1623
1622
1627
1630
1636
1630
1631
1630
1631
1631
1638
1631
1636
1636
1635
1635
1636
1634
1630
1632
1631
1644
1637
1640
1641
1643
1642
1641
1641
1641
1642
1641
1645
1649
1645
1645
1645
1649
1643
1648
1643
1641
1643
1645
1651
1643
1644
1641
1643
1641
1642
1641
1638
1641
1642
1642
1641
1642
1635
1634
1631
1630
1629
1623
1630
1632
1634
1631
1632
1630
1636
1635
1638
1636
1641
1635
1636
1635
1636
1634
1630
1635
1638
1636
1635
1640
1636
1636
1636
1636
1631
1632
1635
1636
1632
1624
1602
1567
1541
1503
1434
1372
1309
1279
1282
1335
1398
1475
1533
1574
1599
1621
1636
1643
1657
1667
1664
1667
1669
1673
1677
1677
1674
1679
1677
1679
1679
1681
1679
1677
1677
1680
1687
1683
1683
1685
1683
1687
1688
1686
1687
1690
1689
1688
1693
1696
1693
1690
1690
1688
1686
1682
1682
1681
1676
1679
1677
1670
1668
1662
1655
1654
1649
1644
1640
1636
1630
1634
1623
1622
1622
1624
1622
1623
1622
1623
1622
1624
1622
1625
1621
1623
1623
1625
1622
1628
1625
1628
1623
1624
1627
1628
1625
1627
1625
1622
1622
1623
1623
1630
1632
1628
1634
1628
1631
1629
1630
1627
1631
1634
1632
1634
1642
1636
1640
1642
1648
1648
1643
1644
1647
1643
1641
1640
1641
1643
1643
1644
1642
1641
1638
1641
1636
1636
1640
1640
1640
1636
1642
1635
1636
1634
1632
1632
1632
1631
1632
1628
1627
1624
1627
1627
1627
1629
1630
1630
1625
1631
1634
1640
1636
1640
1631
1634
1631
1634
1636
1635
1632
1631
1632
1635
1638
1635
1636
1635
1638
1638
1635
1630
1631
1629
1629
1618
1591
1553
1513
1466
1414
1350
1305
1286
1296
1357
1421
1494
1540
1579
1604
1616
1642
1654
1666
1669
1672
1674
1676
1679
1679
1680
1681
1679
1677
1680
1680
1680
1687
1683
1683
1687
1693
1692
1688
1692
1692
1692
1689
1696
1695
1692
1694
1698
1703
1698
1695
1693
1698
1695
1693
1694
1693
1686
1685
1677
1677
1672
1668
1669
1664
1660
1659
1651
1649
1643
1643
1635
1632
1623
1627
1625
1628
1624
1629
1627
1631
1628
1630
1625
1627
1627
1631
1631
1631
1627
1636
1636
1636
1638
1636
1635
1630
1636
1636
1632
1627
1631
1630
1634
1636
1638
1637
1637
1640
1638
1642
1636
1640
1640
1641
1643
1643
1643
1641
1648
1649
1645
1643
1643
1645
1644
1649
1647
1643
1643
1642
1647
1642
1643
1641
1643
1641
1643
1641
1641
1643
1640
1641
1637
1635
1630
1630
1627
1627
1628
1625
1627
1627
1629
1634
1638
1630
1636
1636
1637
1636
1635
1634
1634
1635
1636
1635
1632
1636
1636
1636
1637
1631
1634
1629
1632
1631
1631
1630
1636
1635
1631
1622
1616
1585
1537
1496
1437
1361
1316
1267
1256
1272
1347
1431
1507
1554
1591
1616
1632
1643
1651
1662
1664
1669
1673
1670
1672
1676
1679
1681
1679
1681
1679
1682
1682
1683
1680
1683
1685
1682
1686
1687
1686
1687
1692
1693
1693
1688
1695
1698
1695
1695
1695
1692
1693
1693
1693
1688
1690
1683
1687
1680
1675
1669
1664
1664
1664
1656
1653
1648
1645
1641
1640
1632
1631
1628
1624
1624
1624
1623
1622
1625
1622
1627
1624
1625
1624
1627
1631
1632
1631
1631
1629
1632
1630
1634
1631
1635
1630
1635
1636
1635
1635
1635
1637
1636
1635
1634
1636
1634
1637
1636
1641
1640
1640
1642
1641
1645
1647
1641
1643
1643
1645
1642
1645
1642
1643
1648
1651
1650
1649
1649
1640
1642
1630
1683
1666
1659
1654
1650
1649
1645
1647
1644
1643
1641
1640
1636
1640
1638
1637
1636
1630
1631
1627
1627
1624
1630
1627
1632
1636
1637
1636
1631
1634
1635
1638
1636
1640
1636
1635
1638
1640
1641
1640
1637
1636
1641
1635
1636
1635
1638
1634
1636
1634
1632
1631
1634
1630
1634
1612
1584
1545
1496
1436
1377
1319
1272
1257
1305
1372
1447
1513
1561
1592
1623
1635
1649
1655
1659
1669
1669
1674
1673
1674
1677
1679
1677
1677
1680
1681
1687
1682
1680
1688
1685
1680
1683
1688
1685
1688
1690
1698
1693
1688
1693
1695
1694
1696
1698
1693
1690
1690
1690
1693
1689
1688
1688
1679
1679
1677
1669
1667
1662
1659
1655
1649
1649
1643
1642
1632
1635
1631
1629
1624
1627
1623
1623
1619
1621
1621
1623
1624
1625
1625
1623
1629
1627
1625
1627
1624
1625
1628
1627
1631
1624
1625
1623
1629
1625
1630
1624
1634
1630
1630
1631
1631
1631
1630
1631
1635
1634
1631
1636
1636
1642
1640
1641
1641
1640
1644
1643
1642
1636
1644
1643
1645
1647
1643
1643
1641
1647
1643
1642
1640
1638
1640
1635
1636
1636
1636
1636
1636
1638
1635
1631
1629
1627
1623
1621
1621
1624
1624
1630
1631
1635
1631
1632
1630
1634
1635
1640
1637
1636
1637
1634
1640
1631
1632
1632
1634
1631
1631
1631
1632
1632
1634
1634
1630
1630
1631
1630
1624
1614
1585
1541
1508
1448
1395
1332
1285
1264
1308
1361
1435
1503
1554
1583
1605
1624
1636
1648
1660
1669
1670
1670
1672
1675
1677
1676
1675
1674
1673
1675
1679
1680
1680
1683
1683
1681
1682
1687
1687
1683
1687
1692
1690
1688
1687
1688
1695
1693
1696
1696
1692
1694
1692
1693
1693
1688
1683
1688
1685
1677
1659
1712
1695
1685
1673
1664
1656
1650
1647
1644
1636
1632
1631
1624
1624
1627
1628
1628
1623
1624
1627
1624
1630
1630
1631
1630
1629
1627
1627
1624
1627
1631
1634
1629
1634
1630
1632
1631
1631
1629
1630
1632
1631
1632
1635
1635
1635
1638
1635
1642
1638
1641
1637
1642
1643
1640
1642
1642
1645
1644
1648
1645
1644
1643
1643
1649
1641
1645
1643
1641
1640
1643
1643
1642
1643
1640
1641
1636
1640
1637
1636
1635
1634
1631
1628
1622
1627
1631
1630
1631
1635
1632
1631
1631
1631
1635
1630
1635
1635
1635
1631
1632
1635
1636
1638
1636
1635
1631
1634
1632
1635
1630
1635
1632
1632
1628
1631
1627
1630
1619
1603
1574
1520
1472
1425
1370
1332
1293
1286
1309
1378
1459
1516
1564
1592
1614
1634
1641
1645
1651
1659
1661
1669
1668
1669
1673
1676
1675
1681
1674
1672
1677
1677
1676
1679
1683
1680
1679
1681
1683
1688
1687
1685
1682
1687
1688
1688
1686
1685
1690
1692
1689
1690
1688
1686
1687
1687
1682
1680
1675
1674
1673
1672
1662
1659
1655
1650
1643
1640
1635
1630
1629
1625
1624
1624
1623
1622
1622
1622
1621
1618
1617
1622
1623
1623
1623
1627
1627
1624
1623
1624
1622
1618
1622
1622
1627
1623
1629
1629
1630
1628
1631
1628
1631
1629
1631
1630
1631
1630
1631
1634
1631
1635
1640
1635
1632
1641
1642
1645
1644
1640
1642
1641
1641
1642
1642
1643
1643
1645
1645
1648
1642
1641
1641
1641
1640
1638
1641
1637
1643
1636
1636
1636
1640
1637
1641
1641
1638
1631
1629
1629
1625
1627
1625
1630
1629
1634
1632
1636
1630
1636
1636
1640
1634
1631
1631
1635
1635
1635
1635
1636
1636
1635
1638
1637
1637
1635
1637
1636
1640
1635
1632
1624
1619
1618
1612
1582
1541
1511
1444
1389
1328
1280
1273
1302
1360
1441
1512
1559
1593
1616
1634
1648
1659
1663
1664
1672
1674
1676
1675
1675
1675
1677
1677
1677
1679
1680
1692
1692
1686
1683
1687
1688
1688
1692
1688
1693
1694
1692
1696
1693
1690
1694
1700
1695
1695
1698
1698
1695
1695
1696
1694
1686
1683
1681
1680
1677
1673
1666
1664
1657
1654
1648
1647
1641
1640
1636
1631
1627
1629
1625
1627
1627
1625
1624
1617
1623
1625
1627
1627
1628
1625
1629
1630
1629
1628
1627
1627
1631
1631
1631
1628
1634
1630
1631
1630
1630
1630
1634
1632
1635
1636
1632
1635
1634
1641
1636
1636
1637
1641
1637
1638
1641
1637
1641
1640
1643
1643
1641
1643
1641
1641
1640
1640
1635
1637
1640
1636
1636
1634
1641
1640
1641
1636
1635
1630
1631
1625
1627
1628
1630
1630
1631
1631
1631
1631
1627
1627
1634
1638
1634
1632
1631
1632
1630
1631
1631
1630
1630
1630
1635
1631
1637
1631
1637
1627
1640
1631
1635
1627
1628
1628
1624
1601
1559
1522
1469
1410
1335
1277
1241
1244
1299
1380
1461
1530
1570
1598
1624
1637
1649
1659
1660
1664
1673
1669
1673
1672
1673
1674
1677
1677
1675
1677
1677
1683
1680
1682
1680
1685
1682
1687
1685
1687
1689
1687
1688
1694
1692
1688
1692
1695
1693
1692
1693
1692
1690
1687
1683
1680
1675
1676
1676
1674
1676
1668
1660
1659
1653
1649
1643
1640
1635
1632
1631
1630
1627
1622
1621
1621
1625
1622
1624
1625
1629
1627
1629
1627
1631
1631
1631
1629
1630
1630
1631
1632
1635
1627
1630
1628
1628
1630
1630
1631
1631
1635
1635
1637
1635
1635
1634
1636
1636
1638
1638
1636
1635
1636
1631
1631
1636
1641
1643
1640
1641
1636
1638
1636
1641
1636
1636
1635
1635
1638
1640
1641
1634
1634
1627
1629
1624
1624
1622
1629
1630
1631
1630
1631
1630
1631
1631
1634
1631
1630
1632
1635
1636
1634
1636
1631
1631
1631
1636
1634
1631
1631
1635
1635
1634
1630
1629
1627
1625
1627
1627
1616
1593
1556
1518
1459
1408
1345
1290
1272
1283
1344
1408
1487
1537
1573
1602
1618
1636
1645
1654
1660
1664
1664
1669
1668
1673
1674
1673
1674
1677
1677
1674
1679
1679
1679
1681
1681
1682
1683
1685
1683
1688
1687
1688
1687
1688
1687
1690
1685
1693
1693
1692
1688
1692
1688
1686
1683
1680
1681
1681
1675
1672
1668
1668
1659
1655
1645
1645
1638
1637
1631
1630
1623
1625
1621
1621
1621
1619
1617
1619
1621
1623
1624
1624
1622
1623
1622
1622
1627
1624
1625
1630
1630
1627
1630
1622
1627
1627
1624
1624
1627
1625
1627
1630
1635
1632
1630
1624
1632
1638
1627
1632
1632
1632
1632
1638
1632
1635
1635
1643
1642
1642
1643
1641
1642
1640
1642
1640
1637
1635
1640
1641
1638
1637
1636
1638
1635
1635
1632
1629
1630
1632
1631
1627
1627
1629
1623
1623
1622
1627
1627
1628
1631
1632
1632
1625
1629
1625
1631
1630
1634
1628
1631
1629
1636
1635
1632
1631
1630
1630
1628
1631
1628
1630
1630
1637
1634
1631
1628
1629
1624
1615
1589
1546
1516
1461
1410
1338
1301
1276
1285
1351
1416
1488
1543
1578
1602
1622
1635
1641
1654
1659
1663
1667
1666
1670
1674
1673
1676
1674
1676
1676
1675
1679
1679
1686
1683
1677
1677
1683
1686
1687
1687
1686
1692
1692
1687
1688
1689
1692
1688
1689
1689
1688
1692
1688
1692
1689
1683
1681
1675
1675
1637
1643
1653
1654
1654
1650
1648
1642
1641
1636
1632
1631
1631
1623
1621
1621
1622
1624
1623
1622
1622
1624
1623
1624
1624
1624
1627
1630
1631
1629
1630
1627
1629
1628
1629
1628
1629
1627
1634
1631
1631
1631
1635
1631
1636
1634
1634
1634
1632
1637
1636
1640
1640
1643
1645
1650
1649
1641
1641
1641
1643
1643
1645
1645
1644
1647
1647
1650
1641
1638
1640
1640
1641
1640
1642
1640
1640
1631
1636
1629
1630
1625
1632
1631
1636
1634
1632
1634
1635
1636
1631
1635
1632
1636
1638
1637
1635
1638
1634
1636
1635
1635
1631
1632
1631
1632
1635
1630
1635
1631
1632
1635
1635
1634
1634
1622
1605
1572
1533
1461
1414
1356
1308
1275
1286
1335
1404
1479
1533
1569
1597
1619
1635
1648
1655
1662
1661
1664
1670
1673
1674
1679
1674
1674
1680
1679
1677
1677
1676
1679
1680
1685
1682
1681
1687
1692
1690
1690
1692
1689
1688
1693
1692
1688
1688
1695
1696
1696
1695
1689
1690
1687
1686
1686
1683
1679
1680
1677
1673
1668
1660
1655
1651
1645
1643
1640
1640
1634
1632
1630
1630
1624
1624
1621
1621
1617
1622
1625
1629
1630
1632
1629
1629
1625
1631
1630
1630
1628
1627
1629
1631
1638
1635
1636
1635
1631
1631
1631
1632
1631
1632
1634
1637
1636
1638
1640
1642
1644
1641
1640
1641
1641
1640
1648
1645
1644
1645
1645
1650
1644
1644
1645
1645
1645
1645
1653
1649
1648
1643
1643
1643
1643
1641
1642
1642
1637
1641
1637
1631
1632
1635
1636
1632
1632
1632
1637
1634
1638
1640
1640
1638
1641
1641
1638
1638
1635
1636
1636
1643
1640
1641
1636
1637
1637
1635
1638
1637
1644
1640
1640
1640
1634
1627
1631
1614
1579
1544
1496
1436
1374
1340
1397
1347
1367
1418
1488
1548
1583
1605
1624
1643
1651
1666
1669
1673
1677
1681
1679
1681
1681
1686
1686
1683
1683
1683
1681
1688
1688
1692
1693
1694
1692
1692
1693
1694
1690
1696
1694
1695
1694
1699
1698
1700
1706
1702
1700
1700
1699
1698
1696
1698
1692
1687
1686
1681
1677
1674
1670
1668
1663
1655
1659
1650
1645
1641
1643
1638
1637
1631
1634
1630
1630
1630
1631
1631
1627
1627
1635
1631
1630
1636
1631
1636
1634
1636
1631
1632
1634
1636
1636
1640
1641
1636
1640
1636
1637
1636
1638
1641
1641
1642
1640
1642
1642
1643
1643
1642
1643
1642
1643
1645
1650
1644
1645
1648
1645
1645
1649
1650
1650
1649
1654
1650
1650
1643
1641
1641
1642
1645
1643
1643
1637
1636
1630
1632
1629
1631
1631
1636
1636
1638
1635
1636
1641
1642
1640
1641
1640
1640
1640
1641
1636
1636
1641
1648
1643
1640
1638
1636
1640
1638
1643
1640
1641
1640
1637
1641
1634
1635
1624
1601
1567
1528
1479
1416
1352
1302
1279
1259
1327
1392
1476
1537
1583
1608
1624
1642
1656
1661
1670
1676
1675
1679
1683
1681
1679
1680
1680
1679
1680
1687
1683
1685
1687
1696
1694
1692
1690
1692
1692
1689
1692
1695
1695
1694
1700
1698
1698
1696
1700
1698
1698
1698
1698
1692
1692
1694
1692
1685
1679
1679
1677
1673
1673
1664
1659
1651
1649
1649
1642
1635
1631
1631
1630
1627
1627
1630
1627
1630
1631
1631
1632
1632
1635
1635
1634
1632
1636
1636
1640
1640
1636
1637
1637
1640
1636
1638
1634
1636
1632
1636
1638
1641
1636
1640
1641
1642
1642
1641
1643
1636
1645
1649
1651
1650
1648
1649
1651
1649
1653
1644
1649
1649
1654
1654
1650
1650
1649
1651
1647
1625
1631
1635
1641
1641
1643
1645
1641
1640
1636
1635
1634
1636
1635
1642
1641
1641
1640
1640
1636
1637
1645
1643
1644
1641
1642
1640
1647
1642
1640
1642
1642
1643
1641
1642
1640
1644
1641
1641
1640
1637
1637
1636
1634
1627
1606
1570
1530
1477
1419
1365
1318
1289
1288
1341
1403
1480
1537
1578
1603
1623
1644
1659
1662
1669
1679
1679
1682
1682
1680
1683
1683
1687
1686
1686
1686
1688
1688
1690
1690
1692
1693
1690
1695
1690
1693
1693
1698
1698
1695
1693
1698
1696
1700
1702
1701
1698
1698
1699
1696
1692
1687
1689
1683
1680
1679
1672
1674
1668
1660
1661
1655
1650
1643
1641
1640
1635
1636
1631
1627
1629
1631
1627
1630
1627
1631
1627
1630
1632
1631
1627
1630
1631
1634
1627
1627
1630
1636
1637
1631
1631
1631
1631
1630
1632
1629
1630
1631
1634
1634
1631
1634
1632
1636
1636
1644
1638
1637
1641
1643
1645
1641
1643
1640
1644
1644
1645
1647
1645
1645
1648
1644
1645
1641
1645
1642
1643
1641
1645
1640
1636
1643
1643
1641
1636
1638
1635
1640
1636
1636
1636
1634
1631
1629
1625
1622
1618
1622
1625
1627
1630
1627
1629
1623
1634
1629
1630
1629
1635
1636
1636
1631
1631
1631
1632
1637
1635
1637
1630
1632
1631
1630
1632
1631
1631
1632
1634
1632
1630
1621
1592
1548
1522
1463
1398
1334
1294
1275
1299
1365
1428
1498
1546
1583
1602
1622
1638
1643
1657
1662
1668
1673
1673
1677
1676
1674
1674
1676
1679
1680
1679
1679
1681
1681
1680
1681
1683
1683
1687
1685
1692
1694
1696
1692
1692
1692
1692
1693
1694
1692
1693
1693
1693
1695
1692
1688
1688
1688
1681
1680
1675
1669
1674
1667
1660
1654
1649
1649
1648
1645
1637
1636
1637
1688
1664
1654
1641
1634
1629
1634
1631
1631
1628
1634
1634
1632
1630
1631
1629
1630
1629
1631
1630
1630
1630
1632
1635
1634
1635
1632
1636
1632
1636
1631
1635
1631
1636
1635
1635
1632
1635
1634
1635
1641
1643
1644
1641
1648
1644
1648
1645
1647
1645
1645
1649
1650
1645
1648
1643
1647
1645
1648
1644
1642
1640
1638
1641
1641
1643
1641
1640
1635
1635
1630
1631
1629
1630
1629
1629
1630
1635
1635
1635
1636
1631
1635
1634
1637
1635
1641
1636
1641
1635
1638
1640
1634
1631
1631
1634
1635
1640
1631
1636
1636
1635
1634
1630
1627
1627
1617
1604
1556
1522
1480
1418
1366
1316
1286
1269
1309
1388
1470
1527
1567
1595
1616
1637
1650
1656
1661
1667
1667
1675
1673
1673
1672
1674
1673
1679
1675
1674
1679
1681
1682
1683
1681
1685
1687
1686
1686
1688
1681
1683
1687
1689
1690
1694
1693
1694
1690
1692
1693
1688
1688
1688
1687
1685
1681
1677
1675
1675
1673
1667
1664
1659
1657
1650
1643
1641
1631
1630
1628
1628
1624
1624
1621
1624
1622
1628
1624
1622
1622
1622
1619
1625
1622
1627
1624
1623
1623
1622
1621
1623
1622
1627
1629
1627
1624
1630
1635
1628
1630
1627
1631
1629
1632
1635
1635
1630
1636
1632
1634
1634
1631
1635
1636
1638
1636
1642
1636
1640
1640
1641
1641
1640
1640
1640
1643
1638
1640
1632
1635
1635
1635
1632
1634
1635
1630
1630
1624
1624
1618
1622
1623
1630
1628
1631
1629
1630
1625
1631
1630
1634
1630
1630
1631
1632
1630
1629
1631
1628
1630
1630
1628
1625
1630
1631
1635
1631
1631
1630
1634
1621
1627
1622
1612
1593
1561
1516
1459
1393
1318
1280
1261
1254
1292
1374
1463
1531
1573
1651
1659
1664
1668
1668
1668
1670
1673
1672
1675
1673
1675
1679
1674
1675
1677
1674
1679
1680
1676
1679
1685
1682
1681
1681
1686
1685
1687
1683
1686
1687
1689
1690
1692
1692
1688
1692
1689
1692
1689
1683
1681
1683
1681
1676
1669
1667
1672
1669
1662
1660
1650
1644
1641
1642
1635
1631
1627
1625
1622
1622
1617
1623
1617
1622
1622
1624
1618
1624
1622
1627
1625
1622
1622
1622
1623
1624
1627
1629
1628
1630
1629
1628
1622
1624
1624
1625
1622
1627
1627
1628
1628
1631
1634
1629
1630
1631
1634
1630
1631
1631
1636
1634
1637
1638
1636
1635
1638
1638
1637
1641
1631
1635
1634
1640
1634
1636
1630
1632
1634
1635
1634
1629
1628
1625
1622
1621
1618
1616
1617
1619
1622
1622
1622
1622
1623
1623
1630
1627
1627
1629
1635
1630
1628
1623
1625
1625
1627
1627
1630
1628
1625
1627
1627
1623
1622
1624
1624
1619
1621
1621
1615
1593
1556
1516
1469
1403
1335
1292
1267
1279
1328
1392
1464
1527
1564
1592
1612
1627
1643
1645
1651
1660
1661
1660
1666
1669
1669
1668
1667
1668
1674
1669
1673
1673
1668
1670
1676
1674
1672
1675
1679
1676
1679
1676
1680
1681
1682
1683
1683
1683
1681
1679
1680
1681
1677
1677
1675
1673
1675
1674
1667
1662
1662
1655
1655
1649
1645
1641
1638
1634
1628
1624
1622
1619
1621
1616
1619
1616
1617
1614
1619
1617
1622
1614
1617
1617
1621
1619
1619
1618
1622
1622
1621
1622
1621
1621
1622
1622
1621
1618
1618
1621
1623
1623
1624
1622
1624
1622
1627
1623
1629
1627
1631
1628
1631
1631
1635
1634
1635
1636
1640
1636
1635
1637
1638
1641
1637
1638
1640
1643
1637
1640
1637
1637
1638
1640
1635
1632
1635
1631
1634
1631
1632
1631
1621
1695
1676
1655
1650
1636
1634
1627
1631
1622
1624
1619
1627
1622
1627
1624
1630
1629
1630
1628
1634
1630
1627
1627
1629
1627
1627
1631
1631
1625
1629
1632
1628
1624
1630
1630
1629
1624
1624
1622
1619
1595
1567
1534
1503
1428
1378
1316
1294
1272
1318
1376
1442
1516
1559
1588
1610
1625
1640
1644
1653
1659
1662
1664
1667
1667
1668
1667
1669
1672
1673
1664
1669
1674
1673
1679
1677
1677
1681
1680
1681
1680
1683
1679
1677
1680
1681
1683
1683
1683
1683
1687
1690
1680
1677
1679
1682
1679
1677
1673
1668
1669
1659
1662
1656
1648
1645
1641
1640
1634
1638
1624
1629
1621
1621
1619
1616
1611
1609
1616
1616
1616
1615
1619
1618
1618
1618
1619
1615
1618
1622
1621
1617
1622
1619
1622
1622
1627
1624
1623
1622
1622
1618
1622
1617
1622
1621
1625
1624
1625
1624
1625
1624
1631
1632
1630
1629
1631
1637
1637
1637
1630
1636
1635
1637
1636
1636
1631
1630
1632
1635
1636
1631
1632
1631
1636
1631
1635
1630
1635
1629
1635
1631
1630
1627
1625
1622
1621
1616
1615
1612
1616
1621
1624
1621
1621
1622
1622
1623
1621
1624
1622
1625
1627
1627
1632
1624
1624
1624
1625
1624
1627
1629
1629
1630
1627
1627
1623
1624
1617
1627
1618
1622
1612
1586
1556
1518
1475
1397
1352
1299
1289
1290
1340
1408
1480
1532
1572
1595
1617
1631
1645
1654
1655
1659
1659
1656
1664
1662
1666
1669
1669
1669
1677
1673
1673
1673
1676
1677
1679
1677
1677
1680
1682
1683
1683
1685
1681
1683
1686
1687
1687
1687
1689
1690
1690
1690
1687
1687
1688
1683
1681
1680
1680
1673
1673
1667
1663
1657
1649
1648
1642
1640
1635
1635
1629
1630
1630
1629
1621
1687
1659
1649
1641
1638
1631
1630
1627
1630
1625
1625
1622
1622
1623
1627
1624
1629
1627
1624
1623
1625
1625
1627
1625
1628
1630
1631
1628
1630
1624
1630
1631
1632
1631
1634
1635
1635
1635
1635
1636
1638
1640
1640
1649
1645
1642
1642
1643
1643
1643
1641
1638
1638
1638
1642
1641
1640
1638
1640
1641
1636
1637
1638
1636
1634
1632
1634
1632
1631
1632
1635
1630
1624
1621
1617
1621
1622
1625
1624
1625
1627
1630
1629
1625
1629
1631
1632
1638
1631
1630
1630
1627
1630
1630
1630
1627
1629
1625
1630
1629
1629
1623
1623
1630
1629
1623
1623
1624
1622
1599
1569
1530
1468
1408
1337
1299
1260
1251
1300
1380
1456
1526
1565
1593
1617
1630
1644
1651
1653
1662
1669
1668
1669
1667
1666
1669
1673
1673
1673
1669
1674
1677
1679
1679
1682
1679
1677
1680
1685
1686
1680
1680
1682
1683
1686
1687
1687
1690
1692
1688
1688
1686
1683
1687
1685
1683
1681
1676
1673
1672
1668
1669
1660
1656
1650
1645
1641
1636
1634
1630
1624
1619
1623
1616
1618
1617
1621
1617
1618
1617
1622
1616
1622
1621
1618
1615
1622
1621
1622
1618
1624
1622
1627
1624
1624
1622
1624
1622
1622
1625
1623
1622
1624
1624
1630
1630
1627
1631
1631
1640
1635
1635
1631
1631
1631
1635
1634
1636
1636
1640
1641
1641
1641
1640
1637
1638
1638
1638
1640
1636
1631
1634
1631
1635
1631
1635
1634
1636
1630
1629
1622
1625
1622
1630
1627
1627
1629
1630
1630
1631
1631
1634
1630
1630
1635
1634
1632
1630
1632
1636
1635
1630
1634
1631
1631
1631
1635
1631
1635
1631
1634
1635
1632
1630
1627
1623
1616
1588
1541
1495
1450
1390
1345
1285
1260
1266
1333
1415
1494
1550
1597
1661
1667
1669
1664
1667
1664
1673
1676
1679
1677
1677
1677
1675
1679
1674
1673
1677
1680
1681
1685
1686
1689
1685
1692
1688
1686
1683
1688
1688
1690
1694
1693
1696
1695
1696
1692
1692
1692
1688
1686
1687
1690
1689
1681
1679
1679
1674
1674
1668
1661
1657
1653
1648
1647
1641
1636
1635
1631
1629
1622
1622
1622
1628
1624
1625
1625
1627
1624
1630
1628
1627
1631
1630
1628
1630
1629
1627
1627
1627
1629
1631
1630
1624
1629
1627
1630
1627
1631
1631
1632
1631
1634
1631
1634
1631
1635
1634
1631
1632
1635
1640
1637
1641
1641
1641
1640
1641
1640
1641
1641
1635
1640
1638
1641
1640
1636
1634
1631
1632
1631
1634
1632
1635
1634
1635
1624
1624
1617
1621
1616
1625
1619
1629
1627
1630
1629
1631
1629
1630
1635
1635
1632
1630
1630
1630
1631
1631
1634
1630
1631
1631
1631
1630
1630
1627
1627
1630
1632
1630
1631
1622
1625
1619
1598
1560
1526
1460
1397
1353
1313
1270
1260
1327
1395
1468
1527
1567
1597
1616
1634
1643
1648
1657
1664
1666
1669
1668
1667
1672
1668
1669
1673
1674
1676
1679
1679
1680
1677
1675
1674
1676
1680
1682
1680
1682
1687
1689
1688
1692
1690
1688
1688
1687
1690
1687
1687
1685
1687
1683
1685
1681
1675
1677
1675
1668
1668
1661
1657
1650
1649
1643
1641
1638
1631
1635
1627
1627
1622
1623
1619
1621
1618
1621
1619
1619
1621
1622
1621
1625
1625
1625
1629
1629
1628
1623
1624
1624
1623
1629
1622
1624
1625
1629
1629
1632
1628
1630
1627
1630
1628
1630
1629
1634
1631
1635
1637
1637
1635
1637
1643
1642
1641
1643
1645
1643
1643
1642
1643
1642
1642
1644
1636
1641
1640
1640
1638
1637
1641
1637
1636
1540
1572
1595
1605
1614
1621
1625
1629
1631
1628
1628
1627
1630
1622
1622
1622
1625
1623
1631
1630
1631
1623
1630
1631
1635
1634
1632
1630
1632
1630
1631
1630
1631
1630
1631
1631
1636
1630
1631
1631
1634
1630
1628
1631
1629
1630
1625
1621
1603
1569
1531
1496
1440
1370
1328
1299
1289
1324
1388
1461
1525
1564
1593
1614
1631
1644
1659
1662
1664
1668
1668
1669
1668
1669
1670
1669
1674
1679
1674
1676
1677
1677
1679
1679
1679
1680
1679
1681
1680
1683
1683
1683
1685
1686
1686
1688
1692
1692
1692
1689
1686
1687
1681
1681
1679
1673
1674
1674
1673
1668
1663
1662
1655
1649
1649
1641
1636
1635
1631
1624
1623
1619
1621
1617
1621
1615
1619
1621
1622
1616
1618
1616
1622
1621
1622
1622
1622
1622
1627
1625
1627
1625
1624
1622
1623
1621
1622
1623
1624
1623
1625
1627
1629
1624
1627
1625
1636
1631
1631
1630
1635
1632
1635
1636
1634
1632
1636
1636
1638
1642
1642
1641
1642
1641
1643
1638
1637
1632
1636
1638
1640
1638
1636
1638
1637
1637
1632
1631
1630
1631
1631
1635
1628
1625
1622
1621
1621
1622
1622
1627
1627
1631
1631
1624
1627
1625
1627
1624
1630
1627
1627
1631
1634
1632
1630
1627
1629
1631
1631
1631
1632
1630
1629
1630
1631
1628
1628
1630
1629
1629
1625
1615
1593
1548
1507
1449
1404
1331
1300
1287
1282
1354
1425
1494
1550
1579
1603
1622
1632
1650
1659
1664
1668
1668
1673
1674
1673
1677
1674
1673
1675
1680
1680
1680
1688
1682
1679
1681
1683
1688
1687
1688
1689
1688
1687
1690
1692
1692
1694
1698
1696
1692
1693
1695
1695
1694
1693
1693
1688
1685
1683
1681
1676
1676
1669
1667
1659
1654
1650
1648
1649
1643
1640
1636
1636
1629
1628
1627
1627
1622
1622
1622
1625
1627
1630
1625
1629
1625
1629
1630
1630
1627
1631
1627
1636
1631
1631
1631
1632
1636
1630
1631
1632
1637
1634
1642
1636
1641
1634
1638
1636
1638
1641
1641
1642
1641
1643
1643
1642
1641
1642
1647
1645
1647
1641
1645
1643
1650
1649
1649
1650
1645
1643
1643
1641
1640
1643
1641
1640
1642
1640
1641
1641
1640
1640
1641
1631
1636
1636
1636
1634
1630
1625
1624
1628
1628
1627
1629
1636
1636
1635
1634
1635
1630
1637
1637
1636
1632
1630
1631
1631
1632
1631
1637
1636
1635
1635
1637
1631
1630
1628
1627
1631
1631
1630
1628
1625
1625
1603
1573
1527
1483
1430
1363
1306
1263
1255
1293
1365
1450
1522
1565
1593
1619
1636
1644
1656
1663
1664
1669
1673
1668
1675
1675
1679
1681
1677
1677
1681
1677
1679
1679
1683
1685
1683
1683
1692
1686
1687
1690
1692
1689
1692
1693
1695
1692
1688
1693
1698
1695
1693
1696
1688
1687
1687
1687
1683
1680
1674
1672
1666
1668
1661
1656
1649
1645
1641
1640
1634
1635
1631
1629
1628
1622
1623
1622
1625
1625
1623
1622
1625
1624
1623
1624
1625
1625
1630
1630
1630
1627
1627
1627
1631
1628
1627
1627
1628
1630
1627
1630
1631
1630
1628
1635
1630
1632
1631
1636
1635
1636
1635
1638
1636
1636
1642
1643
1648
1641
1644
1641
1641
1641
1642
1643
1640
1643
1641
1642
1640
1636
1640
1636
1637
1635
1637
1635
1636
1636
1640
1636
1636
1637
1635
1634
1629
1629
1625
1629
1627
1631
1622
1627
1627
1631
1630
1630
1629
1630
1630
1635
1630
1634
1631
1636
1638
1635
1631
1631
1632
1631
1635
1632
1635
1632
1632
1630
1632
1631
1631
1631
1627
1610
1612
1584
1535
1487
1437
1383
1335
1277
1273
1303
1363
1441
1509
1552
1586
1612
1634
1644
1653
1662
1668
1672
1673
1673
1670
1674
1679
1679
1679
1677
1677
1679
1681
1679
1679
1680
1683
1688
1687
1692
1686
1688
1687
1688
1690
1690
1692
1695
1698
1694
1693
1689
1692
1692
1692
1690
1687
1686
1680
1680
1677
1674
1668
1664
1664
1659
1653
1647
1642
1640
1635
1632
1630
1625
1618
1622
1622
1622
1622
1622
1621
1622
1624
1623
1622
1619
1623
1624
1622
1618
1623
1623
1624
1627
1630
1625
1625
1624
1624
1627
1624
1624
1625
1628
1624
1631
1631
1631
1632
1636
1635
1632
1630
1631
1632
1631
1636
1635
1636
1636
1641
1641
1638
1632
1635
1640
1638
1636
1635
1640
1634
1638
1636
1636
1630
1634
1635
1636
1631
1634
1635
1631
1631
1634
1631
1629
1627
1624
1627
1624
1622
1621
1621
1619
1621
1622
1624
1622
1627
1629
1627
1624
1627
1627
1631
1630
1630
1630
1630
1630
1629
1630
1630
1630
1630
1630
1627
1630
1629
1627
1622
1630
1627
1629
1622
1624
1611
1586
1551
1522
1459
1393
1333
1289
1272
1275
1333
1399
1477
1531
1570
1596
1615
1630
1641
1649
1654
1659
1666
1667
1668
1673
1670
1673
1675
1672
1668
1669
1673
1673
1679
1679
1681
1677
1679
1679
1681
1683
1680
1679
1683
1692
1688
1688
1688
1690
1686
1687
1687
1687
1687
1686
1686
1682
1679
1680
1672
1666
1670
1662
1663
1659
1654
1653
1645
1644
1641
1635
1630
1630
1627
1622
1619
1622
1622
1624
1625
1630
1629
1624
1624
1627
1624
1624
1623
1630
1630
1630
1629
1631
1631
1630
1631
1631
1629
1630
1628
1628
1631
1634
1632
1632
1631
1635
1632
1631
1636
1630
1705
1683
1668
1654
1649
1648
1647
1649
1642
1642
1643
1648
1642
1643
1645
1641
1643
1645
1644
1638
1641
1640
1641
1641
1638
1640
1636
1638
1638
1641
1636
1638
1641
1642
1636
1636
1636
1634
1632
1631
1636
1631
1631
1627
1631
1629
1630
1622
1631
1625
1630
1631
1636
1631
1635
1640
1642
1641
1636
1638
1636
1635
1637
1638
1635
1631
1631
1635
1632
1636
1636
1640
1636
1635
1637
1636
1632
1631
1635
1623
1608
1577
1527
1496
1431
1376
1348
1298
1280
1322
1390
1459
1521
1567
1593
1616
1636
1647
1655
1663
1667
1675
1674
1670
1672
1675
1679
1679
1680
1679
1677
1683
1680
1680
1677
1683
1688
1688
1688
1692
1688
1687
1692
1692
1689
1692
1694
1695
1693
1693
1696
1695
1690
1693
1696
1692
1687
1687
1685
1683
1681
1677
1673
1668
1669
1663
1662
1655
1651
1648
1647
1641
1637
1636
1631
1630
1629
1631
1627
1629
1630
1631
1630
1635
1631
1634
1631
1637
1636
1635
1634
1638
1641
1641
1640
1638
1643
1636
1635
1640
1638
1631
1632
1637
1637
1641
1641
1640
1641
1641
1643
1645
1643
1640
1644
1644
1641
1645
1642
1643
1645
1650
1649
1649
1653
1653
1650
1654
1649
1653
1645
1648
1648
1649
1649
1643
1648
1644
1645
1643
1641
1641
1642
1645
1648
1644
1641
1638
1636
1635
1635
1631
1636
1635
1636
1636
1640
1640
1642
1641
1641
1642
1636
1640
1641
1642
1642
1641
1644
1641
1650
1642
1642
1640
1640
1641
1643
1642
1640
1641
1643
1644
1643
1640
1632
1627
1601
1564
1518
1476
1401
1335
1294
1276
1289
1354
1427
1506
1554
1596
1617
1636
1659
1666
1669
1677
1681
1681
1685
1685
1687
1685
1688
1688
1692
1692
1689
1689
1688
1695
1694
1666
1677
1685
1688
1694
1698
1698
1699
1703
1701
1706
1709
1707
1707
1706
1705
1706
1706
1703
1703
1700
1701
1699
1692
1688
1687
1683
1681
1679
1673
1673
1669
1662
1661
1650
1648
1643
1644
1645
1640
1640
1636
1641
1636
1640
1636
1640
1641
1641
1643
1645
1645
1641
1645
1644
1648
1642
1641
1641
1641
1644
1645
1647
1645
1644
1643
1643
1645
1643
1645
1647
1650
1650
1649
1645
1650
1653
1653
1657
1653
1653
1651
1654
1655
1656
1654
1655
1651
1655
1655
1654
1654
1654
1653
1653
1648
1649
1649
1649
1649
1649
1648
1650
1651
1653
1650
1647
1641
1637
1636
1635
1637
1637
1641
1644
1643
1642
1641
1636
1638
1638
1645
1650
1647
1649
1644
1648
1642
1641
1641
1640
1643
1644
1645
1648
1643
1641
1637
1635
1640
1641
1636
1638
1632
1624
1597
1556
1499
1461
1397
1338
1292
1275
1289
1352
1435
1511
1558
1593
1617
1636
1653
1660
1668
1675
1679
1679
1685
1686
1682
1680
1687
1689
1687
1686
1687
1692
1687
1692
1694
1694
1693
1699
1700
1699
1695
1693
1699
1698
1698
1700
1698
1702
1700
1700
1696
1701
1698
1699
1698
1694
1692
1687
1686
1681
1683
1675
1674
1669
1664
1662
1655
1650
1649
1644
1643
1637
1636
1634
1631
1631
1640
1636
1636
1637
1636
1638
1638
1635
1632
1635
1636
1644
1640
1640
1641
1640
1642
1641
1641
1637
1640
1638
1641
1643
1641
1643
1644
1649
1643
1647
1643
1643
1643
1645
1649
1649
1649
1650
1644
1653
1649
1650
1649
1655
1655
1655
1656
1653
1654
1654
1653
1651
1651
1649
1650
1649
1650
1643
1645
1641
1644
1640
1643
1643
1642
1648
1649
1649
1642
1643
1641
1648
1645
1645
1649
1649
1641
1648
1635
1635
1640
1644
1642
1644
1645
1641
1650
1649
1645
1643
1643
1640
1640
1641
1640
1637
1623
1601
1565
1516
1463
1404
1344
1301
1282
1305
1359
1421
1494
1548
1589
1618
1631
1645
1655
1664
1675
1676
1676
1677
1683
1685
1683
1688
1687
1686
1688
1692
1692
1688
1688
1689
1692
1695
1699
1696
1698
1696
1696
1698
1696
1695
1698
1703
1700
1702
1700
1703
1700
1698
1700
1696
1692
1690
1692
1688
1683
1679
1675
1670
1669
1664
1660
1655
1651
1648
1642
1640
1635
1632
1627
1631
1629
1631
1627
1630
1629
1635
1634
1632
1632
1630
1631
1634
1631
1630
1632
1631
1635
1636
1635
1636
1632
1631
1634
1632
1631
1636
1632
1634
1630
1635
1635
1637
1635
1641
1645
1643
1642
1644
1645
1641
1640
1641
1640
1644
1645
1645
1643
1640
1645
1644
1644
1644
1645
1645
1648
1650
1649
1648
1640
1643
1642
1640
1641
1641
1642
1643
1643
1640
1635
1625
1629
1627
1627
1629
1632
1632
1635
1636
1637
1637
1636
1636
1640
1636
1640
1640
1638
1638
1640
1638
1634
1634
1635
1636
1641
1637
1635
1635
1632
1636
1635
1638
1635
1634
1635
1631
1614
1584
1552
1498
1445
1385
1343
1298
1272
1302
1370
1442
1511
1558
1588
1615
1630
1644
1650
1660
1666
1673
1668
1670
1669
1677
1677
1677
1677
1676
1680
1679
1681
1681
1679
1681
1682
1683
1687
1688
1685
1688
1688
1690
1692
1689
1685
1688
1690
1690
1692
1693
1694
1690
1688
1688
1683
1680
1680
1683
1677
1674
1674
1667
1664
1662
1659
1650
1643
1640
1636
1636
1631
1634
1630
1628
1625
1627
1623
1627
1624
1625
1622
1625
1623
1630
1628
1631
1632
1634
1630
1631
1631
1631
1631
1631
1627
1630
1630
1631
1632
1630
1688
1668
1657
1649
1643
1636
1635
1631
1636
1640
1640
1634
1638
1640
1643
1640
1641
1643
1641
1645
1645
1645
1642
1642
1642
1644
1642
1640
1641
1641
1642
1644
1645
1645
1641
1641
1640
1635
1635
1631
1630
1632
1630
1631
1630
1630
1635
1638
1640
1635
1636
1632
1640
1636
1640
1636
1638
1635
1640
1637
1636
1635
1637
1640
1635
1638
1631
1635
1624
1635
1631
1631
1632
1631
1625
1625
1615
1593
1552
1518
1466
1416
1348
1293
1261
1275
1343
1421
1496
1544
1583
1606
1624
1640
1649
1655
1663
1667
1668
1669
1673
1670
1674
1679
1680
1681
1680
1677
1679
1680
1679
1681
1680
1681
1686
1687
1683
1686
1688
1688
1688
1686
1689
1690
1692
1694
1690
1685
1683
1690
1687
1688
1687
1688
1686
1677
1677
1676
1667
1666
1659
1654
1655
1649
1643
1635
1640
1632
1631
1625
1625
1625
1627
1624
1625
1624
1623
1621
1627
1625
1627
1627
1627
1629
1628
1631
1627
1628
1627
1631
1629
1635
1630
1635
1632
1636
1632
1636
1632
1631
1630
1635
1632
1632
1632
1634
1634
1634
1631
1632
1638
1641
1642
1643
1636
1641
1636
1640
1635
1636
1636
1638
1642
1641
1643
1643
1641
1640
1638
1636
1634
1634
1631
1632
1627
1630
1627
1631
1625
1636
1636
1632
1631
1630
1631
1631
1632
1631
1631
1628
1634
1632
1635
1631
1636
1632
1640
1640
1634
1635
1631
1634
1635
1634
1627
1634
1632
1634
1631
1631
1627
1621
1601
1570
1518
1459
1402
1345
1293
1245
1247
1287
1371
1457
1532
1570
1599
1622
1637
1650
1660
1661
1668
1672
1673
1675
1679
1679
1679
1679
1677
1681
1681
1679
1677
1686
1688
1686
1686
1683
1683
1687
1688
1688
1690
1692
1688
1692
1694
1690
1683
1686
1689
1692
1692
1693
1692
1693
1683
1686
1686
1677
1674
1673
1667
1662
1660
1657
1660
1649
1645
1640
1636
1630
1627
1622
1622
1621
1623
1621
1629
1622
1624
1621
1629
1624
1630
1627
1629
1630
1630
1631
1634
1630
1630
1634
1631
1632
1631
1636
1631
1634
1632
1631
1631
1634
1632
1637
1635
1636
1635
1634
1638
1636
1642
1636
1642
1637
1642
1638
1638
1640
1635
1638
1635
1641
1636
1643
1642
1642
1638
1640
1636
1630
1624
1627
1629
1631
1631
1630
1634
1635
1636
1631
1632
1630
1635
1635
1635
1630
1635
1631
1635
1631
1631
1630
1631
1632
1632
1635
1628
1634
1631
1636
1631
1630
1625
1624
1622
1617
1586
1553
1521
1454
1403
1360
1298
1264
1266
1330
1401
1475
1532
1570
1598
1622
1630
1643
1651
1655
1663
1669
1668
1668
1669
1668
1669
1673
1673
1677
1677
1675
1677
1679
1679
1677
1679
1683
1681
1685
1687
1687
1687
1690
1692
1687
1687
1690
1692
1688
1690
1689
1688
1686
1692
1686
1679
1676
1675
1673
1673
1667
1659
1659
1654
1650
1645
1641
1636
1631
1630
1622
1621
1621
1619
1616
1617
1622
1619
1617
1617
1619
1622
1624
1621
1624
1623
1622
1624
1623
1622
1621
1622
1624
1623
1621
1619
1624
1624
1625
1627
1624
1625
1629
1631
1630
1629
1625
1631
1629
1631
1630
1630
1631
1631
1634
1637
1635
1636
1644
1643
1645
1642
1644
1640
1638
1640
1634
1636
1636
1638
1636
1636
1636
1640
1636
1634
1630
1631
1628
1622
1627
1625
1627
1627
1630
1631
1631
1631
1640
1631
1637
1638
1641
1640
1637
1634
1635
1632
1630
1634
1631
1631
1631
1637
1636
1638
1637
1637
1635
1632
1632
1631
1628
1624
1624
1612
1573
1537
1495
1570
1545
1427
1347
1319
1338
1395
1461
1519
1565
1592
1612
1635
1644
1653
1659
1663
1668
1672
1670
1669
1676
1674
1672
1674
1674
1673
1677
1680
1680
1686
1683
1681
1683
1682
1685
1683
1685
1685
1690
1689
1688
1688
1693
1693
1695
1688
1692
1687
1692
1687
1688
1683
1680
1679
1677
1677
1674
1663
1662
1660
1650
1651
1642
1641
1635
1634
1628
1629
1622
1622
1617
1619
1619
1624
1621
1617
1619
1624
1622
1625
1623
1623
1623
1627
1628
1629
1623
1628
1625
1628
1628
1627
1625
1625
1624
1625
1624
1625
1625
1630
1627
1631
1630
1629
1634
1632
1636
1631
1631
1629
1632
1631
1635
1634
1631
1640
1638
1641
1635
1640
1637
1642
1636
1640
1636
1640
1635
1632
1638
1635
1635
1635
1635
1634
1631
1623
1622
1618
1622
1622
1625
1623
1624
1627
1627
1631
1630
1631
1630
1631
1628
1632
1631
1631
1630
1635
1634
1631
1630
1630
1629
1630
1630
1627
1629
1627
1629
1627
1629
1623
1623
1621
1605
1578
1540
1481
1430
1359
1322
1281
1269
1309
1376
1453
1519
1558
1584
1612
1630
1641
1647
1650
1656
1663
1668
1669
1669
1668
1669
1670
1669
1673
1672
1675
1679
1679
1680
1679
1681
1676
1681
1681
1687
1686
1682
1689
1689
1688
1689
1692
1693
1688
1688
1688
1692
1687
1687
1692
1688
1687
1686
1675
1672
1672
1668
1664
1660
1655
1653
1645
1643
1638
1636
1631
1634
1630
1628
1622
1624
1622
1624
1624
1624
1625
1624
1623
1627
1625
1627
1627
1628
1628
1629
1627
1631
1628
1630
1630
1631
1628
1624
1630
1630
1634
1630
1631
1630
1635
1631
1638
1631
1634
1631
1636
1636
1637
1637
1642
1645
1647
1649
1644
1643
1642
1641
1640
1640
1642
1616
1631
1638
1641
1640
1637
1636
1637
1641
1640
1641
1635
1637
1635
1632
1631
1627
1627
1628
1631
1634
1631
1636
1632
1634
1640
1638
1635
1631
1632
1635
1636
1631
1634
1636
1641
1637
1636
1635
1637
1637
1635
1637
1635
1631
1634
1636
1635
1636
1631
1628
1614
1589
1551
1492
1425
1357
1300
1263
1263
1289
1367
1447
1522
1566
1598
1622
1637
1650
1660
1667
1669
1675
1673
1672
1676
1677
1677
1677
1680
1682
1683
1681
1682
1682
1688
1687
1686
1683
1688
1687
1695
1693
1693
1693
1693
1698
1693
1695
1693
1699
1696
1695
1692
1692
1689
1688
1689
1688
1683
1681
1676
1675
1673
1669
1660
1657
1650
1650
1645
1637
1636
1634
1632
1630
1627
1624
1624
1621
1627
1624
1627
1624
1629
1627
1629
1632
1631
1631
1631
1630
1630
1636
1631
1628
1629
1632
1634
1631
1630
1630
1632
1634
1640
1640
1638
1635
1636
1638
1641
1636
1638
1643
1640
1642
1642
1641
1637
1640
1643
1643
1644
1643
1645
1647
1644
1643
1641
1641
1642
1647
1645
1645
1641
1642
1641
1631
1630
1625
1627
1623
1629
1630
1635
1631
1637
1637
1641
1635
1636
1635
1632
1635
1636
1635
1630
1635
1637
1640
1641
1640
1641
1636
1636
1636
1636
1630
1635
1631
1632
1631
1631
1628
1629
1610
1577
1530
1470
1415
1346
1298
1263
1267
1308
1383
1469
1532
1573
1601
1622
1640
1650
1657
1664
1672
1679
1677
1677
1674
1680
1676
1679
1681
1681
1681
1686
1689
1688
1687
1687
1687
1688
1689
1690
1692
1690
1692
1696
1700
1699
1696
1699
1700
1698
1695
1698
1696
1693
1695
1694
1689
1687
1683
1681
1679
1680
1673
1668
1662
1654
1656
1649
1650
1643
1638
1630
1635
1631
1629
1627
1630
1614
1660
1650
1645
1643
1636
1634
1634
1634
1631
1634
1635
1643
1638
1641
1640
1640
1635
1637
1635
1635
1632
1636
1635
1636
1640
1638
1640
1637
1637
1641
1636
1637
1638
1643
1640
1645
1645
1647
1648
1643
1649
1647
1644
1645
1649
1650
1642
1644
1641
1647
1647
1645
1643
1641
1642
1640
1638
1630
1635
1631
1638
1636
1637
1640
1641
1643
1644
1644
1641
1641
1637
1641
1643
1636
1640
1635
1641
1640
1643
1631
1636
1640
1640
1636
1638
1640
1638
1636
1635
1637
1632
1631
1622
1603
1573
1526
1469
1405
1360
1316
1275
1280
1319
1392
1475
1537
1574
1603
1622
1641
1650
1660
1664
1668
1669
1673
1675
1677
1677
1679
1676
1677
1681
1679
1679
1681
1688
1688
1686
1686
1687
1686
1686
1688
1692
1688
1692
1695
1695
1688
1692
1695
1692
1692
1692
1695
1692
1688
1689
1688
1685
1681
1679
1677
1673
1669
1668
1662
1655
1651
1654
1649
1641
1635
1635
1630
1630
1630
1630
1628
1630
1629
1624
1625
1628
1629
1631
1631
1632
1630
1629
1630
1631
1632
1631
1629
1630
1635
1631
1631
1630
1627
1628
1631
1630
1631
1630
1636
1640
1636
1641
1636
1641
1636
1638
1641
1640
1641
1641
1645
1644
1649
1643
1645
1649
1645
1650
1648
1644
1648
1649
1650
1645
1645
1644
1643
1642
1648
1649
1644
1645
1642
1641
1638
1632
1627
1627
1627
1631
1636
1635
1638
1636
1641
1638
1642
1641
1640
1638
1636
1641
1636
1636
1636
1642
1640
1641
1642
1644
1643
1641
1641
1641
1636
1637
1636
1637
1638
1636
1635
1636
1619
1588
1553
1512
1448
1406
1343
1303
1292
1332
1392
1451
1522
1565
1598
1618
1636
1653
1662
1668
1674
1677
1676
1681
1679
1681
1680
1663
1674
1679
1681
1685
1689
1688
1688
1689
1688
1686
1689
1692
1689
1694
1695
1696
1698
1700
1699
1702
1699
1698
1700
1698
1693
1693
1698
1694
1690
1688
1688
1683
1677
1679
1674
1672
1668
1664
1661
1655
1655
1650
1649
1640
1641
1636
1632
1630
1627
1630
1632
1634
1631
1630
1632
1635
1631
1635
1631
1634
1632
1641
1641
1641
1640
1637
1638
1640
1640
1635
1637
1635
1640
1635
1640
1640
1635
1638
1641
1642
1638
1640
1641
1643
1643
1641
1648
1642
1645
1649
1650
1650
1650
1653
1653
1653
1654
1650
1649
1649
1651
1650
1648
1650
1649
1650
1645
1647
1642
1644
1647
1645
1647
1640
1636
1632
1631
1630
1634
1636
1636
1641
1640
1642
1638
1638
1635
1638
1635
1635
1637
1636
1642
1641
1642
1640
1641
1636
1641
1641
1640
1640
1636
1641
1635
1636
1636
1637
1640
1632
1632
1619
1583
1543
1495
1436
1385
1332
1292
1270
1321
1393
1462
1527
1567
1598
1619
1640
1649
1662
1664
1669
1675
1676
1673
1674
1676
1679
1682
1681
1679
1687
1688
1687
1685
1683
1688
1688
1683
1688
1689
1688
1683
1692
1693
1695
1693
1696
1693
1692
1696
1695
1696
1693
1693
1693
1693
1689
1689
1689
1683
1677
1676
1670
1668
1661
1659
1653
1649
1645
1637
1640
1636
1640
1631
1631
1629
1630
1630
1630
1625
1627
1627
1629
1631
1629
1631
1631
1631
1631
1635
1634
1632
1634
1635
1635
1635
1637
1635
1638
1638
1637
1636
1637
1637
1641
1640
1638
1641
1638
1642
1640
1648
1644
1641
1645
1647
1650
1648
1650
1650
1647
1650
1649
1649
1649
1645
1650
1654
1657
1650
1649
1645
1649
1649
1641
1643
1642
1642
1643
1642
1643
1635
1636
1632
1631
1632
1634
1632
1641
1638
1615
1618
1624
1632
1635
1638
1641
1638
1636
1642
1637
1638
1632
1635
1635
1636
1640
1634
1641
1636
1640
1636
1640
1634
1637
1635
1635
1631
1629
1612
1582
1540
1489
1436
1373
1301
1264
1263
1301
1376
1459
1527
1570
1602
1628
1645
1653
1662
1673
1677
1677
1676
1679
1679
1683
1687
1683
1685
1687
1687
1685
1686
1688
1689
1690
1693
1695
1695
1693
1698
1698
1698
1694
1698
1696
1695
1702
1701
1701
1698
1700
1698
1699
1688
1696
1695
1693
1687
1690
1682
1675
1670
1667
1661
1660
1654
1654
1649
1645
1642
1636
1636
1634
1631
1634
1627
1621
1625
1628
1632
1627
1630
1630
1631
1627
1627
1632
1634
1630
1629
1634
1632
1631
1631
1635
1632
1640
1635
1636
1631
1634
1635
1637
1638
1640
1637
1636
1640
1640
1638
1637
1637
1642
1641
1645
1641
1640
1638
1641
1643
1643
1641
1643
1649
1647
1647
1643
1643
1643
1640
1643
1641
1636
1640
1643
1642
1635
1635
1635
1631
1629
1627
1629
1630
1625
1632
1635
1635
1631
1634
1637
1638
1640
1636
1638
1632
1636
1635
1635
1631
1634
1635
1631
1635
1630
1630
1630
1632
1631
1636
1631
1634
1630
1627
1627
1622
1603
1574
1530
1498
1437
1374
1319
1282
1269
1299
1370
1445
1513
1560
1592
1618
1635
1645
1659
1663
1669
1673
1674
1670
1672
1674
1677
1679
1675
1674
1677
1680
1677
1677
1680
1681
1682
1688
1686
1687
1687
1687
1693
1688
1692
1692
1692
1688
1692
1692
1692
1694
1694
1692
1687
1687
1685
1680
1673
1674
1673
1669
1669
1664
1662
1655
1650
1645
1640
1636
1631
1628
1625
1622
1622
1625
1623
1622
1622
1624
1622
1621
1624
1625
1623
1623
1631
1630
1625
1627
1629
1628
1623
1677
1677
1661
1649
1644
1638
1638
1630
1631
1629
1634
1630
1632
1634
1631
1635
1636
1635
1635
1635
1638
1641
1638
1635
1631
1636
1640
1641
1642
1636
1640
1638
1640
1638
1641
1632
1634
1631
1635
1634
1637
1636
1636
1637
1631
1627
1623
1624
1624
1631
1627
1631
1630
1631
1631
1631
1629
1631
1628
1630
1630
1630
1625
1630
1628
1632
1629
1630
1625
1629
1627
1629
1630
1630
1628
1634
1630
1627
1623
1624
1622
1616
1590
1559
1526
1475
1419
1367
1314
1276
1270
1328
1393
1462
1527
1565
1589
1610
1625
1640
1645
1650
1660
1663
1668
1669
1667
1668
1668
1669
1669
1669
1669
1674
1673
1673
1674
1679
1674
1674
1673
1675
1677
1679
1679
1679
1680
1683
1683
1681
1681
1680
1683
1686
1681
1683
1686
1679
1675
1674
1668
1667
1667
1662
1659
1655
1650
1649
1641
1641
1629
1630
1622
1622
1618
1621
1612
1616
1614
1617
1612
1615
1619
1617
1618
1622
1621
1621
1621
1619
1619
1617
1617
1622
1621
1622
1624
1624
1621
1622
1622
1624
1627
1624
1624
1624
1622
1623
1624
1627
1623
1627
1630
1632
1631
1631
1631
1635
1635
1631
1635
1627
1631
1631
1640
1636
1640
1637
1638
1638
1635
1632
1632
1632
1631
1635
1635
1636
1631
1632
1627
1631
1630
1630
1625
1631
1631
1627
1624
1624
1621
1622
1623
1624
1622
1627
1627
1629
1630
1624
1622
1627
1623
1625
1627
1623
1627
1628
1631
1631
1634
1630
1629
1627
1627
1624
1625
1624
1629
1625
1627
1624
1623
1619
1610
1579
1538
1494
1419
1374
1331
1289
1276
1290
1354
1429
1499
1552
1583
1605
1621
1635
1648
1654
1660
1666
1664
1666
1668
1669
1670
1673
1669
1675
1674
1675
1679
1679
1680
1681
1668
1677
1679
1681
1687
1686
1688
1688
1692
1688
1692
1687
1685
1687
1688
1687
1687
1687
1683
1686
1687
1687
1679
1677
1673
1669
1669
1664
1660
1655
1654
1650
1643
1637
1632
1631
1630
1631
1631
1624
1621
1624
1632
1621
1621
1624
1622
1622
1627
1625
1628
1628
1627
1631
1631
1630
1628
1627
1625
1624
1627
1629
1625
1627
1627
1630
1630
1629
1627
1631
1630
1630
1630
1629
1630
1632
1635
1641
1640
1644
1645
1645
1648
1649
1642
1641
1641
1643
1641
1645
1642
1647
1645
1643
1642
1642
1638
1636
1640
1634
1636
1631
1634
1631
1631
1631
1630
1624
1624
1627
1630
1630
1631
1630
1630
1631
1631
1630
1629
1624
1624
1619
1612
1579
1543
1498
1453
1389
1325
1272
1256
1279
1347
1425
1493
1540
1576
1601
1619
1630
1643
1648
1651
1659
1663
1662
1660
1664
1667
1673
1669
1673
1677
1673
1673
1675
1673
1669
1676
1679
1681
1680
1681
1681
1687
1682
1685
1682
1688
1688
1686
1681
1687
1685
1682
1683
1683
1683
1680
1676
1669
1670
1674
1664
1661
1657
1651
1647
1641
1638
1634
1630
1627
1625
1623
1622
1617
1621
1615
1618
1617
1621
1617
1622
1621
1624
1621
1622
1621
1622
1622
1625
1622
1622
1623
1628
1624
1627
1623
1624
1621
1629
1622
1628
1627
1629
1631
1632
1630
1627
1629
1629
1632
1634
1631
1630
1630
1634
1638
1634
1635
1635
1640
1635
1631
1631
1635
1630
1632
1631
1630
1629
1629
1631
1631
1630
1631
1630
1625
1628
1630
1631
1630
1630
1630
1631
1625
1630
1624
1624
1624
1627
1627
1629
1623
1630
1627
1630
1623
1622
1621
1619
1619
1622
1623
1624
1630
1628
1625
1622
1617
1614
1611
1616
1612
1616
1617
1623
1622
1629
1617
1644
1641
1637
1630
1635
1624
1629
1624
1629
1627
1630
1623
1627
1623
1627
1624
1627
1621
1624
1623
1624
1619
1624
1616
1597
1565
1512
1469
1389
1328
1280
1257
1234
1292
1361
1450
1521
1564
1591
1615
1631
1643
1654
1655
1667
1664
1668
1668
1673
1668
1674
1673
1673
1677
1679
1674
1676
1677
1676
1679
1679
1676
1679
1679
1682
1682
1681
1682
1687
1690
1688
1687
1686
1685
1683
1683
1688
1686
1680
1677
1679
1670
1674
1673
1661
1662
1660
1656
1654
1648
1645
1643
1641
1635
1631
1625
1621
1622
1619
1616
1615
1612
1611
1612
1615
1612
1614
1617
1617
1617
1619
1616
1615
1619
1619
1621
1621
1622
1617
1621
1616
1621
1612
1617
1617
1623
1622
1622
1619
1625
1622
1631
1627
1625
1622
1627
1627
1631
1630
1629
1627
1629
1631
1635
1635
1634
1632
1631
1635
1632
1630
1627
1634
1635
1635
1631
1627
1630
1634
1631
1627
1630
1625
1627
1622
1619
1616
1612
1615
1615
1621
1617
1621
1621
1618
1621
1621
1625
1623
1625
1625
1623
1621
1622
1617
1622
1621
1623
1622
1623
1622
1627
1624
1624
1615
1621
1619
1621
1616
1617
1610
1589
1559
1521
1470
1414
1356
1312
1280
1267
1324
1376
1447
1511
1553
1583
1605
1625
1640
1645
1649
1653
1655
1659
1661
1662
1663
1660
1667
1669
1668
1669
1669
1669
1668
1668
1673
1672
1673
1674
1673
1675
1676
1674
1680
1681
1677
1679
1682
1679
1675
1679
1679
1681
1685
1677
1675
1674
1674
1669
1669
1662
1656
1659
1650
1645
1641
1641
1635
1632
1625
1622
1619
1621
1612
1614
1612
1611
1615
1617
1621
1621
1618
1614
1617
1614
1619
1616
1619
1621
1622
1621
1621
1612
1622
1616
1618
1619
1622
1616
1604
1680
1667
1650
1642
1634
1631
1632
1629
1627
1628
1627
1629
1627
1630
1627
1627
1624
1631
1631
1635
1632
1635
1632
1635
1630
1630
1629
1629
1627
1634
1629
1624
1624
1627
1622
1622
1623
1622
1622
1622
1617
1621
1612
1615
1617
1621
1623
1624
1623
1621
1622
1624
1623
1624
1621
1622
1627
1623
1622
1621
1622
1625
1624
1625
1624
1623
1624
1625
1622
1621
1621
1622
1621
1622
1618
1619
1611
1586
1551
1524
1470
1411
1335
1286
1262
1272
1320
1390
1463
1522
1563
1596
1611
1625
1636
1643
1648
1651
1650
1659
1660
1662
1662
1660
1660
1662
1664
1667
1669
1667
1666
1673
1669
1673
1669
1668
1674
1675
1674
1676
1676
1675
1677
1677
1677
1679
1679
1676
1675
1675
1674
1676
1674
1670
1670
1667
1664
1663
1655
1655
1653
1644
1640
1635
1630
1627
1624
1618
1617
1615
1614
1612
1612
1609
1606
1610
1608
1611
1609
1612
1612
1616
1617
1617
1614
1614
1615
1617
1618
1617
1614
1615
1612
1616
1612
1614
1615
1616
1619
1617
1621
1617
1617
1619
1624
1621
1617
1619
1622
1625
1628
1629
1630
1629
1624
1631
1627
1624
1622
1624
1621
1627
1624
1628
1627
1631
1630
1631
1624
1625
1625
1628
1624
1624
1618
1619
1611
1617
1621
1616
1608
1614
1616
1619
1622
1625
1616
1622
1621
1624
1619
1621
1622
1624
1622
1623
1624
1624
1621
1624
1622
1622
1622
1622
1621
1624
1616
1622
1621
1623
1622
1621
1619
1611
1597
1563
1508
1463
1410
1343
1294
1279
1289
1332
1396
1469
1525
1561
1586
1606
1625
1635
1647
1649
1655
1657
1661
1662
1668
1664
1669
1664
1668
1667
1673
1673
1672
1667
1669
1675
1674
1675
1676
1674
1679
1683
1683
1681
1687
1605
1629
1649
1659
1667
1673
1676
1679
1679
1681
1680
1674
1677
1677
1669
1669
1661
1656
1657
1651
1649
1643
1640
1632
1636
1630
1627
1622
1624
1617
1618
1617
1618
1616
1617
1616
1619
1621
1622
1624
1622
1622
1624
1623
1624
1625
1627
1629
1624
1625
1630
1628
1627
1630
1630
1625
1628
1631
1630
1627
1628
1625
1630
1625
1629
1629
1631
1631
1640
1640
1637
1631
1636
1636
1635
1636
1636
1638
1636
1641
1640
1641
1632
1636
1635
1636
1632
1631
1634
1635
1635
1635
1636
1629
1632
1630
1632
1630
1630
1623
1622
1621
1624
1622
1622
1622
1628
1627
1625
1629
1629
1624
1627
1625
1628
1630
1629
1629
1635
1632
1630
1629
1627
1629
1627
1631
1627
1630
1627
1632
1631
1628
1624
1623
1621
1622
1610
1588
1552
1516
1470
1422
1351
1275
1256
1264
1316
1398
1485
1540
1577
1602
1622
1637
1648
1654
1663
1664
1668
1673
1674
1669
1675
1676
1676
1677
1677
1677
1679
1683
1685
1680
1677
1680
1685
1683
1683
1683
1687
1688
1687
1688
1688
1687
1688
1690
1692
1694
1688
1690
1688
1692
1683
1682
1677
1674
1673
1670
1664
1668
1662
1656
1651
1643
1641
1634
1632
1629
1630
1623
1622
1622
1623
1622
1624
1622
1621
1621
1624
1622
1631
1623
1634
1627
1629
1629
1631
1630
1630
1630
1631
1631
1631
1634
1630
1630
1625
1631
1627
1635
1631
1638
1635
1637
1631
1636
1635
1635
1636
1637
1640
1638
1641
1642
1642
1642
1648
1642
1642
1641
1640
1643
1640
1642
1645
1644
1641
1636
1638
1635
1635
1635
1636
1640
1641
1641
1640
1638
1636
1643
1640
1642
1637
1642
1641
1640
1638
1635
1638
1634
1640
1635
1638
1637
1638
1636
1637
1637
1635
1631
1631
1624
1618
1624
1624
1631
1627
1631
1630
1631
1631
1632
1630
1622
1586
1537
1489
1427
1366
1312
1281
1268
1294
1353
1440
1511
1556
1589
1612
1631
1643
1650
1657
1667
1673
1674
1676
1674
1677
1677
1679
1679
1682
1682
1679
1683
1687
1687
1688
1685
1687
1692
1690
1690
1692
1693
1693
1693
1693
1696
1698
1696
1699
1699
1693
1692
1692
1692
1695
1689
1690
1683
1681
1679
1675
1673
1668
1663
1655
1650
1648
1642
1634
1640
1635
1636
1630
1630
1627
1627
1624
1625
1623
1628
1631
1631
1630
1632
1630
1631
1630
1631
1630
1631
1631
1631
1634
1635
1636
1634
1631
1629
1631
1631
1630
1631
1635
1636
1635
1636
1635
1635
1635
1636
1636
1638
1640
1641
1640
1641
1645
1641
1640
1640
1642
1643
1644
1645
1641
1641
1641
1643
1636
1635
1635
1641
1642
1638
1638
1632
1640
1631
1631
1625
1630
1627
1630
1631
1632
1631
1631
1631
1634
1636
1635
1637
1635
1636
1635
1638
1632
1635
1631
1635
1636
1635
1635
1636
1635
1631
1634
1631
1630
1630
1635
1635
1631
1623
1618
1591
1560
1519
1466
1403
1335
1290
1283
1299
1357
1418
1493
1543
1582
1604
1622
1640
1649
1664
1662
1664
1664
1669
1673
1676
1676
1673
1673
1677
1677
1679
1680
1685
1680
1683
1687
1687
1682
1687
1689
1692
1690
1689
1692
1692
1689
1692
1693
1694
1696
1694
1696
1690
1690
1688
1683
1683
1687
1681
1676
1677
1674
1663
1664
1657
1653
1648
1645
1644
1643
1631
1635
1630
1628
1630
1631
1624
1624
1624
1627
1628
1627
1623
1624
1625
1625
1630
1631
1628
1627
1631
1629
1631
1628
1632
1631
1634
1631
1631
1631
1632
1632
1632
1631
1635
1637
1636
1640
1636
1649
1641
1643
1643
1647
1642
1643
1645
1645
1645
1645
1645
1644
1647
1649
1645
1648
1638
1643
1641
1640
1644
1645
1645
1642
1642
1641
1645
1641
1642
1642
1642
1641
1636
1636
1632
1637
1638
1640
1631
1632
1636
1632
1631
1630
1627
1627
1630
1632
1631
1634
1631
1632
1638
1640
1640
1636
1636
1636
1637
1637
1636
1638
1638
1642
1641
1638
1634
1636
1635
1637
1637
1634
1631
1635
1634
1637
1630
1608
1577
1545
1501
1447
1384
1334
1290
1267
1319
1383
1451
1515
1561
1593
1612
1631
1641
1650
1662
1669
1674
1673
1673
1674
1677
1674
1677
1674
1679
1679
1680
1681
1683
1681
1680
1685
1683
1686
1687
1686
1683
1692
1689
1688
1689
1693
1693
1690
1690
1692
1688
1692
1688
1690
1687
1685
1686
1680
1674
1673
1669
1663
1664
1662
1661
1655
1650
1649
1642
1637
1632
1631
1622
1624
1622
1627
1621
1622
1623
1630
1624
1624
1622
1624
1625
1634
1628
1630
1625
1625
1625
1631
1629
1629
1629
1629
1630
1631
1635
1634
1634
1632
1640
1638
1638
1636
1636
1637
1637
1636
1631
1637
1638
1641
1641
1641
1641
1640
1638
1638
1643
1637
1638
1641
1641
1642
1641
1641
1638
1636
1635
1640
1634
1631
1629
1636
1636
1634
1634
1635
1636
1631
1631
1630
1622
1612
1579
1553
1518
1456
1401
1332
1287
1264
1298
1360
1427
1501
1545
1579
1598
1618
1632
1644
1655
1659
1662
1669
1672
1673
1677
1672
1669
1670
1674
1676
1681
1680
1677
1681
1690
1685
1681
1680
1688
1688
1689
1692
1692
1687
1689
1695
1696
1698
1696
1698
1696
1693
1694
1695
1689
1688
1687
1686
1683
1680
1673
1674
1669
1668
1663
1657
1653
1649
1644
1641
1636
1634
1631
1631
1623
1664
1655
1645
1641
1640
1638
1638
1640
1641
1637
1635
1632
1636
1635
1631
1635
1634
1632
1635
1640
1641
1642
1640
1637
1636
1636
1640
1643
1640
1636
1640
1641
1641
1641
1640
1642
1649
1644
1643
1643
1640
1640
1643
1647
1648
1644
1647
1648
1650
1649
1650
1643
1641
1642
1641
1640
1640
1642
1643
1649
1643
1644
1642
1643
1642
1642
1638
1638
1638
1635
1636
1640
1641
1636
1641
1644
1642
1641
1641
1640
1640
1638
1637
1636
1635
1635
1640
1638
1640
1635
1638
1636
1634
1635
1636
1632
1634
1636
1635
1638
1637
1642
1640
1638
1636
1638
1636
1636
1635
1635
1631
1627
1628
1623
1627
1627
1628
1629
1631
1628
1636
1635
1631
1630
1634
1635
1635
1637
1635
1635
1634
1636
1632
1635
1631
1636
1632
1636
1636
1634
1632
1635
1635
1629
1629
1617
1602
1570
1527
1470
1416
1358
1300
1261
1263
1300
1374
1461
1530
1573
1602
1627
1641
1651
1660
1668
1674
1675
1673
1677
1679
1683
1680
1683
1681
1687
1687
1687
1686
1689
1690
1688
1692
1692
1690
1689
1692
1694
1694
1692
1695
1695
1695
1695
1700
1698
1696
1693
1695
1695
1692
1688
1688
1688
1687
1683
1679
1675
1670
1664
1662
1663
1659
1654
1653
1644
1647
1637
1638
1632
1631
1630
1629
1623
1621
1624
1624
1625
1624
1624
1629
1631
1632
1631
1631
1631
1631
1635
1627
1630
1630
1632
1631
1635
1635
1632
1635
1638
1640
1640
1636
1635
1640
1638
1643
1643
1641
1642
1645
1649
1645
1650
1645
1649
1650
1649
1649
1650
1650
1649
1645
1650
1649
1645
1648
1649
1650
1645
1650
1648
1649
1645
1645
1643
1642
1645
1643
1648
1641
1643
1641
1643
1643
1644
1638
1634
1635
1618
1553
1573
1602
1608
1621
1623
1630
1631
1635
1635
1638
1641
1640
1638
1636
1636
1638
1635
1640
1634
1641
1638
1642
1642
1638
1635
1636
1638
1638
1641
1636
1636
1635
1636
1627
1612
1586
1550
1503
1453
1376
1318
1282
1283
1312
1366
1449
1513
1563
1591
1618
1640
1649
1655
1666
1669
1674
1676
1677
1681
1683
1683
1681
1685
1686
1682
1687
1692
1688
1689
1688
1688
1688
1690
1688
1688
1688
1689
1694
1692
1692
1694
1701
1700
1701
1699
1694
1696
1692
1692
1693
1689
1688
1690
1687
1681
1676
1673
1667
1664
1660
1655
1649
1647
1644
1638
1636
1636
1638
1631
1631
1627
1629
1625
1625
1627
1631
1631
1630
1630
1631
1630
1634
1636
1631
1630
1634
1631
1634
1632
1632
1635
1634
1632
1631
1632
1632
1635
1636
1635
1638
1632
1636
1632
1636
1640
1641
1640
1638
1647
1642
1645
1644
1644
1642
1644
1645
1648
1648
1649
1650
1650
1645
1649
1645
1644
1643
1643
1643
1648
1650
1645
1649
1642
1641
1641
1641
1642
1640
1636
1630
1631
1627
1630
1634
1635
1636
1638
1640
1638
1637
1635
1635
1631
1637
1635
1638
1640
1637
1640
1640
1637
1636
1635
1635
1635
1638
1634
1636
1637
1638
1631
1634
1631
1636
1631
1635
1624
1611
1573
1522
1492
1430
1382
1313
1289
1281
1327
1393
1469
1531
1573
1602
1622
1638
1649
1660
1657
1667
1674
1674
1676
1677
1679
1683
1679
1675
1679
1685
1683
1683
1686
1688
1687
1688
1689
1690
1689
1688
1693
1694
1694
1693
1698
1692
1693
1694
1701
1699
1695
1702
1698
1696
1694
1692
1693
1688
1686
1683
1674
1675
1670
1668
1664
1660
1654
1647
1649
1645
1643
1637
1635
1631
1631
1635
1631
1631
1631
1630
1632
1636
1632
1635
1636
1635
1631
1636
1550
1565
1595
1611
1621
1627
1631
1629
1635
1635
1636
1635
1635
1635
1638
1642
1645
1641
1640
1640
1640
1638
1641
1637
1642
1645
1650
1651
1650
1653
1649
1651
1649
1650
1649
1650
1650
1654
1650
1645
1644
1649
1651
1650
1649
1650
1649
1644
1650
1648
1645
1643
1649
1648
1650
1650
1645
1650
1645
1645
1641
1643
1635
1641
1640
1641
1642
1641
1643
1641
1640
1634
1635
1631
1630
1631
1632
1629
1634
1636
1635
1638
1636
1640
1636
1640
1640
1642
1640
1638
1638
1637
1636
1636
1640
1635
1640
1638
1640
1637
1635
1635
1636
1634
1635
1636
1629
1628
1621
1593
1563
1507
1464
1392
1341
1295
1288
1298
1363
1432
1506
1551
1586
1608
1637
1650
1659
1664
1663
1672
1673
1677
1676
1677
1675
1679
1679
1677
1681
1680
1681
1681
1687
1688
1681
1687
1693
1689
1688
1692
1694
1692
1693
1694
1698
1696
1693
1702
1700
1696
1696
1698
1694
1688
1688
1693
1688
1680
1682
1686
1679
1679
1673
1664
1662
1657
1657
1650
1643
1642
1638
1636
1631
1630
1630
1630
1627
1630
1627
1631
1623
1631
1630
1635
1628
1631
1630
1630
1630
1631
1635
1634
1632
1631
1630
1631
1631
1631
1632
1631
1636
1636
1636
1638
1634
1636
1635
1640
1636
1638
1642
1644
1645
1641
1642
1642
1645
1645
1643
1649
1648
1653
1650
1650
1649
1645
1649
1648
1648
1645
1645
1649
1648
1650
1649
1645
1637
1643
1645
1637
1642
1641
1648
1643
1641
1641
1635
1634
1632
1632
1631
1632
1632
1637
1634
1637
1640
1640
1631
1640
1638
1641
1641
1640
1641
1640
1641
1636
1638
1636
1640
1641
1643
1640
1636
1636
1638
1643
1641
1640
1637
1634
1635
1635
1631
1611
1551
1521
1477
1424
1364
1316
1272
1264
1296
1371
1460
1527
1571
1608
1627
1645
1655
1662
1672
1674
1674
1676
1677
1683
1683
1683
1686
1692
1683
1683
1686
1688
1688
1687
1690
1693
1693
1698
1698
1698
1696
1698
1699
1698
1694
1700
1705
1705
1701
1703
1702
1701
1700
1702
1700
1694
1693
1695
1688
1685
1681
1680
1674
1670
1663
1663
1655
1650
1649
1641
1642
1634
1636
1631
1631
1627
1632
1629
1629
1625
1630
1627
1631
1630
1631
1635
1635
1634
1631
1634
1635
1637
1636
1635
1634
1638
1635
1641
1635
1638
1635
1635
1636
1635
1635
1638
1641
1640
1643
1641
1640
1641
1641
1641
1643
1643
1641
1641
1642
1644
1649
1645
1643
1641
1643
1644
1644
1648
1641
1645
1643
1644
1640
1637
1634
1634
1640
1641
1636
1631
1635
1628
1631
1627
1627
1622
1629
1630
1632
1631
1631
1628
1631
1634
1632
1635
1631
1636
1636
1641
1638
1638
1635
1636
1632
1631
1632
1630
1631
1634
1637
1631
1632
1631
1631
1630
1630
1627
1625
1599
1567
1530
1485
1415
1354
1308
1267
1263
1322
1392
1468
1530
1570
1596
1621
1636
1647
1655
1661
1669
1669
1670
1670
1677
1677
1672
1673
1677
1681
1676
1677
1677
1683
1681
1683
1680
1683
1683
1683
1685
1692
1692
1688
1690
1693
1693
1692
1688
1692
1692
1692
1693
1690
1688
1683
1687
1687
1680
1674
1670
1668
1669
1663
1660
1654
1649
1648
1641
1638
1630
1629
1623
1627
1624
1625
1622
1623
1622
1627
1623
1627
1627
1630
1630
1631
1629
1628
1624
1630
1630
1631
1631
1630
1630
1631
1632
1629
1630
1631
1632
1632
1637
1631
1637
1635
1636
1636
1636
1635
1636
1637
1640
1642
1640
1641
1641
1641
1666
1686
1667
1661
1657
1650
1653
1647
1645
1643
1641
1641
1641
1637
1635
1643
1640
1641
1635
1632
1627
1627
1629
1630
1627
1630
1640
1636
1641
1636
1636
1630
1631
1631
1635
1631
1634
1631
1634
1632
1632
1631
1630
1634
1636
1640
1635
1640
1635
1640
1637
1635
1634
1634
1630
1630
1622
1606
1565
1516
1482
1412
1359
1309
1293
1290
1337
1404
1480
1530
1566
1599
1622
1640
1649
1655
1664
1668
1664
1673
1673
1668
1674
1673
1673
1676
1677
1679
1680
1685
1681
1679
1679
1682
1686
1683
1680
1683
1686
1683
1687
1685
1688
1692
1688
1688
1695
1688
1687
1690
1690
1687
1685
1682
1683
1677
1677
1676
1672
1668
1662
1660
1654
1649
1645
1638
1638
1630
1631
1625
1625
1622
1629
1625
1623
1623
1624
1622
1627
1630
1627
1622
1625
1627
1630
1628
1629
1627
1625
1628
1627
1630
1621
1627
1624
1630
1624
1629
1630
1632
1634
1635
1634
1627
1630
1635
1637
1634
1638
1636
1636
1632
1637
1640
1640
1641
1641
1643
1640
1641
1641
1643
1641
1641
1643
1640
1637
1638
1645
1643
1643
1641
1638
1636
1635
1631
1630
1630
1631
1635
1631
1631
1630
1630
1627
1628
1624
1622
1622
1622
1622
1627
1627
1627
1627
1630
1632
1630
1630
1630
1631
1630
1632
1631
1631
1630
1634
1632
1636
1631
1627
1630
1631
1632
1627
1629
1627
1632
1629
1627
1622
1608
1582
1538
1496
1447
1390
1334
1308
1294
1319
1383
1449
1508
1556
1586
1610
1627
1641
1650
1660
1661
1666
1668
1664
1667
1673
1674
1674
1672
1675
1683
1683
1679
1677
1679
1681
1681
1683
1681
1681
1688
1688
1687
1687
1689
1688
1688
1688
1692
1692
1688
1695
1694
1690
1688
1690
1690
1687
1683
1680
1681
1675
1668
1666
1664
1660
1660
1680
1667
1659
1649
1642
1632
1631
1630
1629
1625
1623
1628
1629
1629
1628
1627
1629
1625
1634
1630
1631
1627
1632
1629
1638
1635
1632
1632
1634
1631
1631
1631
1631
1632
1635
1638
1638
1640
1634
1636
1636
1640
1640
1641
1644
1644
1648
1641
1645
1641
1643
1641
1645
1645
1649
1645
1647
1650
1650
1649
1649
1649
1654
1649
1649
1645
1644
1643
1644
1647
1643
1641
1635
1640
1641
1643
1643
1640
1636
1632
1631
1631
1630
1627
1634
1635
1640
1636
1637
1637
1635
1638
1640
1640
1637
1636
1636
1641
1640
1637
1636
1640
1640
1642
1643
1638
1640
1635
1638
1636
1636
1630
1636
1635
1636
1635
1624
1596
1564
1518
1466
1401
1332
1283
1264
1279
1338
1416
1494
1551
1588
1612
1630
1643
1653
1663
1669
1674
1672
1673
1673
1676
1677
1680
1676
1679
1682
1683
1683
1686
1689
1685
1685
1692
1689
1688
1686
1692
1694
1693
1692
1700
1694
1696
1698
1700
1698
1693
1698
1696
1698
1694
1693
1694
1688
1683
1687
1680
1673
1673
1670
1667
1663
1655
1649
1643
1644
1640
1635
1632
1630
1630
1624
1622
1622
1623
1624
1628
1624
1630
1629
1630
1630
1635
1630
1631
1635
1631
1634
1635
1634
1630
1632
1625
1632
1631
1636
1636
1640
1640
1643
1640
1637
1640
1635
1640
1640
1641
1643
1644
1644
1647
1649
1645
1645
1648
1645
1649
1645
1647
1648
1650
1650
1645
1650
1644
1648
1649
1650
1649
1644
1645
1645
1643
1640
1635
1634
1631
1634
1636
1641
1638
1643
1641
1643
1638
1642
1645
1642
1642
1641
1643
1640
1641
1638
1640
1642
1641
1647
1645
1649
1643
1645
1641
1643
1642
1643
1643
1640
1641
1637
1638
1629
1601
1550
1545
1530
1432
1367
1299
1272
1289
1353
1434
1513
1561
1597
1627
1643
1653
1660
1664
1675
1681
1681
1679
1683
1681
1682
1687
1687
1687
1688
1687
1692
1694
1692
1692
1694
1694
1693
1696
1700
1698
1700
1700
1702
1705
1699
1701
1705
1705
1711
1705
1701
1706
1706
1698
1698
1700
1693
1688
1688
1683
1680
1676
1666
1669
1663
1659
1659
1650
1647
1643
1643
1638
1634
1629
1635
1636
1632
1635
1634
1637
1631
1632
1631
1634
1631
1636
1637
1641
1641
1637
1641
1636
1640
1636
1641
1635
1641
1635
1640
1644
1642
1645
1641
1642
1643
1641
1641
1644
1644
1643
1649
1645
1649
1647
1650
1653
1650
1649
1650
1650
1650
1650
1654
1650
1650
1645
1643
1649
1648
1648
1649
1648
1643
1636
1638
1634
1636
1635
1640
1641
1640
1640
1642
1641
1637
1637
1638
1638
1640
1638
1641
1636
1640
1637
1641
1636
1640
1638
1642
1642
1642
1643
1640
1641
1638
1641
1636
1634
1632
1635
1630
1609
1565
1513
1474
1410
1365
1307
1280
1276
1332
1404
1475
1534
1573
1602
1627
1641
1654
1660
1668
1674
1680
1674
1674
1676
1677
1676
1680
1680
1679
1683
1688
1688
1685
1687
1687
1689
1688
1693
1693
1689
1693
1695
1694
1694
1695
1696
1696
1696
1695
1695
1698
1695
1696
1696
1694
1688
1688
1688
1683
1680
1677
1673
1664
1667
1660
1657
1653
1648
1645
1641
1638
1634
1630
1622
1628
1621
1625
1621
1623
1625
1631
1631
1631
1631
1631
1631
1638
1635
1636
1632
1635
1634
1632
1631
1629
1631
1629
1635
1637
1635
1634
1640
1637
1640
1635
1638
1640
1637
1640
1638
1643
1640
1643
1645
1648
1649
1647
1647
1648
1651
1653
1649
1649
1645
1651
1651
1627
1650
1645
1644
1648
1649
1644
1642
1641
1640
1640
1636
1634
1631
1635
1635
1641
1641
1640
1635
1638
1640
1642
1641
1643
1643
1641
1642
1638
1638
1635
1641
1637
1635
1636
1640
1641
1640
1643
1641
1643
1640
1641
1640
1636
1634
1630
1610
1582
1546
1500
1440
1383
1334
1300
1295
1338
1397
1467
1530
1572
1598
1622
1641
1650
1662
1667
1669
1674
1676
1675
1677
1679
1681
1677
1677
1682
1682
1687
1687
1687
1686
1689
1686
1683
1685
1692
1692
1692
1693
1692
1692
1692
1694
1694
1696
1693
1693
1692
1692
1695
1690
1687
1687
1687
1683
1681
1677
1672
1669
1668
1661
1659
1650
1650
1645
1641
1638
1634
1630
1630
1629
1629
1627
1625
1625
1627
1627
1624
1627
1623
1627
1628
1634
1629
1630
1631
1631
1630
1631
1631
1631
1632
1632
1634
1630
1632
1631
1634
1632
1637
1637
1636
1635
1631
1635
1635
1635
1635
1640
1636
1640
1642
1641
1643
1642
1645
1645
1644
1645
1645
1645
1649
1643
1643
1643
1643
1642
1642
1638
1640
1638
1640
1630
1636
1632
1635
1631
1638
1638
1635
1631
1630
1636
1635
1636
1636
1636
1638
1638
1643
1637
1638
1635
1634
1635
1635
1632
1637
1635
1637
1636
1631
1637
1634
1636
1631
1629
1625
1622
1610
1583
1551
1502
1435
1391
1333
1301
1286
1308
1376
1445
1512
1554
1586
1610
1629
1645
1657
1662
1667
1669
1669
1673
1676
1675
1675
1674
1675
1679
1681
1674
1679
1680
1680
1683
1685
1690
1687
1688
1690
1689
1687
1686
1695
1696
1695
1696
1696
1694
1694
1696
1700
1695
1692
1692
1692
1685
1681
1681
1679
1676
1674
1669
1662
1657
1656
1660
1650
1650
1644
1641
1632
1630
1630
1630
1624
1627
1629
1631
1628
1631
1631
1630
1635
1634
1632
1630
1634
1636
1625
1638
1638
1632
1636
1635
1635
1632
1634
1635
1631
1640
1635
1640
1637
1643
1637
1641
1640
1641
1641
1641
1643
1641
1643
1643
1648
1648
1650
1649
1644
1644
1649
1649
1653
1650
1656
1645
1653
1647
1645
1644
1644
1647
1649
1651
1645
1645
1641
1640
1637
1635
1638
1635
1636
1637
1641
1636
1641
1642
1645
1645
1645
1645
1645
1643
1643
1643
1641
1640
1642
1641
1645
1641
1645
1641
1642
1642
1637
1641
1636
1640
1636
1640
1634
1623
1591
1548
1498
1445
1383
1327
1293
1261
1288
1352
1441
1511
1559
1595
1616
1636
1649
1662
1668
1679
1680
1680
1685
1680
1677
1681
1686
1681
1686
1683
1689
1690
1688
1690
1693
1689
1692
1694
1693
1688
1688
1696
1699
1698
1698
1702
1701
1698
1702
1700
1699
1700
1696
1694
1698
1695
1694
1690
1687
1683
1677
1673
1668
1667
1662
1660
1659
1650
1653
1645
1643
1636
1634
1630
1627
1629
1627
1630
1631
1632
1635
1638
1631
1636
1630
1631
1635
1636
1635
1634
1637
1641
1640
1636
1636
1636
1636
1636
1637
1636
1638
1637
1636
1638
1640
1636
1640
1638
1643
1642
1643
1641
1643
1643
1645
1647
1645
1649
1649
1650
1650
1650
1645
1647
1643
1647
1647
1651
1645
1643
1642
1641
1640
1635
1636
1636
1641
1640
1643
1641
1644
1643
1642
1640
1636
1640
1641
1644
1648
1643
1643
1641
1640
1643
1640
1636
1640
1638
1638
1640
1640
1643
1640
1642
1643
1643
1637
1635
1636
1630
1606
1570
1525
1473
1402
1356
1307
1269
1256
1333
1404
1482
1535
1578
1605
1629
1645
1659
1660
1668
1674
1679
1683
1687
1683
1683
1683
1686
1682
1688
1687
1685
1688
1693
1683
1664
1681
1685
1690
1694
1694
1696
1698
1696
1700
1699
1696
1699
1698
1696
1700
1702
1698
1699
1696
1695
1690
1687
1687
1687
1686
1682
1676
1670
1661
1662
1657
1655
1649
1641
1638
1635
1634
1630
1631
1623
1630
1630
1631
1628
1630
1631
1638
1635
1634
1636
1636
1635
1636
1637
1634
1635
1637
1638
1636
1636
1632
1635
1635
1635
1640
1636
1636
1636
1641
1636
1643
1641
1642
1640
1643
1644
1647
1648
1648
1648
1648
1644
1643
1645
1648
1648
1648
1650
1647
1644
1643
1642
1642
1645
1643
1644
1642
1640
1636
1631
1632
1632
1635
1631
1636
1636
1640
1638
1635
1636
1631
1632
1632
1642
1634
1635
1638
1636
1635
1637
1634
1632
1631
1631
1635
1635
1634
1635
1636
1636
1635
1635
1632
1631
1630
1625
1603
1560
1516
1469
1427
1361
1313
1288
1285
1343
1408
1480
1538
1576
1602
1623
1635
1643
1653
1657
1660
1667
1667
1673
1673
1673
1676
1677
1677
1677
1679
1676
1683
1683
1683
1681
1685
1683
1682
1683
1687
1692
1688
1689
1693
1692
1685
1688
1692
1692
1689
1688
1696
1688
1688
1687
1683
1679
1677
1676
1670
1668
1664
1663
1654
1649
1647
1640
1635
1629
1635
1631
1630
1622
1627
1622
1624
1623
1624
1622
1624
1622
1629
1627
1625
1625
1630
1628
1625
1627
1627
1625
1625
1630
1628
1627
1625
1630
1631
1630
1630
1631
1631
1631
1630
1631
1629
1634
1630
1635
1632
1636
1634
1635
1638
1640
1641
1636
1643
1643
1641
1642
1643
1643
1641
1642
1640
1642
1637
1641
1641
1638
1641
1635
1636
1632
1632
1631
1638
1630
1630
1627
1635
1631
1630
1624
1624
1623
1623
1630
1631
1629
1635
1635
1635
1635
1631
1635
1631
1631
1635
1635
1630
1635
1632
1631
1630
1630
1631
1635
1631
1627
1645
1641
1635
1636
1632
1627
1624
1617
1596
1567
1535
1503
1435
1377
1328
1313
1281
1327
1385
1456
1516
1560
1590
1612
1630
1642
1655
1662
1668
1668
1669
1668
1673
1670
1669
1672
1672
1677
1679
1675
1679
1683
1686
1683
1685
1681
1681
1686
1686
1682
1683
1686
1685
1688
1687
1690
1693
1688
1688
1689
1688
1687
1683
1685
1683
1681
1676
1673
1669
1664
1667
1661
1657
1654
1645
1642
1641
1638
1629
1629
1621
1623
1619
1621
1618
1622
1622
1622
1622
1619
1622
1624
1619
1622
1624
1624
1621
1624
1624
1627
1625
1624
1624
1627
1622
1628
1623
1625
1622
1627
1622
1630
1622
1630
1630
1631
1628
1632
1630
1632
1632
1631
1631
1635
1634
1635
1636
1632
1636
1635
1634
1636
1640
1640
1643
1641
1636
1636
1635
1632
1631
1631
1634
1631
1631
1631
1627
1627
1623
1625
1627
1625
1627
1630
1630
1629
1630
1627
1631
1630
1630
1629
1629
1628
1630
1631
1631
1630
1631
1632
1635
1632
1631
1629
1629
1634
1632
1632
1631
1630
1629
1624
1622
1603
1574
1527
1482
1445
1376
1319
1281
1263
1300
1373
1444
1508
1554
1584
1608
1625
1638
1645
1648
1654
1662
1663
1672
1673
1672
1673
1669
1670
1673
1666
1672
1675
1675
1679
1677
1679
1679
1682
1686
1680
1680
1688
1687
1685
1683
1688
1685
1688
1687
1693
1692
1689
1687
1687
1687
1685
1680
1677
1677
1674
1669
1668
1662
1659
1657
1654
1650
1644
1643
1635
1631
1629
1624
1619
1621
1622
1621
1622
1622
1622
1621
1622
1624
1623
1625
1621
1624
1625
1624
1624
1627
1628
1623
1624
1629
1625
1630
1627
1631
1627
1629
1627
1631
1628
1630
1627
1630
1623
1622
1635
1630
1631
1635
1635
1635
1640
1635
1640
1631
1637
1636
1641
1638
1638
1636
1641
1643
1641
1644
1637
1641
1638
1641
1636
1636
1643
1636
1636
1640
1638
1635
1631
1631
1635
1631
1630
1630
1631
1631
1631
1630
1631
1631
1632
1635
1635
1629
1631
1629
1630
1628
1631
1629
1628
1630
1630
1630
1624
1623
1603
1565
1518
1474
1409
1346
1283
1266
1251
1290
1367
1450
1512
1556
1583
1606
1623
1636
1650
1654
1659
1662
1662
1668
1673
1669
1670
1670
1669
1673
1679
1675
1674
1674
1680
1675
1677
1674
1681
1682
1683
1685
1680
1685
1686
1688
1685
1690
1688
1687
1687
1687
1690
1685
1682
1679
1680
1683
1677
1673
1669
1666
1664
1659
1654
1649
1641
1641
1640
1635
1629
1625
1622
1621
1617
1617
1612
1615
1616
1617
1616
1616
1618
1618
1622
1622
1622
1622
1616
1619
1619
1622
1619
1622
1624
1625
1623
1624
1622
1624
1622
1624
1625
1624
1621
1628
1625
1630
1627
1629
1625
1630
1631
1635
1632
1631
1635
1634
1635
1634
1636
1631
1636
1631
1635
1634
1635
1630
1636
1634
1631
1635
1635
1636
1631
1628
1624
1624
1624
1630
1625
1624
1622
1617
1611
1611
1614
1616
1612
1617
1621
1622
1622
1622
1625
1621
1621
1627
1623
1623
1622
1629
1622
1629
1622
1624
1621
1624
1621
1627
1623
1625
1624
1627
1625
1625
1623
1622
1619
1615
1602
1560
1511
1468
1412
1371
1309
1275
1253
1305
1366
1441
1505
1548
1583
1606
1623
1631
1640
1648
1655
1662
1664
1664
1663
1664
1666
1669
1668
1668
1674
1673
1670
1675
1675
1674
1677
1679
1676
1677
1674
1677
1681
1682
1682
1680
1686
1682
1680
1681
1688
1685
1686
1687
1681
1680
1681
1673
1669
1670
1667
1667
1657
1653
1655
1651
1648
1640
1636
1631
1630
1621
1621
1617
1615
1621
1615
1612
1611
1612
1612
1619
1619
1621
1615
1622
1619
1622
1616
1621
1619
1622
1621
1627
1623
1622
1619
1622
1621
1622
1622
1622
1621
1622
1618
1624
1621
1625
1630
1635
1630
1630
1632
1631
1634
1634
1632
1634
1630
1631
1635
1638
1635
1637
1641
1636
1635
1630
1635
1631
1631
1627
1631
1629
1630
1629
1627
1624
1625
1618
1615
1616
1619
1622
1623
1621
1621
1622
1622
1624
1623
1622
1625
1624
1625
1622
1627
1622
1623
1621
1622
1622
1625
1621
1628
1623
1628
1624
1623
1616
1623
1621
1622
1615
1615
1601
1572
1546
1511
1441
1396
1338
1294
1272
1289
1356
1412
1483
1534
1567
1590
1617
1622
1636
1641
1645
1654
1654
1660
1659
1655
1659
1659
1660
1664
1662
1660
1662
1660
1664
1669
1668
1669
1669
1669
1675
1674
1673
1670
1670
1673
1673
1677
1673
1680
1681
1679
1677
1679
1676
1675
1674
1673
1669
1664
1662
1660
1657
1653
1647
1643
1640
1632
1632
1624
1622
1617
1616
1612
1610
1605
1606
1608
1608
1612
1612
1608
1608
1609
1611
1612
1616
1611
1616
1612
1611
1610
1608
1610
1610
1611
1612
1610
1612
1608
1612
1608
1616
1609
1608
1611
1611
1617
1617
1619
1622
1627
1630
1627
1627
1623
1627
1624
1631
1624
1627
1629
1635
1631
1635
1631
1631
1629
1630
1627
1624
1622
1622
1622
1629
1623
1624
1617
1622
1616
1621
1621
1623
1619
1623
1618
1624
1617
1617
1617
1617
1615
1612
1608
1584
1557
1530
1488
1416
1359
1312
1272
1262
1327
1384
1450
1511
1552
1583
1601
1617
1630
1638
1644
1650
1656
1656
1654
1660
1661
1660
1666
1667
1659
1593
1616
1631
1645
1650
1655
1662
1664
1669
1676
1676
1675
1681
1682
1676
1677
1680
1679
1682
1682
1682
1679
1682
1683
1680
1680
1672
1674
1673
1673
1669
1663
1659
1657
1650
1649
1640
1640
1631
1631
1627
1627
1622
1622
1617
1614
1615
1615
1616
1621
1622
1622
1617
1618
1623
1624
1627
1623
1624
1617
1618
1619
1624
1621
1621
1622
1629
1622
1623
1622
1621
1619
1624
1624
1627
1625
1624
1624
1629
1627
1627
1625
1630
1630
1632
1635
1636
1634
1635
1635
1635
1632
1627
1631
1631
1631
1631
1631
1630
1634
1632
1635
1631
1632
1631
1629
1625
1625
1627
1625
1629
1627
1630
1624
1631
1625
1630
1622
1629
1621
1624
1622
1629
1624
1624
1622
1624
1622
1629
1624
1623
1622
1624
1624
1629
1622
1624
1616
1616
1611
1612
1614
1615
1614
1617
1622
1623
1618
1622
1621
1621
1622
1627
1623
1622
1621
1625
1622
1624
1622
1625
1625
1623
1625
1621
1617
1627
1623
1617
1622
1622
1622
1621
1621
1608
1583
1546
1494
1431
1378
1321
1275
1242
1275
1328
1406
1485
1537
1570
1604
1622
1632
1641
1650
1656
1659
1662
1664
1660
1664
1664
1664
1672
1669
1668
1673
1674
1674
1673
1673
1669
1669
1677
1674
1673
1680
1685
1683
1682
1680
1682
1683
1683
1683
1681
1683
1681
1681
1680
1683
1676
1674
1673
1673
1673
1669
1663
1662
1655
1654
1649
1647
1649
1640
1637
1635
1631
1622
1621
1621
1621
1616
1614
1617
1617
1614
1616
1622
1611
1621
1618
1623
1622
1625
1621
1624
1622
1621
1621
1622
1617
1621
1622
1621
1619
1625
1624
1630
1624
1627
1630
1624
1627
1629
1631
1630
1631
1631
1635
1638
1640
1638
1638
1636
1641
1643
1637
1638
1636
1636
1635
1641
1638
1641
1638
1641
1643
1643
1629
1688
1667
1654
1649
1644
1641
1636
1635
1631
1629
1621
1623
1621
1622
1625
1628
1623
1629
1625
1630
1627
1631
1624
1628
1630
1631
1631
1632
1631
1632
1625
1630
1623
1627
1627
1629
1625
1630
1629
1630
1629
1632
1630
1625
1622
1619
1597
1569
1522
1469
1404
1340
1307
1272
1260
1299
1376
1454
1521
1560
1592
1619
1631
1643
1649
1654
1662
1663
1664
1668
1670
1668
1672
1673
1669
1672
1669
1673
1674
1677
1676
1674
1676
1679
1679
1677
1677
1682
1681
1680
1683
1686
1683
1681
1688
1682
1687
1689
1686
1681
1683
1680
1679
1675
1672
1673
1669
1662
1659
1657
1649
1644
1641
1641
1636
1631
1627
1627
1617
1621
1617
1616
1611
1617
1614
1619
1619
1622
1621
1622
1617
1624
1617
1617
1617
1621
1617
1621
1621
1622
1624
1624
1625
1629
1622
1622
1622
1623
1623
1624
1625
1627
1623
1627
1630
1628
1630
1631
1635
1635
1634
1635
1636
1635
1635
1634
1635
1631
1631
1635
1642
1635
1635
1637
1632
1634
1630
1624
1623
1624
1627
1630
1625
1624
1623
1624
1621
1622
1615
1619
1618
1622
1622
1619
1616
1624
1623
1627
1623
1627
1621
1624
1623
1623
1623
1623
1621
1625
1623
1621
1625
1628
1625
1627
1625
1624
1621
1622
1625
1623
1621
1618
1606
1582
1545
1499
1445
1388
1335
1286
1273
1289
1350
1416
1488
1541
1574
1596
1612
1631
1641
1655
1659
1660
1664
1667
1668
1668
1668
1663
1669
1669
1670
1670
1669
1672
1674
1679
1677
1677
1677
1677
1682
1682
1685
1681
1683
1683
1685
1686
1683
1687
1683
1685
1686
1686
1683
1681
1680
1682
1680
1676
1674
1664
1663
1660
1659
1656
1650
1645
1643
1627
1692
1664
1645
1636
1629
1627
1624
1622
1617
1624
1624
1628
1624
1624
1621
1623
1622
1621
1618
1621
1622
1625
1625
1624
1623
1624
1624
1625
1624
1629
1622
1630
1623
1627
1625
1630
1628
1629
1628
1630
1630
1631
1634
1635
1637
1634
1636
1631
1636
1635
1641
1638
1642
1636
1641
1640
1640
1638
1638
1636
1635
1636
1634
1632
1631
1637
1632
1641
1632
1636
1631
1631
1630
1631
1627
1630
1628
1629
1627
1629
1625
1627
1630
1624
1624
1621
1619
1617
1621
1615
1618
1621
1623
1622
1622
1623
1625
1627
1627
1630
1629
1630
1629
1628
1627
1625
1623
1624
1624
1624
1627
1625
1625
1627
1630
1629
1628
1622
1622
1621
1615
1597
1564
1522
1469
1427
1373
1322
1280
1276
1309
1379
1449
1513
1554
1583
1602
1623
1638
1644
1649
1653
1660
1662
1663
1664
1664
1662
1668
1668
1668
1668
1668
1669
1674
1675
1674
1674
1675
1673
1679
1677
1675
1677
1674
1679
1681
1680
1679
1683
1685
1681
1683
1685
1683
1681
1676
1679
1675
1673
1668
1663
1664
1662
1655
1655
1650
1649
1642
1637
1634
1630
1625
1627
1621
1621
1617
1619
1615
1616
1614
1612
1616
1617
1617
1621
1617
1617
1615
1622
1617
1621
1621
1619
1617
1624
1621
1618
1618
1618
1619
1621
1622
1622
1622
1627
1625
1628
1624
1624
1621
1623
1625
1629
1625
1630
1627
1631
1630
1632
1630
1634
1640
1635
1640
1638
1642
1636
1640
1634
1640
1635
1637
1635
1636
1635
1635
1632
1630
1630
1632
1635
1631
1630
1630
1635
1629
1631
1628
1624
1622
1624
1621
1622
1616
1621
1621
1624
1622
1627
1621
1622
1625
1630
1622
1625
1625
1631
1629
1632
1630
1634
1627
1629
1631
1629
1624
1629
1630
1630
1628
1630
1629
1628
1623
1624
1624
1606
1584
1559
1516
1483
1418
1359
1302
1286
1272
1326
1389
1460
1527
1567
1595
1615
1627
1641
1648
1654
1660
1660
1664
1669
1670
1668
1672
1670
1677
1674
1674
1677
1674
1674
1679
1679
1680
1679
1681
1687
1688
1688
1688
1687
1688
1688
1687
1688
1688
1687
1690
1690
1693
1695
1692
1687
1682
1680
1681
1677
1674
1673
1669
1664
1663
1657
1650
1645
1645
1643
1641
1634
1631
1627
1628
1624
1627
1619
1621
1621
1622
1622
1622
1621
1627
1627
1625
1625
1627
1624
1624
1623
1624
1624
1625
1629
1630
1631
1630
1627
1630
1629
1630
1631
1630
1629
1632
1634
1630
1636
1631
1635
1635
1635
1637
1635
1635
1634
1637
1635
1635
1636
1640
1638
1641
1642
1638
1640
1635
1641
1637
1641
1635
1637
1635
1631
1636
1635
1632
1627
1635
1631
1636
1632
1635
1629
1632
1630
1628
1621
1622
1621
1629
1630
1629
1631
1630
1630
1628
1624
1622
1624
1623
1630
1627
1629
1627
1630
1629
1635
1634
1630
1630
1631
1631
1632
1632
1627
1629
1627
1630
1627
1627
1621
1621
1610
1583
1538
1492
1428
1361
1318
1273
1253
1255
1319
1409
1492
1546
1582
1604
1624
1641
1649
1653
1655
1661
1666
1668
1668
1673
1673
1674
1679
1679
1676
1677
1679
1677
1680
1679
1679
1681
1685
1687
1686
1688
1689
1687
1687
1692
1692
1688
1692
1699
1699
1692
1692
1692
1690
1685
1688
1688
1683
1677
1680
1673
1668
1663
1660
1654
1649
1649
1643
1642
1640
1631
1634
1628
1628
1624
1621
1622
1621
1622
1619
1622
1622
1630
1630
1628
1628
1630
1629
1631
1629
1631
1630
1629
1631
1631
1631
1631
1631
1630
1635
1636
1637
1632
1635
1634
1635
1632
1634
1621
1629
1635
1631
1638
1635
1640
1640
1642
1638
1640
1643
1642
1644
1642
1643
1643
1641
1641
1642
1641
1642
1641
1641
1641
1638
1637
1640
1634
1634
1632
1635
1631
1628
1623
1627
1630
1627
1631
1635
1635
1637
1632
1635
1635
1634
1632
1638
1636
1634
1635
1635
1635
1640
1640
1635
1638
1635
1636
1635
1636
1630
1631
1635
1635
1632
1628
1628
1629
1623
1606
1579
1519
1468
1405
1357
1305
1270
1253
1300
1370
1450
1518
1563
1592
1614
1635
1644
1651
1659
1662
1667
1673
1673
1670
1669
1670
1675
1677
1676
1674
1675
1679
1679
1679
1682
1681
1682
1683
1681
1679
1683
1685
1685
1692
1693
1687
1687
1687
1692
1687
1687
1682
1693
1688
1685
1683
1679
1674
1676
1668
1668
1662
1659
1656
1653
1654
1643
1636
1635
1632
1630
1623
1622
1621
1618
1621
1616
1621
1614
1623
1622
1625
1623
1623
1624
1625
1625
1630
1627
1622
1630
1627
1631
1630
1625
1622
1629
1624
1627
1622
1624
1623
1625
1629
1630
1630
1630
1624
1629
1631
1638
1635
1636
1638
1635
1636
1636
1635
1634
1635
1635
1636
1635
1635
1640
1638
1640
1636
1636
1630
1631
1631
1631
1631
1632
1631
1630
1631
1624
1624
1621
1623
1621
1627
1624
1629
1629
1631
1629
1631
1627
1631
1631
1634
1631
1632
1630
1629
1632
1630
1634
1630
1636
1632
1635
1632
1632
1630
1631
1631
1630
1627
1629
1625
1628
1615
1597
1559
1513
1466
1404
1354
1303
1282
1279
1340
1408
1480
1530
1570
1593
1616
1636
1647
1651
1661
1664
1668
1673
1670
1669
1669
1668
1674
1679
1677
1679
1679
1676
1679
1679
1679
1680
1682
1687
1683
1686
1687
1688
1687
1692
1689
1688
1687
1690
1693
1692
1693
1701
1698
1694
1694
1688
1687
1687
1680
1674
1672
1663
1661
1659
1659
1656
1647
1643
1635
1635
1630
1630
1634
1622
1622
1622
1623
1624
1616
1624
1625
1628
1628
1629
1623
1625
1625
1628
1629
1630
1630
1635
1632
1635
1635
1630
1631
1631
1631
1631
1631
1631
1631
1631
1632
1632
1636
1635
1641
1637
1641
1641
1641
1637
1638
1641
1641
1641
1638
1641
1645
1643
1649
1647
1645
1642
1642
1641
1641
1640
1640
1641
1641
1641
1642
1645
1642
1643
1642
1640
1636
1637
1636
1635
1631
1630
1632
1634
1632
1630
1625
1623
1622
1622
1623
1627
1627
1624
1630
1629
1631
1630
1632
1630
1634
1632
1630
1629
1627
1631
1630
1635
1630
1631
1630
1629
1629
1631
1629
1630
1630
1635
1631
1631
1631
1625
1623
1612
1589
1554
1507
1459
1406
1350
1301
1275
1280
1345
1412
1483
1535
1570
1593
1619
1637
1644
1651
1660
1661
1667
1667
1669
1669
1673
1676
1679
1673
1674
1677
1679
1677
1679
1679
1676
1681
1681
1682
1681
1687
1687
1683
1687
1692
1688
1685
1686
1688
1690
1683
1690
1693
1692
1687
1686
1685
1683
1679
1676
1676
1673
1668
1664
1660
1654
1653
1645
1644
1636
1636
1631
1630
1627
1623
1621
1622
1622
1622
1622
1624
1622
1624
1627
1627
1623
1630
1631
1631
1632
1630
1627
1625
1628
1630
1635
1632
1632
1631
1634
1631
1627
1627
1629
1629
1630
1631
1631
1632
1635
1640
1637
1640
1640
1643
1643
1643
1644
1642
1645
1640
1644
1643
1645
1647
1643
1645
1645
1647
1640
1643
1643
1645
1644
1640
1645
1643
1642
1645
1650
1643
1641
1641
1638
1641
1636
1640
1641
1637
1634
1635
1629
1628
1625
1635
1635
1637
1637
1636
1636
1636
1641
1638
1636
1638
1641
1640
1640
1636
1632
1635
1636
1636
1634
1635
1635
1637
1635
1635
1634
1638
1635
1640
1635
1631
1625
1623
1608
1579
1544
1489
1425
1364
1295
1270
1259
1302
1372
1454
1524
1567
1596
1622
1643
1650
1663
1669
1669
1672
1677
1679
1679
1680
1679
1683
1683
1686
1685
1688
1685
1680
1685
1688
1688
1687
1690
1693
1692
1698
1695
1694
1695
1700
1695
1696
1695
1693
1699
1699
1699
1698
1694
1693
1693
1693
1688
1683
1681
1676
1673
1673
1668
1663
1657
1651
1653
1649
1643
1640
1637
1632
1634
1629
1630
1623
1624
1624
1628
1627
1630
1634
1635
1632
1632
1631
1631
1634
1632
1635
1631
1630
1634
1632
1634
1634
1634
1632
1636
1632
1635
1635
1636
1635
1637
1638
1636
1638
1637
1641
1640
1643
1641
1643
1641
1644
1644
1641
1641
1641
1645
1643
1648
1643
1640
1643
1643
1643
1637
1642
1644
1645
1644
1644
1643
1637
1636
1638
1638
1641
1637
1641
1636
1641
1634
1636
1624
1625
1624
1627
1625
1632
1631
1635
1635
1636
1638
1635
1636
1635
1640
1636
1640
1636
1634
1635
1637
1640
1635
1636
1635
1638
1634
1635
1634
1637
1634
1635
1631
1631
1624
1617
1598
1563
1532
1487
1417
1356
1302
1269
1243
1280
1357
1451
1527
1567
1593
1621
1638
1650
1662
1664
1669
1669
1677
1674
1676
1677
1673
1682
1683
1687
1680
1687
1682
1685
1683
1687
1687
1683
1687
1690
1692
1692
1693
1696
1696
1695
1698
1699
1693
1693
1696
1698
1693
1695
1696
1693
1688
1689
1687
1679
1677
1679
1673
1669
1669
1661
1659
1654
1654
1642
1640
1636
1636
1630
1635
1630
1627
1630
1627
1627
1629
1629
1624
1635
1629
1631
1624
1631
1630
1636
1635
1637
1634
1635
1632
1644
1614
1623
1623
1623
1629
1632
1632
1632
1636
1634
1640
1638
1638
1637
1640
1640
1641
1642
1641
1647
1644
1645
1645
1642
1641
1640
1640
1642
1643
1643
1641
1645
1640
1645
1642
1643
1640
1640
1636
1641
1641
1638
1641
1640
1641
1638
1631
1627
1630
1630
1635
1635
1635
1632
1635
1636
1634
1634
1631
1636
1636
1641
1636
1641
1632
1636
1635
1632
1634
1635
1634
1635
1634
1631
1635
1630
1631
1631
1635
1631
1635
1630
1631
1612
1579
1540
1501
1449
1390
1335
1289
1256
1290
1357
1430
1500
1550
1589
1612
1630
1642
1647
1651
1662
1664
1666
1672
1670
1673
1675
1673
1674
1676
1677
1675
1677
1679
1675
1681
1681
1681
1679
1685
1681
1677
1680
1686
1686
1681
1683
1687
1687
1688
1688
1687
1682
1683
1685
1686
1687
1679
1676
1677
1673
1669
1668
1659
1650
1654
1648
1648
1640
1638
1631
1631
1623
1624
1617
1621
1621
1622
1616
1623
1618
1624
1617
1625
1617
1619
1619
1624
1624
1624
1621
1623
1622
1624
1622
1625
1623
1625
1627
1628
1624
1624
1622
1628
1627
1630
1624
1624
1624
1627
1631
1631
1628
1630
1631
1634
1636
1635
1636
1635
1637
1635
1641
1636
1635
1638
1638
1637
1632
1635
1632
1634
1632
1635
1631
1630
1630
1630
1630
1630
1631
1629
1627
1625
1623
1622
1621
1617
1621
1624
1622
1623
1625
1625
1629
1627
1627
1624
1630
1625
1631
1629
1630
1630
1630
1624
1627
1625
1624
1624
1629
1631
1631
1627
1631
1625
1630
1629
1627
1623
1621
1615
1598
1564
1520
1470
1405
1370
1318
1300
1290
1322
1390
1466
1521
1564
1589
1612
1631
1640
1655
1657
1660
1666
1668
1668
1669
1666
1664
1670
1670
1670
1673
1673
1670
1676
1675
1669
1656
1664
1669
1674
1679
1677
1679
1680
1686
1686
1682
1680
1685
1688
1688
1688
1687
1688
1681
1679
1679
1679
1677
1676
1674
1668
1666
1660
1660
1650
1649
1643
1638
1635
1630
1630
1627
1621
1622
1619
1619
1621
1622
1622
1622
1618
1622
1622
1624
1623
1624
1622
1623
1622
1623
1622
1627
1625
1628
1624
1625
1624
1630
1622
1629
1628
1631
1624
1629
1625
1632
1629
1631
1630
1631
1632
1631
1632
1628
1631
1629
1636
1632
1635
1640
1644
1641
1643
1641
1632
1635
1636
1636
1635
1638
1636
1640
1632
1635
1640
1638
1632
1635
1631
1630
1630
1630
1630
1631
1628
1625
1624
1622
1621
1623
1622
1622
1624
1623
1625
1627
1630
1627
1625
1625
1630
1627
1627
1625
1630
1624
1630
1629
1630
1627
1627
1632
1631
1627
1624
1625
1627
1627
1629
1627
1625
1627
1622
1612
1586
1551
1508
1447
1390
1331
1302
1273
1288
1348
1414
1483
1531
1570
1603
1618
1632
1643
1649
1655
1660
1662
1664
1662
1664
1669
1669
1670
1672
1672
1672
1677
1675
1674
1673
1672
1675
1679
1682
1677
1681
1683
1679
1681
1682
1680
1680
1683
1683
1685
1681
1683
1686
1685
1687
1683
1677
1677
1679
1673
1670
1667
1662
1662
1660
1655
1650
1647
1641
1636
1635
1632
1627
1622
1622
1621
1618
1621
1619
1619
1618
1622
1627
1630
1623
1622
1629
1625
1630
1628
1629
1627
1630
1631
1630
1629
1629
1624
1630
1631
1631
1631
1629
1630
1631
1631
1630
1635
1632
1636
1638
1644
1636
1636
1637
1636
1637
1638
1640
1636
1643
1641
1645
1644
1645
1642
1641
1643
1641
1645
1643
1645
1644
1643
1643
1641
1638
1638
1640
1632
1638
1640
1641
1640
1638
1637
1629
1625
1630
1631
1630
1631
1698
1695
1675
1663
1650
1649
1643
1642
1640
1638
1635
1636
1632
1635
1634
1634
1634
1635
1636
1638
1637
1636
1636
1634
1634
1631
1631
1630
1630
1630
1622
1603
1569
1525
1475
1416
1352
1295
1260
1262
1319
1393
1474
1533
1573
1602
1623
1641
1650
1659
1666
1670
1675
1677
1672
1673
1680
1677
1677
1676
1679
1681
1686
1687
1687
1685
1686
1685
1687
1689
1689
1688
1689
1692
1689
1693
1693
1698
1696
1696
1696
1700
1693
1694
1695
1692
1693
1692
1692
1683
1686
1679
1673
1669
1668
1663
1661
1655
1651
1645
1640
1640
1635
1632
1627
1627
1628
1631
1631
1631
1627
1627
1622
1628
1628
1627
1623
1627
1624
1631
1631
1632
1631
1631
1630
1631
1629
1628
1634
1630
1635
1635
1636
1632
1638
1635
1636
1632
1632
1635
1630
1635
1640
1643
1641
1641
1641
1640
1643
1641
1645
1642
1645
1645
1648
1648
1644
1649
1648
1645
1647
1641
1643
1642
1645
1643
1645
1636
1641
1641
1638
1637
1634
1631
1629
1627
1621
1629
1627
1638
1637
1641
1635
1640
1636
1638
1636
1634
1631
1630
1636
1634
1642
1640
1638
1637
1635
1636
1634
1635
1635
1636
1636
1637
1637
1636
1640
1635
1640
1631
1622
1602
1556
1518
1456
1404
1327
1276
1260
1262
1319
1406
1489
1551
1586
1612
1631
1648
1656
1664
1669
1670
1676
1674
1674
1677
1681
1682
1680
1681
1682
1686
1686
1688
1689
1692
1688
1688
1688
1689
1694
1692
1694
1699
1698
1695
1700
1699
1698
1702
1700
1698
1696
1699
1700
1696
1695
1698
1693
1683
1685
1687
1681
1679
1673
1669
1663
1655
1657
1653
1647
1642
1641
1641
1637
1638
1634
1636
1631
1635
1631
1636
1631
1636
1640
1641
1642
1642
1642
1615
1615
1622
1628
1631
1631
1632
1636
1638
1640
1642
1640
1643
1640
1645
1641
1641
1640
1643
1643
1645
1649
1645
1649
1649
1648
1650
1648
1650
1651
1653
1653
1650
1649
1644
1648
1653
1650
1650
1648
1650
1649
1654
1650
1650
1649
1645
1643
1640
1635
1632
1636
1640
1640
1641
1643
1642
1641
1645
1643
1641
1642
1641
1645
1641
1648
1641
1643
1642
1645
1645
1642
1640
1641
1648
1643
1644
1641
1641
1641
1636
1641
1635
1636
1631
1635
1612
1582
1545
1498
1437
1376
1332
1283
1272
1324
1392
1469
1530
1572
1603
1627
1642
1655
1661
1667
1669
1674
1680
1679
1683
1683
1681
1681
1688
1687
1686
1686
1692
1688
1689
1688
1688
1686
1689
1692
1693
1695
1690
1693
1696
1694
1694
1694
1696
1694
1696
1694
1695
1693
1698
1694
1694
1688
1692
1685
1682
1677
1675
1674
1669
1667
1660
1657
1648
1645
1641
1641
1640
1638
1634
1635
1635
1631
1631
1627
1627
1631
1631
1628
1631
1631
1631
1631
1632
1631
1636
1631
1635
1636
1634
1637
1636
1636
1632
1636
1636
1636
1636
1635
1641
1641
1641
1637
1638
1634
1634
1638
1636
1638
1638
1647
1650
1650
1650
1648
1645
1645
1650
1649
1645
1648
1645
1649
1645
1648
1648
1645
1643
1648
1650
1645
1641
1643
1641
1640
1635
1638
1635
1632
1636
1643
1642
1640
1642
1638
1640
1640
1640
1634
1641
1637
1641
1640
1638
1640
1641
1645
1641
1641
1640
1641
1642
1641
1640
1635
1635
1637
1640
1638
1640
1635
1629
1601
1570
1522
1463
1401
1351
1319
1294
1296
1364
1422
1494
1548
1583
1608
1627
1645
1656
1664
1669
1673
1674
1677
1680
1683
1681
1682
1688
1686
1687
1687
1687
1688
1687
1688
1693
1694
1688
1673
1724
1709
1706
1700
1700
1700
1698
1700
1700
1699
1698
1698
1696
1695
1689
1693
1693
1693
1694
1696
1689
1681
1681
1679
1669
1664
1663
1660
1655
1654
1650
1644
1640
1637
1640
1636
1635
1635
1634
1632
1631
1636
1635
1638
1630
1640
1640
1638
1636
1638
1637
1640
1641
1636
1635
1634
1636
1636
1632
1631
1642
1637
1637
1640
1635
1638
1638
1641
1643
1642
1642
1642
1642
1644
1647
1648
1649
1645
1649
1650
1645
1649
1648
1653
1650
1650
1650
1647
1649
1649
1656
1654
1645
1648
1642
1645
1643
1645
1641
1640
1642
1638
1638
1634
1635
1631
1635
1635
1640
1637
1638
1634
1638
1641
1638
1637
1635
1641
1641
1643
1636
1643
1642
1640
1638
1637
1635
1635
1638
1641
1640
1637
1640
1641
1641
1642
1637
1635
1630
1621
1586
1541
1503
1442
1388
1331
1296
1270
1309
1379
1453
1518
1563
1593
1616
1636
1650
1657
1664
1669
1673
1676
1681
1680
1680
1686
1683
1681
1683
1686
1686
1683
1686
1688
1687
1687
1690
1693
1692
1692
1692
1695
1692
1693
1698
1702
1695
1692
1693
1695
1693
1698
1698
1698
1696
1698
1692
1687
1679
1681
1679
1673
1669
1666
1663
1662
1657
1659
1650
1642
1640
1636
1635
1631
1636
1631
1631
1629
1631
1628
1630
1631
1634
1631
1636
1636
1635
1635
1635
1638
1635
1637
1635
1638
1637
1641
1635
1637
1640
1635
1641
1638
1641
1638
1636
1641
1641
1647
1643
1644
1642
1644
1643
1643
1643
1644
1651
1651
1650
1650
1649
1655
1650
1649
1650
1654
1656
1654
1654
1651
1650
1648
1649
1654
1650
1650
1654
1647
1649
1647
1645
1643
1640
1641
1636
1635
1634
1642
1642
1643
1642
1643
1640
1641
1641
1640
1644
1644
1552
1578
1603
1618
1627
1631
1630
1638
1634
1641
1641
1643
1642
1644
1642
1641
1641
1635
1638
1634
1631
1621
1593
1559
1518
1479
1403
1337
1288
1259
1280
1351
1431
1507
1559
1592
1617
1636
1650
1661
1669
1673
1682
1681
1681
1680
1683
1685
1683
1685
1686
1689
1692
1692
1693
1694
1690
1693
1694
1695
1693
1694
1698
1694
1698
1700
1700
1696
1699
1702
1703
1700
1699
1701
1702
1695
1695
1692
1693
1687
1692
1690
1683
1677
1670
1668
1668
1664
1657
1656
1648
1649
1643
1640
1635
1636
1634
1635
1630
1631
1634
1632
1632
1635
1636
1634
1635
1631
1635
1632
1635
1638
1637
1640
1640
1638
1635
1638
1631
1638
1637
1638
1636
1640
1637
1637
1641
1641
1642
1641
1641
1640
1640
1640
1640
1645
1644
1648
1645
1644
1648
1649
1650
1648
1645
1645
1645
1649
1647
1647
1647
1643
1643
1645
1643
1643
1644
1641
1641
1638
1636
1640
1640
1641
1643
1643
1641
1638
1641
1640
1643
1641
1641
1640
1640
1638
1636
1634
1631
1638
1634
1637
1632
1638
1636
1636
1636
1636
1632
1630
1636
1631
1631
1630
1634
1624
1625
1602
1573
1540
1489
1432
1374
1314
1270
1261
1308
1380
1454
1516
1560
1591
1614
1632
1645
1655
1657
1668
1669
1669
1673
1674
1676
1677
1677
1675
1677
1679
1681
1681
1687
1688
1688
1688
1689
1692
1687
1687
1688
1692
1694
1693
1695
1695
1693
1692
1695
1696
1692
1688
1695
1692
1688
1687
1688
1686
1683
1680
1679
1674
1668
1662
1660
1657
1650
1644
1641
1636
1632
1634
1630
1627
1625
1631
1631
1631
1627
1630
1627
1629
1630
1635
1630
1631
1631
1637
1631
1636
1631
1630
1632
1630
1631
1631
1631
1632
1636
1630
1635
1630
1629
1624
1632
1635
1636
1634
1636
1640
1638
1640
1636
1641
1635
1641
1641
1641
1642
1641
1647
1643
1641
1641
1649
1645
1643
1644
1643
1641
1641
1643
1641
1642
1643
1642
1641
1635
1637
1635
1631
1629
1630
1628
1631
1631
1635
1635
1640
1636
1637
1637
1636
1638
1638
1637
1634
1635
1635
1635
1635
1638
1635
1632
1631
1634
1630
1635
1636
1635
1632
1634
1632
1634
1632
1627
1618
1591
1551
1512
1451
1403
1333
1286
1267
1295
1357
1418
1498
1546
1578
1608
1624
1636
1649
1656
1664
1664
1666
1666
1668
1668
1673
1676
1674
1673
1679
1676
1675
1676
1680
1679
1676
1677
1677
1682
1680
1681
1685
1687
1688
1687
1686
1686
1688
1683
1687
1687
1687
1687
1688
1685
1687
1680
1676
1673
1673
1672
1666
1662
1655
1654
1644
1650
1641
1636
1630
1631
1627
1631
1622
1624
1622
1618
1622
1622
1617
1619
1618
1622
1619
1621
1624
1625
1624
1624
1625
1623
1622
1624
1625
1622
1623
1622
1625
1624
1623
1624
1627
1624
1628
1629
1629
1625
1630
1629
1634
1630
1632
1631
1635
1634
1636
1637
1631
1635
1640
1638
1636
1637
1638
1636
1631
1634
1635
1630
1634
1631
1638
1631
1634
1630
1631
1631
1632
1634
1631
1624
1623
1623
1623
1624
1624
1622
1627
1624
1623
1624
1623
1622
1627
1630
1629
1629
1631
1630
1629
1631
1628
1630
1625
1634
1631
1632
1628
1631
1629
1631
1627
1627
1623
1628
1624
1629
1624
1614
1591
1567
1526
1487
1422
1361
1313
1280
1281
1335
1399
1469
1525
1567
1593
1615
1630
1641
1649
1656
1660
1660
1660
1667
1669
1670
1674
1674
1674
1676
1674
1674
1673
1674
1676
1677
1677
1679
1677
1682
1682
1682
1687
1683
1683
1683
1687
1683
1654
1673
1675
1682
1681
1687
1683
1683
1683
1686
1680
1679
1673
1676
1668
1662
1662
1655
1651
1647
1649
1640
1641
1634
1629
1627
1627
1627
1630
1624
1624
1622
1624
1623
1627
1624
1625
1628
1630
1630
1629
1628
1630
1632
1631
1630
1634
1627
1630
1631
1634
1634
1630
1630
1630
1637
1631
1631
1631
1635
1631
1636
1632
1632
1635
1636
1640
1635
1637
1641
1643
1640
1642
1640
1641
1642
1642
1643
1643
1643
1642
1641
1641
1637
1640
1636
1636
1632
1636
1635
1631
1627
1629
1625
1629
1625
1630
1629
1635
1636
1635
1631
1632
1634
1631
1636
1631
1637
1631
1635
1634
1637
1631
1631
1629
1631
1631
1636
1631
1631
1631
1634
1632
1628
1627
1625
1627
1611
1589
1535
1502
1431
1367
1319
1267
1253
1262
1335
1422
1499
1547
1583
1606
1624
1640
1650
1656
1662
1670
1673
1674
1673
1669
1669
1672
1677
1675
1675
1672
1677
1677
1675
1679
1683
1683
1687
1687
1687
1688
1686
1687
1689
1688
1688
1687
1688
1688
1690
1689
1690
1692
1692
1692
1686
1686
1681
1676
1674
1669
1664
1666
1659
1655
1651
1649
1643
1635
1635
1629
1627
1622
1624
1617
1621
1617
1622
1621
1625
1621
1627
1625
1629
1624
1629
1623
1624
1623
1627
1625
1629
1627
1635
1630
1631
1631
1630
1631
1631
1631
1629
1637
1632
1636
1636
1636
1634
1635
1636
1637
1640
1635
1637
1638
1644
1643
1645
1642
1638
1641
1642
1645
1641
1641
1640
1642
1641
1641
1641
1640
1637
1637
1640
1634
1631
1630
1631
1627
1631
1630
1632
1629
1635
1636
1634
1636
1635
1640
1636
1636
1635
1637
1636
1638
1636
1635
1640
1638
1641
1635
1636
1635
1637
1631
1636
1635
1636
1631
1631
1619
1656
1635
1611
1570
1515
1466
1402
1338
1283
1261
1272
1339
1416
1498
1548
1586
1612
1631
1643
1654
1655
1661
1669
1669
1673
1674
1677
1677
1686
1680
1679
1679
1682
1683
1683
1681
1682
1683
1687
1688
1683
1687
1688
1690
1692
1693
1692
1689
1692
1696
1695
1693
1695
1694
1690
1690
1692
1692
1686
1682
1680
1674
1673
1669
1660
1659
1655
1651
1644
1640
1640
1636
1637
1630
1631
1627
1624
1624
1629
1625
1624
1622
1624
1622
1623
1624
1624
1625
1630
1627
1625
1623
1628
1627
1629
1625
1629
1625
1630
1630
1631
1631
1624
1630
1630
1634
1629
1631
1631
1631
1627
1631
1630
1635
1636
1640
1645
1643
1649
1649
1649
1649
1643
1642
1636
1640
1638
1645
1642
1638
1641
1638
1636
1630
1635
1632
1634
1631
1634
1634
1630
1635
1634
1636
1644
1631
1631
1631
1630
1631
1630
1630
1627
1630
1630
1631
1625
1622
1619
1604
1573
1522
1464
1419
1361
1316
1272
1270
1299
1372
1451
1513
1554
1585
1602
1625
1635
1645
1651
1654
1659
1662
1667
1668
1669
1666
1672
1677
1675
1674
1673
1672
1675
1676
1675
1673
1677
1679
1680
1681
1680
1677
1683
1680
1682
1683
1685
1683
1683
1688
1687
1683
1681
1689
1686
1681
1677
1676
1673
1672
1668
1662
1656
1650
1645
1641
1638
1634
1637
1631
1629
1627
1625
1627
1623
1621
1622
1622
1621
1622
1622
1621
1622
1624
1624
1623
1623
1623
1624
1624
1624
1625
1621
1623
1627
1625
1624
1624
1629
1630
1629
1630
1631
1632
1631
1632
1634
1631
1631
1635
1635
1635
1635
1636
1636
1637
1638
1640
1642
1643
1641
1641
1638
1640
1637
1640
1636
1640
1640
1641
1641
1641
1642
1640
1637
1636
1636
1636
1640
1636
1623
1674
1660
1653
1649
1640
1635
1634
1630
1624
1624
1619
1621
1622
1627
1628
1627
1622
1624
1624
1628
1625
1629
1625
1624
1625
1629
1630
1628
1630
1634
1634
1631
1631
1629
1631
1630
1631
1627
1630
1627
1630
1622
1623
1612
1586
1551
1525
1455
1396
1335
1307
1272
1306
1361
1423
1495
1544
1584
1608
1628
1641
1649
1653
1660
1660
1662
1663
1664
1669
1674
1674
1676
1672
1676
1679
1679
1674
1675
1677
1679
1682
1683
1680
1679
1687
1687
1682
1683
1686
1685
1687
1692
1693
1688
1685
1687
1688
1685
1681
1680
1679
1679
1680
1674
1669
1664
1659
1660
1655
1649
1645
1640
1638
1635
1630
1627
1621
1622
1622
1622
1621
1621
1619
1618
1616
1619
1621
1619
1621
1624
1624
1624
1623
1624
1627
1622
1623
1623
1625
1622
1622
1624
1623
1621
1623
1624
1625
1625
1629
1627
1629
1629
1631
1630
1634
1629
1632
1630
1636
1637
1636
1638
1635
1643
1642
1644
1641
1641
1640
1643
1641
1636
1636
1637
1641
1641
1642
1640
1632
1631
1627
1627
1623
1621
1624
1629
1629
1634
1628
1634
1631
1632
1630
1630
1630
1631
1631
1628
1628
1624
1629
1628
1630
1628
1631
1629
1631
1627
1630
1629
1630
1625
1631
1629
1629
1618
1608
1582
1537
1503
1448
1379
1327
1302
1285
1302
1367
1441
1502
1548
1582
1603
1624
1638
1655
1660
1664
1662
1664
1667
1668
1669
1670
1673
1669
1673
1677
1677
1673
1676
1680
1679
1679
1680
1683
1677
1683
1686
1685
1692
1683
1685
1687
1693
1692
1692
1690
1692
1689
1694
1692
1687
1686
1682
1683
1680
1674
1673
1673
1668
1668
1660
1656
1650
1647
1642
1640
1631
1629
1624
1623
1624
1624
1623
1624
1627
1630
1630
1627
1627
1617
1627
1623
1630
1630
1634
1635
1636
1631
1631
1627
1631
1632
1635
1632
1632
1630
1635
1632
1631
1632
1631
1638
1635
1640
1638
1641
1636
1642
1640
1636
1635
1632
1640
1640
1643
1644
1645
1643
1642
1647
1644
1641
1640
1645
1642
1642
1641
1638
1640
1640
1642
1641
1641
1636
1642
1642
1638
1642
1640
1642
1637
1642
1640
1645
1635
1636
1632
1635
1636
1636
1637
1636
1640
1640
1638
1635
1640
1637
1637
1636
1640
1637
1631
1636
1635
1635
1631
1631
1631
1630
1627
1618
1592
1548
1507
1462
1399
1340
1277
1261
1269
1333
1414
1490
1545
1584
1606
1635
1643
1648
1655
1663
1668
1672
1673
1669
1673
1676
1676
1677
1679
1677
1682
1683
1682
1681
1686
1687
1683
1686
1692
1687
1685
1689
1693
1692
1693
1694
1696
1698
1695
1695
1693
1693
1693
1695
1689
1689
1688
1689
1683
1676
1673
1672
1669
1667
1664
1657
1653
1645
1645
1638
1636
1631
1630
1624
1627
1631
1630
1625
1627
1630
1629
1629
1627
1627
1628
1632
1631
1631
1629
1627
1631
1635
1635
1636
1632
1635
1636
1636
1632
1631
1630
1628
1631
1631
1632
1634
1636
1640
1641
1641
1635
1635
1635
1640
1636
1637
1640
1643
1644
1644
1649
1642
1645
1647
1644
1645
1642
1644
1643
1641
1641
1644
1643
1638
1643
1641
1640
1634
1631
1628
1631
1631
1636
1638
1635
1637
1638
1640
1634
1636
1636
1635
1636
1638
1637
1636
1640
1640
1642
1635
1640
1636
1637
1636
1641
1636
1636
1636
1635
1640
1635
1635
1631
1629
1608
1570
1533
1480
1422
1352
1305
1263
1256
1305
1383
1464
1530
1570
1603
1624
1642
1654
1660
1663
1669
1674
1677
1672
1679
1679
1679
1679
1682
1681
1676
1680
1719
1711
1701
1699
1695
1696
1693
1694
1692
1692
1699
1693
1693
1698
1696
1694
1695
1693
1698
1696
1694
1688
1693
1690
1689
1688
1683
1681
1677
1677
1673
1667
1660
1657
1653
1647
1642
1637
1640
1635
1635
1635
1636
1629
1630
1630
1630
1627
1630
1627
1635
1634
1632
1631
1631
1629
1630
1632
1631
1631
1631
1635
1632
1636
1632
1631
1627
1631
1631
1631
1630
1636
1634
1635
1636
1637
1638
1638
1641
1636
1640
1636
1640
1644
1641
1643
1643
1642
1642
1648
1648
1642
1644
1641
1643
1642
1643
1643
1640
1641
1637
1643
1644
1643
1636
1636
1635
1627
1627
1628
1627
1628
1632
1631
1636
1631
1636
1631
1636
1636
1635
1636
1636
1641
1640
1635
1634
1635
1636
1635
1634
1634
1637
1636
1636
1634
1632
1629
1631
1634
1631
1624
1628
1619
1595
1556
1511
1464
1385
1339
1290
1272
1281
1341
1409
1492
1544
1577
1605
1624
1637
1651
1656
1660
1666
1664
1674
1673
1673
1673
1679
1677
1677
1679
1677
1676
1682
1683
1679
1681
1683
1681
1682
1683
1688
1685
1683
1689
1693
1688
1687
1694
1693
1693
1692
1693
1688
1687
1683
1693
1685
1682
1679
1677
1673
1672
1663
1660
1656
1650
1653
1647
1644
1636
1641
1632
1631
1625
1627
1619
1623
1624
1627
1625
1624
1624
1624
1625
1627
1627
1624
1627
1627
1630
1630
1631
1625
1632
1630
1630
1625
1627
1625
1631
1631
1631
1630
1631
1635
1635
1634
1630
1635
1632
1640
1641
1642
1638
1641
1641
1641
1643
1643
1642
1645
1653
1657
1657
1649
1650
1653
1654
1650
1649
1650
1649
1649
1649
1653
1642
1649
1643
1645
1643
1641
1643
1641
1641
1636
1636
1634
1632
1634
1640
1641
1638
1636
1635
1635
1632
1632
1645
1645
1641
1643
1638
1634
1631
1624
1598
1567
1535
1496
1425
1366
1319
1283
1281
1338
1402
1467
1521
1563
1592
1612
1627
1642
1654
1659
1660
1662
1662
1669
1669
1674
1677
1676
1674
1683
1679
1675
1677
1681
1679
1682
1682
1682
1687
1688
1688
1687
1690
1690
1692
1692
1696
1693
1693
1690
1690
1694
1693
1692
1693
1687
1687
1683
1681
1679
1676
1670
1670
1664
1661
1660
1657
1653
1645
1643
1636
1635
1631
1629
1630
1628
1627
1627
1629
1627
1627
1624
1629
1628
1631
1629
1631
1628
1634
1632
1635
1634
1631
1631
1631
1630
1630
1631
1629
1631
1632
1635
1629
1631
1632
1636
1634
1635
1635
1635
1643
1641
1645
1642
1641
1643
1645
1643
1643
1643
1642
1643
1642
1649
1645
1642
1643
1645
1643
1643
1641
1641
1638
1641
1641
1645
1631
1641
1637
1643
1643
1643
1641
1638
1636
1638
1636
1635
1635
1636
1636
1635
1631
1634
1635
1638
1636
1641
1637
1635
1636
1640
1638
1636
1640
1638
1638
1640
1641
1635
1636
1632
1632
1635
1631
1634
1630
1631
1625
1630
1624
1631
1631
1634
1632
1631
1630
1629
1630
1629
1635
1631
1636
1629
1631
1631
1632
1632
1634
1635
1636
1637
1636
1632
1630
1631
1630
1635
1632
1625
1629
1627
1612
1591
1541
1483
1422
1366
1324
1272
1251
1293
1365
1442
1516
1563
1592
1622
1637
1650
1655
1663
1668
1676
1675
1675
1675
1681
1675
1679
1687
1687
1681
1686
1687
1688
1683
1682
1687
1692
1694
1693
1693
1690
1693
1694
1696
1695
1696
1696
1698
1698
1699
1705
1696
1693
1690
1695
1692
1690
1692
1692
1688
1685
1680
1673
1670
1670
1667
1660
1655
1649
1647
1642
1643
1638
1637
1630
1630
1630
1634
1630
1627
1705
1676
1659
1655
1647
1641
1640
1640
1638
1636
1636
1636
1635
1634
1640
1637
1636
1638
1635
1636
1631
1638
1635
1641
1632
1641
1641
1641
1644
1649
1645
1641
1642
1645
1642
1649
1649
1653
1649
1654
1655
1650
1651
1645
1653
1655
1650
1650
1650
1654
1651
1655
1654
1650
1649
1642
1645
1645
1650
1649
1645
1645
1642
1640
1632
1631
1631
1635
1635
1636
1641
1637
1641
1641
1644
1643
1643
1640
1641
1640
1638
1640
1641
1641
1637
1644
1640
1638
1636
1638
1641
1635
1640
1636
1637
1640
1641
1634
1637
1632
1617
1588
1541
1479
1427
1360
1296
1261
1253
1283
1359
1448
1524
1567
1597
1621
1636
1650
1659
1668
1669
1673
1673
1677
1679
1676
1675
1679
1686
1681
1683
1689
1683
1682
1685
1690
1683
1687
1688
1689
1692
1693
1694
1692
1693
1695
1696
1693
1693
1695
1702
1701
1696
1693
1698
1690
1687
1687
1682
1680
1677
1677
1669
1669
1664
1661
1660
1651
1653
1641
1640
1636
1631
1630
1630
1627
1628
1631
1628
1627
1628
1630
1627
1635
1629
1632
1625
1631
1629
1632
1634
1630
1631
1631
1636
1635
1636
1632
1634
1632
1635
1637
1631
1632
1631
1636
1635
1636
1635
1640
1640
1641
1644
1641
1641
1641
1641
1642
1641
1641
1641
1645
1643
1643
1644
1642
1642
1640
1642
1638
1640
1642
1643
1643
1640
1641
1637
1640
1638
1636
1637
1637
1642
1640
1641
1635
1632
1631
1630
1627
1632
1630
1635
1635
1637
1637
1634
1632
1630
1635
1635
1637
1636
1635
1636
1636
1640
1636
1640
1637
1640
1638
1638
1636
1636
1631
1636
1634
1635
1635
1634
1632
1631
1608
1579
1541
1489
1423
1373
1313
1289
1272
1313
1380
1459
1521
1567
1597
1619
1636
1676
1687
1683
1682
1682
1679
1679
1680
1679
1679
1679
1681
1677
1677
1681
1679
1680
1681
1680
1683
1686
1687
1686
1687
1690
1695
1693
1688
1696
1695
1698
1694
1698
1699
1696
1693
1693
1692
1693
1692
1688
1687
1683
1681
1683
1674
1669
1660
1660
1655
1650
1649
1643
1643
1636
1637
1634
1634
1628
1627
1627
1627
1624
1629
1629
1629
1629
1630
1627
1631
1631
1631
1631
1631
1634
1636
1636
1634
1632
1630
1629
1630
1631
1630
1631
1631
1632
1632
1631
1632
1635
1636
1636
1640
1641
1642
1640
1643
1643
1642
1643
1642
1645
1640
1645
1644
1643
1641
1642
1642
1637
1641
1641
1642
1641
1641
1643
1638
1637
1642
1641
1640
1634
1630
1631
1635
1635
1636
1631
1629
1627
1630
1622
1629
1624
1627
1625
1628
1630
1631
1627
1629
1631
1632
1629
1630
1631
1627
1631
1631
1631
1629
1631
1631
1637
1635
1631
1634
1640
1632
1631
1631
1628
1630
1631
1629
1622
1612
1593
1556
1513
1480
1403
1361
1316
1282
1287
1350
1415
1485
1539
1574
1601
1622
1635
1645
1649
1660
1661
1664
1668
1669
1673
1668
1673
1669
1669
1672
1674
1672
1676
1676
1673
1674
1680
1679
1677
1677
1681
1681
1685
1683
1686
1683
1688
1688
1687
1688
1689
1688
1688
1685
1682
1681
1681
1683
1679
1669
1670
1668
1662
1659
1657
1655
1647
1644
1645
1637
1631
1625
1624
1625
1625
1623
1624
1623
1623
1622
1624
1622
1621
1623
1624
1625
1627
1630
1634
1630
1632
1631
1630
1623
1627
1624
1629
1629
1627
1625
1630
1630
1631
1628
1630
1631
1632
1635
1636
1637
1635
1638
1638
1642
1641
1641
1641
1643
1641
1640
1641
1641
1642
1641
1642
1643
1640
1640
1643
1643
1638
1630
1694
1677
1660
1656
1647
1643
1641
1635
1640
1635
1630
1629
1627
1623
1623
1623
1624
1625
1630
1630
1630
1625
1630
1630
1636
1632
1638
1630
1635
1634
1635
1632
1630
1629
1635
1638
1631
1636
1630
1631
1624
1634
1628
1630
1631
1634
1630
1627
1617
1599
1566
1530
1470
1412
1351
1302
1270
1279
1334
1403
1483
1537
1577
1599
1622
1632
1642
1651
1657
1662
1666
1666
1664
1670
1675
1676
1673
1673
1673
1677
1675
1675
1674
1676
1677
1680
1681
1677
1679
1686
1687
1681
1681
1685
1682
1683
1686
1687
1687
1688
1687
1692
1688
1687
1687
1680
1677
1677
1674
1669
1667
1660
1662
1659
1653
1649
1645
1640
1636
1635
1630
1627
1624
1622
1621
1619
1616
1621
1622
1622
1621
1627
1624
1624
1622
1624
1627
1630
1621
1624
1622
1629
1624
1627
1624
1631
1624
1628
1628
1630
1627
1630
1627
1632
1629
1631
1631
1631
1635
1630
1635
1634
1635
1636
1638
1636
1638
1638
1643
1643
1641
1642
1638
1641
1641
1641
1641
1640
1643
1641
1641
1640
1637
1635
1638
1632
1634
1636
1635
1636
1638
1641
1635
1634
1631
1631
1631
1631
1631
1630
1625
1621
1622
1616
1619
1617
1621
1623
1623
1625
1630
1627
1631
1630
1631
1624
1627
1628
1631
1630
1635
1635
1634
1631
1631
1634
1628
1627
1629
1630
1630
1631
1629
1634
1628
1631
1624
1614
1589
1556
1503
1460
1385
1327
1276
1243
1257
1330
1409
1489
1548
1582
1608
1632
1641
1654
1660
1663
1669
1669
1668
1672
1675
1676
1676
1677
1679
1680
1681
1680
1679
1681
1681
1680
1683
1686
1687
1690
1687
1692
1689
1695
1699
1695
1695
1694
1698
1692
1693
1696
1698
1699
1696
1692
1689
1687
1687
1682
1675
1669
1668
1648
1654
1653
1649
1650
1644
1650
1637
1634
1629
1631
1629
1630
1627
1629
1627
1631
1631
1631
1631
1625
1630
1632
1635
1631
1631
1631
1635
1630
1631
1628
1635
1631
1635
1632
1636
1637
1636
1635
1641
1641
1635
1638
1635
1643
1636
1641
1637
1638
1641
1642
1649
1649
1649
1645
1648
1648
1643
1644
1642
1649
1645
1649
1650
1644
1644
1641
1647
1641
1640
1640
1640
1640
1638
1638
1636
1635
1637
1641
1638
1636
1630
1630
1627
1627
1630
1629
1627
1630
1631
1631
1631
1631
1636
1635
1640
1637
1638
1635
1635
1636
1635
1632
1631
1636
1634
1635
1635
1635
1632
1635
1638
1634
1632
1630
1634
1630
1628
1611
1583
1534
1489
1437
1383
1322
1273
1256
1294
1366
1442
1513
1558
1590
1614
1631
1648
1654
1657
1663
1664
1668
1673
1673
1668
1676
1679
1675
1674
1677
1679
1681
1681
1681
1682
1681
1685
1687
1682
1683
1688
1685
1687
1692
1688
1692
1690
1693
1693
1690
1689
1693
1690
1692
1692
1687
1683
1681
1679
1673
1669
1668
1663
1663
1657
1655
1649
1642
1641
1636
1635
1629
1628
1622
1622
1622
1624
1621
1622
1623
1624
1624
1622
1622
1624
1622
1627
1627
1624
1623
1623
1627
1629
1630
1627
1630
1630
1631
1627
1627
1624
1631
1630
1631
1630
1634
1631
1631
1631
1635
1636
1635
1637
1640
1643
1641
1641
1642
1640
1641
1641
1642
1642
1648
1645
1642
1645
1640
1645
1640
1643
1641
1641
1641
1641
1641
1641
1641
1634
1638
1631
1631
1625
1624
1622
1629
1628
1631
1634
1632
1634
1636
1631
1635
1634
1630
1634
1631
1636
1635
1636
1634
1640
1640
1637
1636
1635
1636
1635
1640
1637
1640
1637
1641
1635
1635
1630
1631
1622
1605
1592
1545
1480
1414
1370
1319
1283
1282
1337
1414
1483
1540
1578
1603
1621
1636
1653
1655
1659
1663
1669
1673
1673
1669
1673
1673
1675
1681
1680
1680
1680
1683
1681
1680
1680
1686
1681
1686
1686
1688
1688
1689
1690
1688
1690
1688
1690
1690
1693
1696
1694
1692
1694
1694
1694
1692
1693
1687
1679
1680
1676
1672
1666
1661
1655
1659
1650
1649
1642
1641
1637
1635
1631
1631
1624
1629
1628
1627
1624
1627
1627
1627
1630
1629
1629
1630
1627
1630
1630
1625
1628
1621
1629
1630
1630
1623
1627
1630
1630
1632
1631
1630
1630
1627
1629
1632
1629
1629
1631
1636
1635
1635
1635
1641
1636
1640
1641
1640
1641
1642
1641
1640
1641
1636
1638
1642
1642
1642
1641
1641
1636
1640
1640
1640
1635
1631
1634
1629
1635
1635
1640
1631
1635
1631
1630
1622
1623
1621
1622
1622
1627
1627
1630
1630
1631
1631
1627
1630
1634
1631
1629
1631
1625
1631
1630
1630
1631
1631
1624
1631
1632
1631
1631
1629
1630
1630
1634
1629
1627
1622
1624
1612
1585
1554
1513
1461
1397
1350
1321
1288
1292
1354
1418
1486
1537
1573
1598
1622
1634
1645
1650
1654
1659
1669
1664
1662
1662
1668
1669
1668
1670
1670
1673
1675
1676
1677
1675
1676
1679
1679
1680
1681
1685
1680
1679
1686
1687
1688
1685
1687
1692
1688
1688
1692
1689
1688
1688
1687
1688
1682
1679
1676
1675
1670
1667
1664
1656
1654
1654
1644
1641
1636
1637
1631
1630
1630
1627
1622
1624
1625
1629
1624
1627
1624
1624
1624
1625
1623
1624
1624
1630
1629
1629
1630
1632
1636
1636
1636
1635
1640
1638
1638
1637
1635
1635
1635
1637
1636
1638
1636
1637
1635
1638
1638
1640
1635
1638
1641
1641
1640
1630
1623
1625
1636
1636
1640
1637
1641
1640
1640
1640
1635
1642
1640
1640
1636
1638
1634
1631
1628
1627
1621
1606
1574
1540
1496
1454
1385
1343
1298
1285
1312
1377
1453
1513
1554
1583
1601
1622
1636
1649
1654
1659
1663
1664
1667
1674
1674
1669
1674
1679
1675
1679
1679
1681
1681
1680
1680
1680
1683
1682
1680
1685
1686
1688
1688
1687
1688
1690
1692
1694
1688
1693
1693
1693
1692
1696
1690
1683
1683
1686
1680
1677
1673
1670
1662
1662
1656
1650
1642
1644
1641
1638
1634
1631
1631
1631
1631
1630
1629
1624
1627
1627
1628
1630
1632
1625
1635
1629
1635
1634
1630
1630
1630
1635
1632
1631
1631
1635
1635
1638
1631
1632
1635
1636
1636
1632
1631
1631
1632
1631
1637
1635
1635
1635
1640
1643
1641
1641
1635
1641
1634
1638
1636
1634
1631
1635
1640
1640
1638
1632
1636
1636
1635
1632
1635
1631
1630
1636
1635
1631
1630
1635
1634
1636
1634
1634
1630
1631
1634
1632
1631
1631
1630
1631
1635
1635
1635
1631
1630
1627
1628
1630
1630
1631
1635
1631
1630
1628
1629
1628
1630
1630
1629
1624
1622
1624
1625
1630
1628
1634
1624
1627
1622
1621
1617
1621
1621
1622
1619
1623
1623
1629
1630
1630
1630
1630
1627
1629
1631
1630
1630
1627
1627
1629
1632
1629
1632
1629
1634
1629
1631
1624
1629
1624
1630
1627
1625
1602
1564
1531
1474
1404
1343
1294
1253
1247
1301
1379
1461
1530
1570
1599
1622
1638
1650
1661
1666
1668
1674
1673
1675
1677
1680
1676
1679
1682
1683
1682
1689
1687
1683
1681
1683
1686
1687
1687
1690
1692
1694
1695
1695
1694
1696
1696
1696
1698
1693
1694
1693
1694
1696
1694
1690
1692
1688
1687
1682
1682
1675
1673
1695
1693
1679
1672
1663
1659
1651
1645
1640
1636
1631
1635
1630
1623
1624
1624
1622
1624
1622
1625
1627
1628
1630
1631
1630
1628
1635
1631
1634
1631
1630
1630
1630
1628
1635
1630
1634
1635
1635
1634
1635
1632
1632
1636
1635
1640
1637
1641
1637
1644
1644
1645
1643
1645
1650
1648
1647
1649
1645
1643
1644
1648
1641
1644
1641
1641
1645
1641
1643
1636
1635
1630
1634
1631
1630
1630
1632
1634
1636
1638
1634
1632
1632
1636
1635
1636
1635
1635
1632
1634
1635
1632
1632
1631
1631
1634
1632
1630
1635
1636
1636
1634
1632
1630
1631
1630
1629
1622
1604
1567
1535
1485
1415
1367
1300
1275
1263
1307
1371
1453
1516
1563
1589
1611
1628
1640
1645
1659
1664
1663
1664
1664
1670
1674
1669
1668
1672
1673
1676
1676
1674
1673
1677
1675
1677
1675
1679
1679
1679
1683
1687
1683
1680
1682
1688
1690
1688
1687
1687
1692
1690
1687
1683
1686
1683
1681
1679
1674
1669
1666
1660
1657
1653
1649
1645
1640
1641
1638
1635
1629
1623
1622
1621
1619
1621
1617
1621
1621
1625
1624
1622
1619
1622
1622
1623
1622
1625
1623
1623
1624
1625
1623
1622
1622
1627
1623
1622
1622
1622
1625
1627
1631
1630
1629
1629
1630
1630
1631
1632
1631
1636
1636
1635
1634
1637
1632
1636
1636
1636
1635
1636
1636
1637
1640
1636
1635
1632
1635
1634
1635
1631
1634
1630
1630
1624
1625
1622
1624
1624
1630
1631
1629
1629
1630
1627
1627
1629
1628
1630
1630
1636
1631
1631
1634
1630
1628
1631
1630
1631
1631
1634
1635
1632
1630
1627
1629
1625
1627
1627
1624
1623
1608
1585
1548
1490
1427
1369
1312
1277
1276
1308
1376
1447
1518
1560
1584
1611
1625
1641
1645
1711
1696
1688
1681
1681
1677
1674
1673
1673
1673
1674
1674
1674
1673
1676
1676
1679
1679
1675
1679
1683
1680
1680
1680
1687
1687
1688
1686
1683
1685
1682
1686
1686
1688
1686
1683
1681
1681
1677
1677
1676
1673
1673
1669
1662
1656
1654
1650
1643
1642
1640
1635
1631
1631
1629
1627
1622
1621
1622
1624
1625
1624
1624
1622
1625
1625
1624
1624
1625
1630
1627
1629
1627
1624
1622
1625
1627
1622
1624
1625
1627
1630
1632
1629
1631
1630
1631
1630
1630
1629
1631
1631
1632
1635
1636
1635
1636
1637
1638
1641
1636
1636
1638
1641
1643
1642
1636
1636
1638
1635
1641
1635
1640
1635
1640
1638
1641
1636
1631
1636
1634
1637
1635
1631
1628
1630
1623
1622
1621
1621
1621
1627
1627
1623
1623
1624
1625
1627
1624
1627
1631
1631
1635
1631
1632
1631
1631
1629
1631
1629
1627
1630
1629
1629
1632
1630
1629
1630
1629
1627
1629
1630
1617
1592
1558
1526
1472
1405
1351
1309
1281
1293
1347
1403
1480
1534
1574
1598
1622
1634
1641
1650
1654
1662
1663
1663
1668
1672
1670
1674
1673
1669
1670
1674
1673
1673
1674
1675
1677
1679
1681
1677
1679
1681
1681
1679
1682
1688
1683
1687
1688
1687
1688
1687
1688
1692
1688
1681
1688
1680
1681
1680
1676
1672
1669
1668
1669
1660
1655
1649
1649
1643
1638
1640
1629
1635
1630
1629
1625
1624
1622
1622
1622
1622
1625
1629
1627
1634
1632
1634
1630
1630
1625
1627
1628
1629
1631
1631
1631
1635
1635
1634
1635
1635
1636
1631
1631
1634
1631
1630
1634
1636
1634
1636
1638
1642
1641
1642
1640
1641
1640
1640
1644
1643
1649
1643
1649
1648
1650
1649
1645
1648
1644
1645
1642
1644
1643
1642
1641
1638
1638
1624
1631
1629
1632
1634
1636
1635
1637
1637
1636
1634
1640
1640
1641
1641
1638
1643
1638
1641
1640
1635
1635
1634
1638
1634
1638
1636
1640
1640
1641
1643
1643
1640
1632
1634
1630
1622
1598
1554
1507
1453
1384
1345
1294
1274
1289
1364
1443
1512
1560
1591
1615
1637
1650
1660
1662
1672
1674
1679
1680
1679
1677
1681
1679
1679
1683
1686
1682
1682
1683
1683
1687
1688
1687
1689
1698
1693
1692
1692
1694
1694
1696
1696
1695
1699
1700
1702
1700
1698
1701
1696
1694
1692
1688
1687
1683
1683
1679
1679
1673
1668
1663
1661
1657
1653
1649
1648
1641
1640
1635
1634
1628
1634
1629
1634
1629
1629
1631
1634
1632
1632
1636
1631
1638
1641
1635
1634
1632
1635
1636
1637
1636
1636
1636
1636
1638
1640
1635
1637
1641
1640
1635
1637
1637
1635
1641
1641
1645
1645
1644
1648
1648
1643
1649
1645
1648
1648
1650
1650
1645
1649
1648
1653
1645
1650
1650
1649
1645
1649
1650
1648
1642
1642
1642
1642
1637
1640
1635
1638
1638
1637
1641
1636
1638
1631
1638
1635
1643
1644
1645
1645
1642
1640
1635
1636
1637
1640
1641
1637
1641
1636
1641
1635
1638
1634
1638
1638
1638
1636
1631
1631
1625
1606
1574
1526
1473
1410
1359
1303
1274
1267
1333
1410
1492
1548
1583
1615
1631
1647
1660
1668
1672
1673
1677
1679
1682
1681
1681
1681
1685
1687
1683
1679
1688
1690
1688
1689
1694
1690
1694
1698
1698
1699
1695
1698
1699
1699
1699
1700
1700
1701
1702
1702
1700
1699
1693
1700
1696
1698
1690
1688
1683
1681
1680
1673
1667
1662
1663
1660
1659
1649
1650
1644
1641
1637
1634
1631
1631
1632
1636
1638
1636
1638
1635
1635
1631
1636
1624
1681
1670
1659
1654
1648
1643
1641
1641
1637
1638
1635
1636
1636
1635
1637
1635
1638
1640
1641
1640
1643
1642
1640
1641
1641
1649
1641
1643
1643
1642
1645
1645
1650
1650
1650
1649
1649
1649
1647
1650
1649
1647
1643
1636
1636
1629
1635
1635
1640
1638
1648
1645
1648
1643
1642
1642
1642
1642
1641
1638
1640
1640
1645
1643
1645
1640
1641
1637
1638
1640
1636
1636
1635
1641
1640
1641
1635
1641
1634
1635
1615
1584
1553
1518
1460
1401
1335
1286
1253
1281
1354
1429
1508
1554
1588
1612
1631
1649
1655
1659
1669
1670
1673
1670
1673
1669
1672
1680
1681
1680
1685
1679
1681
1685
1680
1682
1679
1683
1683
1683
1688
1688
1687
1690
1689
1692
1692
1692
1694
1695
1694
1688
1690
1690
1690
1688
1683
1680
1677
1677
1675
1670
1670
1664
1660
1660
1651
1650
1643
1641
1630
1631
1630
1628
1624
1630
1629
1627
1624
1622
1624
1624
1625
1627
1630
1627
1628
1631
1632
1630
1627
1629
1630
1630
1630
1627
1631
1625
1632
1631
1630
1625
1631
1631
1630
1631
1630
1631
1629
1631
1630
1636
1631
1640
1638
1635
1641
1636
1637
1635
1638
1634
1640
1636
1640
1641
1636
1635
1635
1641
1636
1640
1635
1634
1625
1623
1622
1623
1622
1623
1627
1630
1630
1630
1629
1630
1627
1627
1631
1631
1631
1628
1629
1628
1635
1631
1631
1628
1631
1629
1631
1628
1630
1631
1629
1629
1630
1627
1624
1623
1622
1612
1596
1559
1522
1486
1435
1376
1322
1276
1290
1321
1385
1454
1516
1558
1588
1614
1630
1641
1643
1649
1657
1660
1660
1660
1662
1659
1663
1666
1668
1668
1669
1672
1675
1676
1674
1674
1677
1674
1676
1679
1679
1677
1682
1683
1685
1681
1674
1679
1685
1680
1681
1679
1681
1680
1681
1680
1676
1675
1676
1672
1668
1667
1660
1659
1657
1653
1645
1641
1635
1629
1625
1623
1623
1621
1616
1619
1617
1619
1616
1617
1616
1622
1621
1623
1617
1622
1621
1625
1624
1624
1622
1623
1622
1623
1622
1623
1623
1624
1622
1624
1624
1622
1622
1624
1627
1627
1624
1627
1627
1630
1625
1627
1629
1630
1627
1630
1631
1634
1631
1632
1635
1634
1635
1632
1631
1632
1641
1636
1636
1634
1629
1627
1627
1625
1624
1623
1628
1630
1627
1623
1623
1623
1625
1627
1627
1625
1627
1624
1629
1630
1627
1625
1627
1625
1624
1624
1623
1622
1623
1627
1630
1623
1623
1623
1624
1624
1624
1621
1617
1603
1578
1548
1495
1437
1385
1328
1295
1273
1300
1354
1417
1489
1537
1569
1593
1614
1628
1636
1643
1648
1650
1657
1656
1659
1660
1660
1660
1664
1663
1663
1664
1663
1668
1668
1672
1666
1669
1673
1673
1674
1673
1674
1673
1675
1673
1676
1673
1674
1681
1679
1681
1679
1677
1674
1676
1674
1673
1674
1668
1664
1663
1654
1656
1645
1641
1635
1636
1631
1631
1624
1622
1621
1619
1614
1615
1611
1612
1610
1616
1615
1616
1616
1619
1618
1616
1616
1615
1615
1617
1618
1619
1617
1617
1617
1619
1621
1621
1618
1622
1621
1618
1621
1622
1622
1624
1621
1625
1623
1623
1627
1631
1625
1630
1624
1631
1630
1632
1635
1638
1637
1635
1636
1634
1634
1632
1632
1630
1632
1631
1628
1624
1624
1622
1623
1624
1631
1628
1630
1631
1634
1630
1631
1629
1630
1630
1629
1629
1623
1630
1627
1630
1630
1631
1624
1629
1629
1632
1630
1631
1627
1631
1629
1634
1627
1630
1623
1624
1611
1583
1543
1511
1451
1401
1333
1513
1451
1414
1445
1486
1547
1578
1604
1622
1636
1644
1654
1655
1662
1662
1663
1662
1664
1668
1673
1673
1670
1672
1669
1674
1674
1679
1675
1676
1675
1674
1679
1679
1679
1681
1682
1687
1688
1688
1688
1685
1690
1692
1688
1688
1690
1690
1688
1686
1683
1683
1680
1679
1674
1672
1667
1663
1661
1656
1655
1648
1641
1634
1635
1631
1627
1623
1627
1624
1625
1621
1622
1619
1623
1618
1623
1622
1627
1623
1627
1624
1629
1627
1630
1629
1629
1624
1627
1627
1627
1627
1625
1627
1627
1627
1624
1629
1631
1631
1627
1629
1627
1634
1630
1636
1635
1635
1636
1640
1640
1637
1636
1635
1636
1635
1636
1638
1638
1638
1638
1640
1635
1635
1636
1638
1635
1635
1632
1631
1631
1631
1629
1624
1622
1625
1629
1635
1634
1631
1635
1631
1631
1630
1631
1629
1631
1628
1631
1629
1628
1631
1632
1631
1631
1635
1631
1631
1629
1629
1628
1630
1631
1630
1624
1624
1621
1603
1566
1520
1479
1418
1363
1312
1274
1262
1306
1377
1461
1522
1563
1597
1615
1635
1643
1650
1659
1663
1662
1667
1668
1669
1669
1670
1670
1673
1673
1673
1674
1676
1677
1677
1677
1677
1681
1681
1677
1679
1686
1683
1687
1685
1687
1688
1687
1689
1688
1688
1686
1693
1690
1686
1685
1681
1679
1679
1677
1672
1664
1666
1660
1659
1653
1650
1643
1635
1630
1629
1625
1624
1622
1622
1622
1623
1621
1624
1622
1622
1623
1624
1621
1621
1624
1629
1628
1627
1624
1624
1628
1630
1631
1627
1630
1630
1631
1627
1631
1630
1627
1630
1635
1631
1632
1629
1631
1635
1632
1634
1634
1637
1635
1640
1636
1640
1636
1640
1641
1637
1641
1643
1643
1637
1641
1638
1640
1629
1630
1628
1631
1628
1631
1635
1636
1640
1635
1636
1631
1636
1631
1638
1688
1674
1666
1662
1650
1649
1642
1641
1636
1634
1631
1634
1632
1631
1635
1631
1630
1630
1631
1624
1630
1621
1598
1566
1530
1466
1423
1343
1289
1254
1263
1314
1390
1470
1527
1567
1601
1622
1636
1643
1651
1655
1660
1668
1668
1668
1669
1675
1676
1679
1674
1676
1677
1680
1681
1681
1675
1679
1679
1681
1681
1683
1687
1688
1690
1690
1692
1688
1683
1687
1692
1692
1689
1692
1692
1689
1688
1688
1687
1681
1681
1679
1673
1672
1668
1662
1655
1649
1649
1637
1636
1631
1635
1627
1627
1622
1623
1622
1624
1622
1622
1617
1619
1622
1625
1624
1627
1629
1629
1628
1627
1624
1625
1624
1627
1624
1625
1623
1629
1627
1631
1631
1630
1628
1627
1628
1631
1632
1630
1630
1631
1635
1631
1631
1631
1630
1636
1635
1640
1631
1636
1636
1641
1640
1638
1640
1638
1636
1640
1640
1635
1635
1634
1632
1629
1624
1622
1624
1624
1634
1631
1630
1630
1631
1632
1635
1632
1631
1631
1630
1630
1631
1631
1630
1631
1630
1630
1631
1631
1634
1632
1631
1631
1630
1624
1630
1630
1630
1622
1622
1608
1567
1530
1493
1437
1379
1333
1289
1272
1305
1371
1435
1502
1548
1585
1605
1623
1636
1647
1654
1656
1659
1664
1668
1668
1672
1669
1666
1668
1673
1674
1674
1674
1674
1681
1677
1679
1679
1680
1681
1679
1683
1683
1685
1687
1690
1687
1692
1688
1688
1687
1689
1687
1690
1686
1687
1683
1676
1680
1675
1674
1669
1667
1662
1660
1650
1649
1645
1642
1640
1635
1630
1628
1622
1627
1623
1624
1624
1623
1622
1622
1624
1621
1624
1622
1622
1625
1623
1622
1624
1627
1629
1630
1624
1627
1629
1631
1627
1630
1630
1624
1623
1673
1664
1655
1645
1643
1644
1641
1643
1638
1634
1630
1636
1631
1635
1632
1638
1640
1640
1640
1636
1641
1640
1641
1636
1638
1636
1632
1631
1632
1636
1636
1635
1631
1631
1630
1629
1632
1630
1629
1631
1631
1630
1629
1629
1629
1631
1631
1635
1632
1634
1630
1635
1630
1631
1630
1634
1634
1634
1631
1630
1635
1635
1636
1634
1631
1630
1629
1629
1630
1625
1622
1627
1612
1589
1539
1512
1463
1404
1358
1314
1292
1287
1350
1414
1485
1540
1573
1598
1616
1635
1643
1648
1657
1656
1664
1667
1664
1667
1668
1668
1669
1673
1674
1673
1674
1673
1673
1679
1677
1676
1677
1676
1676
1681
1679
1676
1676
1685
1683
1679
1682
1685
1683
1683
1683
1677
1680
1679
1677
1674
1674
1669
1670
1664
1663
1661
1655
1650
1649
1643
1641
1632
1630
1627
1625
1622
1619
1617
1615
1616
1621
1622
1619
1621
1621
1619
1621
1621
1621
1622
1621
1622
1624
1621
1623
1623
1623
1624
1624
1621
1624
1623
1624
1622
1627
1627
1629
1627
1631
1631
1631
1630
1631
1636
1634
1634
1631
1636
1634
1632
1631
1637
1635
1636
1636
1635
1638
1632
1638
1638
1638
1634
1630
1631
1631
1630
1631
1629
1630
1630
1627
1627
1634
1621
1624
1622
1622
1628
1624
1622
1629
1630
1631
1631
1630
1625
1627
1627
1629
1631
1631
1630
1632
1632
1632
1629
1630
1625
1630
1630
1629
1628
1628
1629
1631
1627
1622
1606
1583
1546
1498
1454
1376
1332
1288
1274
1296
1370
1443
1511
1553
1585
1608
1624
1638
1649
1659
1661
1664
1668
1668
1668
1669
1672
1668
1673
1673
1673
1676
1681
1681
1675
1680
1675
1680
1681
1679
1680
1686
1688
1686
1685
1690
1693
1690
1689
1692
1688
1688
1688
1692
1687
1687
1687
1681
1689
1695
1681
1674
1666
1663
1662
1656
1653
1643
1645
1638
1635
1624
1625
1624
1624
1629
1627
1622
1623
1622
1622
1621
1622
1622
1624
1622
1629
1625
1624
1624
1630
1627
1630
1625
1630
1627
1631
1627
1628
1627
1628
1628
1631
1630
1631
1631
1631
1631
1631
1630
1630
1635
1636
1641
1637
1636
1635
1640
1640
1640
1640
1637
1632
1632
1638
1637
1634
1635
1641
1641
1641
1645
1641
1643
1638
1642
1640
1638
1630
1631
1629
1630
1629
1627
1627
1625
1629
1628
1630
1623
1627
1625
1624
1625
1630
1622
1627
1623
1630
1624
1627
1622
1624
1623
1624
1619
1623
1622
1627
1622
1615
1590
1548
1502
1454
1398
1333
1292
1262
1259
1321
1385
1464
1521
1559
1588
1605
1622
1632
1638
1650
1659
1662
1662
1662
1664
1668
1668
1666
1668
1666
1669
1672
1669
1673
1673
1673
1679
1679
1677
1677
1681
1683
1680
1681
1682
1683
1686
1688
1685
1686
1681
1683
1681
1683
1682
1681
1677
1676
1679
1673
1664
1659
1659
1651
1649
1650
1645
1643
1636
1637
1631
1623
1621
1619
1616
1616
1614
1618
1616
1621
1617
1622
1617
1621
1621
1622
1616
1621
1618
1621
1622
1622
1621
1622
1617
1621
1622
1624
1622
1625
1622
1629
1627
1630
1625
1629
1622
1630
1631
1631
1632
1634
1635
1634
1634
1635
1630
1634
1635
1636
1637
1636
1636
1636
1634
1638
1638
1634
1631
1637
1632
1630
1630
1630
1632
1635
1638
1637
1640
1631
1638
1636
1636
1632
1636
1631
1635
1634
1630
1629
1629
1625
1629
1624
1622
1623
1623
1624
1629
1627
1623
1624
1623
1623
1623
1621
1619
1621
1623
1624
1625
1622
1622
1623
1625
1622
1619
1619
1617
1616
1612
1601
1573
1527
1490
1435
1374
1358
1383
1312
1320
1373
1432
1499
1541
1576
1597
1621
1631
1640
1645
1649
1654
1653
1659
1660
1660
1667
1664
1666
1668
1668
1668
1672
1667
1669
1669
1667
1672
1677
1674
1679
1677
1679
1679
1683
1680
1681
1679
1683
1687
1685
1683
1679
1683
1683
1679
1677
1677
1676
1675
1674
1667
1662
1656
1655
1650
1643
1642
1638
1632
1628
1635
1624
1625
1621
1615
1617
1615
1611
1615
1616
1617
1621
1617
1622
1619
1621
1622
1622
1621
1621
1621
1621
1618
1618
1617
1617
1617
1622
1621
1617
1614
1622
1619
1622
1621
1624
1622
1624
1623
1624
1622
1622
1625
1624
1625
1630
1630
1634
1632
1634
1636
1631
1631
1629
1631
1630
1631
1630
1632
1631
1635
1634
1631
1630
1627
1627
1627
1625
1624
1627
1623
1622
1624
1622
1617
1622
1622
1624
1621
1623
1624
1624
1619
1622
1624
1621
1622
1624
1625
1622
1624
1622
1622
1624
1622
1625
1622
1622
1624
1627
1627
1625
1623
1622
1622
1619
1622
1621
1624
1618
1622
1621
1616
1611
1611
1611
1617
1619
1621
1616
1616
1619
1624
1621
1621
1622
1619
1618
1622
1622
1621
1621
1622
1624
1622
1619
1618
1624
1625
1622
1627
1622
1622
1615
1616
1615
1612
1590
1563
1530
1483
1428
1364
1316
1272
1267
1299
1360
1435
1498
1546
1579
1602
1624
1636
1643
1649
1649
1650
1653
1659
1663
1668
1664
1667
1662
1667
1668
1670
1670
1669
1670
1674
1675
1674
1676
1674
1673
1675
1681
1677
1680
1680
1681
1680
1685
1682
1681
1681
1683
1681
1682
1679
1676
1674
1679
1674
1670
1668
1663
1663
1659
1660
1655
1649
1645
1640
1635
1631
1630
1625
1627
1624
1627
1622
1619
1619
1622
1617
1617
1616
1621
1621
1627
1622
1619
1614
1622
1622
1618
1621
1619
1618
1618
1621
1624
1624
1622
1622
1622
1623
1623
1622
1628
1629
1627
1630
1629
1631
1631
1632
1636
1634
1635
1636
1637
1635
1635
1635
1637
1640
1638
1642
1641
1640
1638
1641
1640
1641
1638
1637
1638
1636
1636
1638
1636
1631
1632
1631
1636
1634
1635
1631
1635
1631
1634
1630
1629
1625
1630
1629
1627
1627
1624
1621
1621
1617
1618
1617
1622
1622
1625
1622
1627
1629
1628
1624
1631
1624
1627
1627
1628
1627
1629
1631
1630
1631
1630
1630
1624
1625
1624
1627
1624
1627
1623
1627
1627
1630
1622
1611
1582
1540
1494
1442
1378
1326
1285
1261
1300
1361
1441
1501
1551
1584
1606
1628
1638
1645
1654
1657
1662
1667
1668
1668
1669
1672
1673
1673
1673
1676
1673
1677
1677
1679
1675
1674
1676
1680
1675
1683
1686
1685
1687
1693
1689
1688
1685
1690
1689
1688
1687
1688
1687
1688
1688
1687
1682
1687
1682
1677
1676
1669
1662
1662
1656
1656
1654
1645
1643
1642
1641
1632
1631
1623
1625
1627
1628
1623
1624
1621
1627
1624
1624
1619
1628
1625
1629
1624
1628
1630
1630
1630
1631
1631
1627
1631
1627
1631
1630
1629
1627
1634
1631
1632
1629
1631
1632
1636
1638
1635
1637
1636
1641
1637
1643
1641
1643
1643
1641
1643
1643
1643
1641
1640
1643
1643
1645
1642
1641
1643
1643
1644
1638
1642
1640
1642
1643
1641
1638
1640
1636
1638
1640
1636
1641
1638
1641
1640
1638
1635
1631
1631
1631
1632
1631
1631
1636
1638
1631
1631
1627
1630
1625
1631
1630
1631
1635
1636
1640
1638
1640
1638
1636
1631
1636
1636
1637
1636
1641
1640
1640
1643
1640
1640
1638
1636
1641
1636
1638
1636
1640
1636
1641
1634
1630
1605
1588
1541
1479
1424
1347
1302
1275
1268
1309
1390
1467
1535
1577
1603
1622
1641
1653
1662
1667
1668
1674
1679
1681
1680
1679
1673
1677
1681
1686
1680
1683
1683
1689
1689
1688
1688
1687
1687
1686
1688
1693
1695
1694
1696
1694
1698
1698
1696
1698
1696
1698
1696
1696
1694
1695
1693
1694
1686
1685
1682
1676
1674
1673
1663
1662
1660
1653
1651
1645
1643
1635
1635
1631
1632
1630
1629
1629
1631
1631
1631
1634
1631
1630
1631
1631
1631
1631
1631
1635
1634
1634
1632
1636
1634
1635
1636
1631
1631
1632
1638
1635
1642
1636
1642
1640
1641
1641
1638
1634
1637
1641
1637
1643
1641
1643
1640
1637
1641
1643
1641
1643
1642
1645
1645
1645
1642
1643
1642
1645
1642
1640
1638
1640
1643
1640
1641
1638
1641
1636
1632
1636
1631
1635
1635
1641
1635
1635
1635
1640
1640
1637
1636
1637
1636
1634
1637
1636
1635
1631
1631
1631
1636
1631
1631
1632
1634
1635
1634
1630
1630
1635
1632
1631
1630
1627
1627
1627
1625
1627
1624
1627
1629
1630
1631
1630
1631
1630
1631
1630
1631
1630
1628
1627
1632
1634
1635
1635
1631
1629
1628
1634
1632
1635
1634
1635
1635
1631
1624
1627
1624
1619
1602
1556
1521
1483
1422
1371
1312
1270
1262
1319
1388
1463
1526
1563
1593
1619
1635
1644
1655
1656
1662
1667
1668
1672
1672
1669
1674
1679
1679
1677
1679
1675
1676
1681
1679
1679
1677
1683
1685
1687
1683
1688
1688
1688
1685
1687
1689
1688
1689
1694
1692
1687
1687
1690
1690
1690
1683
1687
1686
1680
1679
1679
1670
1670
1669
1663
1660
1656
1650
1642
1642
1637
1635
1635
1629
1634
1625
1629
1625
1627
1627
1628
1630
1631
1631
1630
1629
1622
1619
1619
1621
1623
1627
1627
1631
1631
1628
1629
1631
1631
1630
1630
1636
1631
1632
1636
1638
1635
1635
1635
1635
1631
1631
1635
1636
1640
1641
1643
1638
1640
1640
1641
1642
1641
1644
1648
1648
1645
1645
1643
1642
1643
1641
1643
1640
1640
1636
1640
1632
1636
1636
1638
1637
1642
1640
1636
1635
1637
1642
1638
1640
1632
1631
1629
1631
1630
1630
1629
1630
1625
1630
1628
1625
1623
1623
1622
1629
1625
1625
1623
1631
1627
1630
1627
1628
1630
1632
1634
1631
1630
1627
1630
1627
1628
1625
1627
1625
1630
1631
1635
1631
1631
1631
1635
1630
1629
1625
1617
1598
1570
1532
1487
1416
1347
1314
1288
1275
1322
1393
1466
1521
1559
1586
1610
1629
1642
1655
1656
1662
1666
1664
1668
1670
1668
1668
1669
1674
1679
1679
1673
1674
1677
1674
1676
1677
1677
1679
1685
1681
1679
1683
1683
1682
1682
1685
1688
1688
1688
1693
1690
1687
1687
1682
1686
1683
1682
1679
1680
1674
1673
1673
1667
1661
1660
1654
1655
1650
1641
1641
1635
1635
1631
1630
1622
1625
1621
1624
1622
1627
1618
1623
1622
1629
1622
1625
1627
1631
1629
1632
1630
1630
1625
1624
1629
1627
1629
1623
1629
1627
1631
1627
1631
1627
1635
1624
1635
1632
1635
1636
1638
1636
1635
1636
1631
1636
1636
1641
1641
1642
1642
1644
1644
1640
1645
1638
1641
1638
1641
1640
1640
1642
1640
1645
1641
1641
1641
1635
1636
1640
1637
1635
1638
1632
1638
1631
1636
1635
1638
1635
1635
1634
1628
1624
1627
1623
1625
1625
1627
1631
1635
1635
1635
1635
1632
1631
1631
1637
1632
1631
1635
1636
1635
1634
1636
1636
1635
1636
1631
1630
1636
1631
1635
1636
1636
1630
1630
1624
1614
1585
1586
1541
1469
1408
1345
1312
1267
1276
1340
1422
1501
1551
1582
1611
1629
1642
1655
1660
1663
1668
1672
1668
1673
1676
1673
1674
1673
1674
1675
1676
1676
1679
1683
1682
1683
1683
1686
1685
1690
1686
1688
1687
1692
1695
1696
1698
1700
1693
1693
1694
1692
1693
1692
1693
1694
1689
1683
1687
1683
1683
1681
1674
1670
1663
1657
1659
1655
1645
1641
1641
1636
1636
1631
1628
1625
1628
1624
1627
1622
1623
1629
1630
1631
1630
1629
1628
1628
1631
1634
1630
1631
1630
1630
1631
1630
1630
1630
1628
1630
1631
1634
1634
1634
1636
1638
1636
1636
1637
1636
1638
1637
1635
1634
1636
1640
1641
1643
1638
1640
1640
1638
1642
1640
1642
1636
1643
1641
1641
1635
1637
1641
1637
1638
1635
1636
1632
1638
1634
1634
1627
1631
1625
1627
1625
1629
1625
1621
1623
1624
1617
1622
1621
1622
1623
1627
1627
1624
1628
1624
1630
1629
1631
1630
1631
1631
1632
1630
1630
1627
1630
1630
1631
1627
1631
1627
1631
1631
1629
1627
1627
1622
1619
1612
1589
1548
1502
1460
1390
1314
1259
1247
1259
1326
1403
1487
1535
1574
1605
1622
1632
1649
1651
1657
1659
1660
1667
1669
1668
1669
1673
1672
1670
1669
1672
1670
1677
1677
1680
1680
1679
1683
1683
1673
1683
1685
1686
1686
1687
1692
1688
1688
1688
1692
1689
1687
1687
1693
1692
1687
1683
1683
1679
1681
1677
1669
1668
1663
1662
1655
1651
1650
1643
1641
1636
1636
1630
1627
1623
1623
1622
1624
1623
1625
1627
1634
1630
1630
1630
1630
1629
1630
1627
1628
1627
1628
1630
1629
1631
1629
1628
1629
1631
1627
1631
1629
1630
1630
1635
1634
1634
1631
1635
1635
1635
1631
1634
1636
1636
1642
1631
1686
1668
1660
1654
1651
1649
1643
1645
1643
1643
1642
1640
1635
1635
1635
1632
1631
1630
1629
1629
1634
1634
1636
1632
1636
1638
1634
1631
1634
1635
1634
1635
1634
1631
1630
1634
1634
1640
1638
1638
1640
1638
1640
1638
1636
1632
1634
1635
1638
1631
1632
1631
1624
1599
1565
1513
1461
1414
1360
1320
1270
1268
1326
1401
1477
1535
1573
1598
1622
1636
1648
1650
1655
1668
1668
1669
1668
1668
1668
1679
1677
1679
1677
1677
1676
1679
1681
1677
1677
1679
1680
1682
1686
1687
1682
1681
1687
1688
1685
1685
1687
1688
1692
1692
1693
1692
1692
1688
1687
1688
1686
1681
1677
1677
1673
1664
1662
1656
1655
1650
1649
1645
1640
1641
1634
1630
1628
1629
1624
1627
1627
1627
1622
1622
1622
1627
1629
1629
1627
1631
1627
1630
1627
1627
1625
1629
1630
1631
1628
1629
1625
1629
1631
1632
1630
1624
1629
1630
1631
1631
1635
1631
1632
1636
1640
1640
1635
1640
1640
1641
1637
1641
1636
1638
1645
1641
1643
1643
1643
1642
1643
1642
1643
1643
1641
1641
1643
1641
1636
1636
1636
1636
1640
1631
1634
1625
1629
1625
1624
1622
1627
1627
1630
1631
1631
1630
1632
1631
1634
1635
1630
1629
1630
1631
1634
1631
1630
1631
1631
1631
1635
1631
1632
1635
1638
1632
1635
1631
1636
1634
1631
1627
1619
1589
1547
1512
1463
1395
1347
1295
1282
1290
1359
1427
1492
1546
1579
1604
1622
1634
1645
1655
1662
1666
1672
1674
1674
1674
1674
1670
1674
1674
1675
1679
1679
1681
1685
1681
1681
1686
1683
1683
1686
1688
1692
1688
1687
1692
1688
1692
1695
1695
1696
1693
1693
1698
1694
1693
1692
1694
1689
1688
1686
1683
1675
1669
1668
1664
1660
1655
1660
1650
1650
1645
1641
1631
1631
1631
1631
1625
1624
1627
1630
1634
1634
1631
1634
1634
1631
1632
1629
1631
1634
1632
1634
1637
1632
1632
1631
1632
1632
1631
1631
1632
1635
1634
1636
1634
1636
1635
1641
1641
1643
1641
1643
1645
1643
1643
1643
1648
1643
1645
1648
1647
1647
1645
1650
1651
1653
1649
1645
1649
1650
1651
1650
1647
1644
1645
1645
1642
1647
1645
1648
1642
1641
1641
1638
1638
1637
1638
1637
1636
1630
1630
1629
1634
1636
1632
1635
1637
1637
1635
1636
1632
1635
1635
1636
1634
1634
1631
1636
1640
1640
1635
1635
1635
1631
1635
1630
1632
1630
1631
1630
1634
1628
1631
1627
1625
1606
1583
1541
1485
1429
1365
1321
1270
1264
1281
1358
1431
1506
1547
1579
1604
1622
1640
1645
1650
1655
1660
1663
1668
1669
1664
1669
1670
1673
1674
1674
1673
1679
1677
1677
1681
1679
1679
1682
1686
1685
1688
1687
1687
1687
1692
1692
1690
1693
1693
1695
1692
1688
1689
1694
1689
1688
1693
1688
1683
1683
1680
1677
1673
1663
1662
1661
1659
1653
1649
1643
1641
1635
1632
1629
1627
1629
1630
1625
1629
1625
1630
1630
1635
1636
1635
1630
1630
1632
1634
1635
1635
1634
1631
1635
1635
1634
1631
1636
1641
1640
1638
1638
1640
1636
1637
1642
1641
1642
1641
1645
1647
1647
1648
1645
1643
1644
1644
1643
1643
1650
1649
1651
1645
1644
1649
1649
1650
1648
1654
1653
1650
1654
1649
1648
1645
1648
1643
1643
1643
1648
1644
1643
1642
1641
1636
1635
1631
1631
1630
1635
1640
1642
1640
1641
1643
1641
1641
1642
1642
1641
1644
1643
1643
1641
1642
1645
1647
1644
1642
1644
1643
1647
1642
1643
1641
1642
1644
1648
1645
1640
1630
1610
1603
1577
1526
1487
1428
1370
1318
1272
1253
1285
1361
1449
1525
1570
1598
1621
1642
1659
1663
1669
1676
1681
1680
1680
1681
1685
1681
1683
1687
1689
1688
1688
1688
1688
1692
1695
1696
1695
1693
1698
1696
1696
1698
1698
1699
1701
1700
1705
1705
1701
1702
1708
1702
1698
1699
1698
1696
1693
1693
1693
1688
1685
1683
1677
1673
1664
1661
1655
1649
1645
1640
1638
1635
1631
1627
1627
1627
1630
1624
1625
1625
1630
1624
1627
1623
1627
1624
1627
1627
1631
1627
1629
1627
1627
1627
1627
1628
1625
1630
1627
1630
1625
1635
1634
1636
1630
1640
1635
1635
1632
1635
1638
1637
1636
1635
1641
1636
1644
1643
1645
1645
1644
1643
1643
1636
1640
1640
1643
1640
1643
1641
1642
1641
1641
1642
1635
1632
1636
1641
1634
1641
1636
1636
1631
1632
1630
1622
1622
1625
1624
1628
1631
1631
1634
1630
1632
1629
1630
1631
1636
1636
1640
1640
1640
1641
1636
1637
1634
1635
1631
1640
1636
1636
1641
1636
1638
1638
1640
1638
1638
1634
1630
1622
1598
1564
1508
1456
1397
1352
1289
1264
1262
1335
1408
1488
1540
1574
1604
1627
1643
1654
1660
1663
1668
1672
1674
1675
1676
1679
1677
1680
1677
1677
1680
1681
1677
1681
1685
1679
1681
1685
1688
1688
1693
1693
1694
1688
1690
1692
1690
1689
1693
1696
1698
1698
1696
1700
1698
1692
1693
1692
1680
1681
1685
1680
1673
1670
1664
1662
1660
1659
1653
1647
1649
1643
1641
1632
1634
1627
1629
1634
1635
1627
1631
1631
1634
1636
1635
1632
1635
1636
1637
1640
1640
1640
1636
1637
1638
1640
1638
1636
1636
1635
1638
1636
1640
1638
1643
1640
1640
1636
1638
1641
1643
1644
1645
1647
1644
1649
1627
1640
1643
1642
1648
1650
1649
1650
1650
1650
1650
1650
1649
1650
1650
1650
1653
1653
1649
1648
1644
1644
1643
1644
1645
1645
1647
1645
1649
1641
1641
1638
1640
1641
1640
1643
1638
1645
1643
1645
1641
1642
1644
1642
1641
1638
1640
1636
1638
1641
1641
1641
1641
1638
1637
1640
1636
1636
1630
1635
1635
1638
1632
1636
1631
1631
1631
1631
1630
1630
1629
1631
1640
1636
1637
1637
1636
1634
1636
1631
1635
1632
1634
1636
1637
1636
1637
1638
1638
1637
1636
1636
1631
1632
1635
1636
1636
1632
1631
1623
1602
1573
1539
1485
1423
1366
1316
1285
1283
1324
1390
1460
1526
1567
1595
1619
1641
1650
1655
1663
1664
1669
1669
1670
1673
1673
1672
1677
1679
1674
1679
1683
1679
1681
1683
1682
1683
1683
1685
1687
1685
1683
1685
1683
1689
1689
1693
1688
1688
1688
1693
1693
1690
1692
1693
1692
1693
1690
1692
1683
1685
1681
1677
1674
1669
1664
1662
1655
1653
1649
1645
1645
1642
1642
1634
1631
1628
1630
1627
1627
1627
1631
1629
1631
1629
1630
1629
1632
1635
1631
1631
1630
1631
1630
1631
1631
1631
1627
1631
1631
1635
1632
1631
1636
1636
1636
1635
1636
1634
1636
1638
1640
1637
1637
1640
1638
1641
1644
1645
1643
1645
1650
1647
1649
1644
1645
1649
1650
1654
1654
1651
1650
1649
1651
1644
1645
1649
1649
1645
1643
1648
1641
1641
1643
1648
1641
1645
1645
1643
1642
1642
1645
1641
1640
1641
1640
1645
1641
1647
1645
1643
1641
1638
1636
1632
1641
1637
1647
1641
1645
1645
1645
1643
1645
1643
1640
1638
1640
1642
1637
1636
1641
1641
1644
1643
1644
1640
1640
1641
1641
1641
1641
1643
1641
1641
1641
1640
1638
1641
1641
1624
1631
1632
1636
1636
1641
1641
1641
1643
1642
1641
1640
1641
1641
1640
1640
1645
1643
1642
1642
1642
1641
1645
1645
1638
1641
1640
1641
1641
1641
1641
1641
1641
1641
1645
1643
1640
1637
1640
1640
1635
1638
1634
1635
1636
1638
1640
1641
1636
1642
1641
1641
1643
1644
1645
1640
1645
1641
1640
1635
1640
1643
1644
1648
1644
1645
1640
1643
1641
1640
1635
1635
1631
1619
1584
1541
1496
1438
1366
1313
1261
1245
1275
1351
1436
1511
1559
1598
1622
1642
1659
1663
1668
1677
1677
1679
1679
1686
1687
1687
1688
1690
1687
1683
1689
1693
1689
1687
1694
1695
1695
1693
1698
1698
1694
1693
1700
1698
1696
1700
1700
1700
1705
1702
1702
1700
1700
1700
1696
1701
1695
1694
1694
1695
1693
1687
1681
1679
1675
1669
1668
1659
1659
1657
1654
1650
1647
1642
1636
1640
1632
1635
1631
1631
1631
1635
1635
1636
1632
1631
1635
1636
1635
1635
1632
1638
1641
1640
1635
1640
1635
1636
1635
1641
1637
1640
1637
1642
1641
1641
1642
1640
1645
1643
1645
1645
1643
1640
1643
1645
1644
1645
1649
1649
1650
1651
1649
1649
1645
1647
1645
1650
1649
1650
1649
1648
1649
1645
1645
1645
1648
1645
1648
1645
1645
1645
1645
1642
1645
1640
1643
1643
1644
1645
1641
1640
1640
1640
1634
1632
1630
1627
1629
1636
1636
1644
1643
1641
1641
1641
1638
1636
1637
1638
1641
1641
1641
1645
1643
1645
1644
1642
1638
1641
1641
1641
1641
1640
1641
1641
1643
1642
1640
1631
1610
1577
1538
1492
1422
1363
1306
1277
1269
1309
1383
1468
1537
1578
1610
1627
1644
1657
1668
1669
1676
1681
1686
1681
1686
1688
1687
1683
1686
1686
1687
1690
1688
1690
1693
1692
1692
1660
1674
1687
1692
1695
1694
1695
1698
1698
1698
1696
1700
1696
1696
1698
1702
1701
1700
1700
1699
1698
1693
1693
1688
1683
1680
1681
1679
1669
1664
1659
1657
1650
1649
1645
1645
1645
1645
1647
1641
1641
1640
1641
1640
1640
1638
1640
1640
1641
1643
1643
1643
1641
1643
1645
1643
1640
1636
1641
1638
1642
1641
1641
1643
1648
1647
1648
1648
1645
1645
1641
1643
1647
1643
1650
1648
1648
1650
1643
1649
1645
1648
1649
1649
1649
1647
1650
1650
1649
1645
1645
1645
1645
1649
1645
1643
1641
1643
1645
1643
1645
1641
1641
1640
1640
1640
1642
1641
1642
1645
1640
1638
1634
1635
1629
1629
1627
1630
1630
1630
1636
1632
1635
1634
1631
1630
1632
1634
1632
1641
1636
1636
1634
1637
1635
1641
1637
1641
1641
1637
1632
1640
1641
1636
1636
1635
1635
1635
1637
1622
1599
1563
1530
1470
1405
1343
1299
1272
1279
1333
1403
1481
1539
1579
1609
1624
1641
1650
1660
1666
1675
1669
1669
1677
1673
1673
1675
1675
1679
1683
1685
1681
1681
1681
1680
1680
1683
1687
1688
1682
1688
1690
1688
1683
1692
1690
1689
1693
1698
1692
1688
1688
1696
1692
1689
1692
1689
1688
1687
1687
1681
1676
1675
1669
1668
1664
1660
1654
1649
1642
1642
1638
1637
1634
1634
1632
1630
1627
1631
1629
1631
1630
1630
1627
1632
1631
1634
1635
1631
1634
1628
1632
1627
1629
1629
1631
1630
1636
1634
1635
1631
1638
1638
1635
1635
1634
1632
1635
1640
1636
1641
1638
1641
1638
1640
1640
1640
1643
1638
1644
1643
1643
1645
1643
1649
1648
1648
1641
1645
1640
1641
1642
1641
1644
1643
1645
1641
1643
1641
1642
1642
1641
1645
1640
1641
1638
1640
1640
1641
1699
1677
1663
1655
1650
1642
1641
1635
1640
1632
1634
1625
1627
1619
1624
1624
1631
1624
1631
1631
1636
1634
1630
1635
1632
1634
1631
1635
1634
1631
1631
1635
1631
1630
1631
1631
1630
1634
1634
1635
1631
1631
1632
1635
1634
1622
1599
1563
1530
1469
1388
1347
1308
1277
1285
1356
1408
1480
1535
1573
1598
1618
1631
1643
1657
1662
1663
1668
1666
1668
1672
1669
1679
1674
1672
1669
1677
1674
1674
1669
1669
1674
1675
1677
1676
1681
1681
1681
1681
1677
1682
1683
1683
1682
1683
1683
1683
1685
1686
1683
1682
1680
1682
1679
1679
1679
1673
1669
1668
1662
1663
1655
1649
1645
1644
1641
1637
1631
1627
1625
1624
1622
1618
1621
1621
1622
1619
1621
1618
1622
1618
1622
1624
1622
1621
1623
1627
1627
1622
1622
1624
1623
1624
1627
1624
1627
1625
1630
1627
1623
1621
1624
1623
1628
1627
1630
1627
1631
1631
1634
1631
1634
1632
1631
1634
1631
1638
1631
1635
1635
1636
1635
1634
1634
1638
1642
1638
1641
1632
1636
1635
1636
1631
1631
1631
1635
1634
1632
1630
1629
1624
1621
1619
1621
1617
1617
1621
1622
1622
1623
1624
1623
1624
1625
1627
1625
1625
1627
1629
1625
1630
1622
1627
1625
1629
1628
1627
1625
1628
1624
1624
1625
1624
1623
1624
1619
1614
1585
1548
1498
1454
1399
1338
1298
1259
1286
1353
1425
1492
1541
1574
1601
1622
1631
1643
1649
1653
1666
1663
1666
1663
1664
1666
1672
1668
1668
1664
1669
1673
1674
1676
1674
1672
1673
1679
1679
1675
1680
1683
1680
1680
1683
1686
1680
1687
1688
1689
1687
1687
1689
1686
1686
1687
1682
1679
1681
1679
1677
1677
1667
1667
1662
1659
1654
1650
1650
1641
1642
1638
1631
1664
1677
1651
1647
1638
1634
1627
1629
1627
1631
1622
1622
1621
1624
1622
1627
1622
1630
1623
1627
1622
1625
1621
1627
1627
1627
1623
1627
1623
1625
1630
1629
1630
1630
1628
1628
1629
1627
1630
1627
1630
1629
1634
1632
1635
1635
1640
1634
1635
1632
1636
1638
1638
1641
1635
1631
1635
1635
1635
1636
1635
1636
1630
1634
1631
1631
1630
1631
1624
1627
1623
1622
1619
1622
1619
1624
1627
1625
1624
1627
1627
1627
1625
1625
1624
1625
1623
1627
1624
1627
1630
1627
1631
1631
1630
1627
1631
1629
1631
1630
1629
1624
1631
1625
1630
1621
1618
1603
1572
1527
1480
1411
1357
1301
1270
1254
1294
1365
1445
1515
1559
1591
1612
1629
1641
1650
1656
1656
1657
1664
1662
1666
1668
1668
1668
1677
1674
1675
1674
1673
1674
1677
1675
1674
1674
1679
1674
1675
1681
1681
1680
1683
1686
1681
1687
1687
1683
1686
1688
1687
1687
1683
1688
1685
1687
1680
1679
1673
1673
1669
1664
1662
1654
1657
1649
1649
1643
1636
1631
1628
1629
1629
1624
1622
1619
1621
1622
1621
1621
1621
1619
1621
1624
1623
1622
1623
1624
1621
1615
1621
1621
1619
1622
1624
1627
1622
1625
1622
1625
1627
1627
1625
1627
1629
1624
1627
1629
1625
1627
1629
1631
1629
1630
1631
1635
1636
1636
1636
1631
1634
1631
1636
1631
1632
1631
1635
1635
1636
1635
1631
1630
1632
1635
1631
1631
1631
1631
1625
1629
1619
1618
1616
1622
1622
1627
1623
1627
1627
1624
1624
1627
1625
1627
1625
1627
1630
1627
1623
1627
1621
1624
1624
1625
1625
1624
1625
1629
1623
1624
1624
1627
1622
1621
1627
1610
1585
1554
1507
1454
1380
1322
1292
1247
1253
1301
1378
1461
1520
1556
1583
1601
1610
1623
1636
1641
1644
1650
1650
1655
1657
1657
1660
1659
1659
1660
1657
1660
1662
1660
1659
1660
1663
1664
1664
1670
1672
1669
1669
1673
1672
1672
1672
1675
1675
1676
1676
1674
1679
1675
1676
1674
1674
1672
1669
1668
1664
1660
1659
1651
1647
1644
1641
1638
1631
1630
1627
1627
1622
1621
1612
1612
1608
1612
1612
1612
1612
1612
1616
1616
1621
1615
1616
1616
1621
1615
1617
1616
1618
1616
1622
1619
1621
1617
1617
1621
1621
1617
1617
1619
1621
1621
1622
1623
1625
1627
1628
1631
1631
1624
1625
1630
1625
1628
1630
1630
1630
1627
1630
1631
1629
1628
1631
1630
1635
1631
1631
1630
1630
1627
1625
1622
1619
1619
1621
1623
1621
1622
1621
1621
1621
1621
1617
1619
1622
1621
1623
1622
1623
1623
1624
1623
1624
1622
1623
1621
1622
1624
1622
1621
1621
1622
1619
1627
1621
1622
1623
1611
1589
1556
1502
1442
1384
1327
1283
1256
1263
1332
1403
1479
1532
1567
1593
1611
1630
1637
1643
1645
1649
1655
1659
1659
1660
1660
1660
1664
1668
1669
1664
1659
1662
1663
1662
1667
1667
1664
1668
1674
1674
1670
1669
1670
1677
1677
1677
1675
1681
1681
1679
1681
1680
1677
1677
1677
1674
1672
1669
1673
1669
1664
1662
1657
1650
1649
1642
1642
1634
1630
1624
1629
1622
1623
1617
1619
1618
1621
1621
1619
1614
1617
1616
1617
1617
1616
1616
1618
1622
1623
1621
1621
1621
1621
1617
1618
1621
1618
1618
1617
1622
1622
1622
1618
1623
1624
1622
1622
1631
1623
1622
1624
1627
1624
1629
1631
1630
1630
1631
1634
1630
1632
1636
1640
1631
1631
1632
1635
1636
1635
1636
1635
1640
1636
1636
1625
1630
1627
1631
1629
1632
1631
1631
1627
1621
1682
1662
1643
1638
1631
1631
1627
1630
1623
1628
1627
1629
1623
1627
1624
1629
1624
1622
1622
1624
1624
1627
1627
1627
1623
1625
1629
1628
1624
1624
1627
1629
1622
1622
1615
1605
1582
1539
1508
1442
1388
1335
1307
1285
1295
1356
1419
1486
1539
1573
1601
1614
1630
1636
1643
1651
1656
1662
1667
1668
1669
1667
1660
1668
1666
1666
1668
1668
1668
1674
1673
1676
1675
1672
1673
1675
1677
1677
1679
1683
1677
1674
1681
1679
1677
1676
1679
1679
1683
1683
1679
1679
1675
1677
1676
1667
1662
1660
1657
1657
1654
1651
1650
1643
1640
1634
1630
1624
1622
1622
1621
1618
1616
1618
1615
1619
1619
1621
1615
1615
1614
1621
1617
1621
1621
1622
1621
1627
1625
1624
1627
1630
1630
1624
1624
1625
1623
1623
1624
1625
1624
1625
1627
1629
1628
1624
1627
1628
1629
1627
1634
1627
1629
1627
1631
1632
1631
1631
1637
1638
1636
1638
1635
1632
1630
1632
1629
1629
1627
1631
1630
1627
1624
1625
1622
1611
1584
1551
1508
1460
1395
1343
1312
1285
1295
1359
1423
1485
1532
1564
1589
1608
1625
1636
1641
1644
1650
1650
1657
1660
1660
1662
1664
1668
1669
1669
1668
1668
1668
1664
1673
1670
1673
1673
1677
1677
1677
1680
1681
1681
1685
1682
1681
1683
1680
1683
1686
1689
1683
1686
1686
1683
1687
1681
1674
1669
1670
1668
1659
1661
1657
1655
1650
1648
1643
1638
1631
1630
1628
1627
1625
1624
1630
1625
1630
1627
1623
1622
1624
1625
1624
1627
1624
1627
1630
1630
1634
1629
1625
1630
1630
1631
1634
1630
1631
1634
1635
1634
1635
1636
1634
1637
1635
1637
1635
1636
1636
1637
1631
1635
1636
1636
1641
1642
1641
1640
1641
1636
1641
1622
1606
1621
1629
1634
1632
1640
1635
1636
1635
1636
1640
1643
1638
1636
1635
1631
1634
1630
1631
1631
1636
1635
1640
1635
1636
1632
1635
1632
1631
1630
1635
1634
1627
1632
1636
1631
1631
1630
1629
1631
1630
1632
1635
1638
1635
1635
1632
1636
1637
1635
1634
1631
1630
1631
1634
1630
1634
1632
1631
1629
1630
1623
1624
1622
1629
1630
1631
1627
1630
1627
1627
1625
1630
1628
1631
1631
1632
1635
1631
1631
1625
1631
1631
1634
1630
1632
1634
1635
1631
1631
1629
1632
1630
1635
1629
1627
1610
1586
1544
1500
1441
1371
1321
1267
1250
1281
1352
1427
1508
1554
1589
1609
1624
1643
1655
1659
1664
1668
1669
1672
1674
1674
1675
1681
1679
1680
1681
1681
1679
1680
1681
1681
1681
1679
1679
1681
1687
1688
1689
1689
1692
1687
1688
1688
1693
1688
1688
1692
1692
1688
1690
1689
1692
1687
1683
1681
1682
1673
1673
1667
1664
1663
1662
1660
1655
1655
1650
1643
1641
1636
1636
1630
1625
1623
1624
1622
1624
1627
1627
1625
1631
1627
1629
1630
1630
1631
1631
1632
1630
1630
1627
1630
1630
1632
1630
1630
1634
1634
1634
1634
1631
1630
1632
1632
1635
1629
1635
1636
1638
1640
1636
1640
1638
1636
1640
1641
1640
1640
1644
1641
1643
1640
1643
1641
1641
1641
1640
1638
1636
1641
1635
1641
1635
1635
1636
1637
1635
1635
1636
1634
1630
1630
1631
1629
1627
1623
1623
1619
1624
1622
1624
1625
1629
1627
1629
1627
1627
1629
1631
1630
1628
1627
1630
1634
1632
1631
1634
1631
1631
1631
1629
1628
1625
1625
1627
1631
1628
1630
1631
1631
1628
1615
1586
1541
1492
1450
1385
1325
1283
1270
1275
1343
1418
1490
1540
1573
1603
1622
1640
1650
1635
1667
1672
1668
1669
1669
1668
1673
1677
1679
1677
1679
1673
1674
1677
1675
1677
1679
1679
1681
1681
1677
1679
1683
1687
1683
1686
1688
1687
1683
1688
1693
1687
1687
1688
1688
1688
1687
1686
1681
1681
1683
1681
1674
1668
1664
1664
1659
1655
1650
1648
1643
1640
1640
1635
1631
1627
1632
1624
1624
1624
1627
1624
1629
1627
1630
1624
1627
1631
1640
1634
1635
1632
1630
1629
1629
1624
1625
1627
1631
1631
1630
1629
1629
1630
1629
1631
1628
1631
1628
1636
1632
1638
1635
1640
1636
1636
1637
1637
1641
1640
1645
1641
1640
1641
1642
1644
1641
1641
1636
1640
1636
1641
1640
1638
1638
1634
1638
1636
1640
1632
1635
1625
1628
1625
1625
1622
1625
1623
1628
1629
1624
1624
1627
1624
1631
1630
1625
1628
1631
1631
1630
1629
1629
1630
1629
1631
1630
1627
1623
1628
1625
1630
1627
1630
1624
1629
1624
1624
1619
1606
1578
1544
1489
1434
1370
1318
1279
1279
1302
1376
1447
1508
1554
1589
1609
1627
1634
1642
1650
1651
1659
1662
1661
1668
1669
1668
1668
1670
1667
1668
1672
1669
1674
1669
1668
1669
1673
1670
1673
1675
1677
1681
1683
1679
1676
1680
1680
1680
1680
1683
1687
1686
1682
1683
1682
1681
1679
1675
1675
1674
1673
1667
1664
1660
1655
1650
1649
1642
1642
1635
1635
1629
1625
1624
1625
1622
1622
1619
1621
1623
1623
1619
1623
1622
1623
1624
1624
1623
1623
1624
1628
1627
1627
1622
1629
1628
1628
1627
1629
1627
1627
1628
1631
1630
1627
1627
1628
1631
1631
1634
1629
1636
1635
1641
1637
1642
1640
1641
1642
1644
1638
1638
1641
1640
1643
1645
1643
1641
1642
1645
1641
1641
1632
1640
1636
1637
1635
1631
1638
1641
1641
1641
1640
1636
1638
1636
1636
1635
1632
1630
1631
1630
1631
1631
1628
1624
1625
1621
1623
1622
1622
1624
1630
1630
1630
1627
1629
1629
1630
1634
1636
1634
1631
1635
1635
1635
1631
1630
1630
1631
1631
1632
1631
1630
1630
1638
1632
1631
1625
1627
1621
1602
1571
1525
1468
1423
1365
1321
1280
1289
1324
1392
1468
1521
1563
1593
1616
1635
1642
1653
1654
1661
1664
1666
1670
1670
1669
1669
1675
1672
1673
1670
1673
1674
1674
1675
1676
1674
1680
1679
1681
1679
1682
1683
1689
1687
1683
1685
1680
1685
1683
1688
1690
1688
1688
1689
1690
1683
1683
1683
1676
1676
1669
1667
1668
1664
1666
1660
1656
1650
1643
1640
1636
1634
1631
1629
1624
1624
1621
1624
1622
1623
1622
1624
1625
1631
1625
1627
1627
1627
1630
1630
1625
1625
1627
1625
1629
1629
1627
1629
1631
1627
1631
1629
1631
1634
1631
1634
1635
1631
1631
1635
1636
1638
1636
1640
1638
1640
1640
1641
1641
1641
1642
1648
1643
1644
1644
1645
1642
1644
1641
1640
1638
1638
1642
1641
1643
1641
1647
1644
1642
1636
1631
1630
1638
1641
1636
1636
1631
1630
1624
1625
1623
1618
1623
1631
1630
1636
1636
1631
1634
1634
1635
1627
1636
1629
1634
1634
1638
1635
1635
1638
1636
1638
1634
1636
1632
1635
1631
1635
1631
1632
1630
1634
1630
1630
1608
1586
1546
1499
1436
1369
1319
1275
1263
1294
1367
1449
1521
1563
1592
1621
1637
1642
1655
1661
1669
1675
1670
1672
1674
1681
1681
1679
1674
1677
1681
1683
1683
1683
1686
1685
1683
1685
1692
1687
1686
1687
1696
1694
1692
1693
1698
1698
1693
1694
1696
1695
1693
1693
1696
1693
1688
1692
1687
1682
1682
1681
1687
1711
1693
1683
1672
1662
1660
1650
1648
1644
1642
1638
1637
1635
1635
1636
1630
1631
1627
1630
1630
1632
1631
1638
1637
1640
1638
1636
1636
1640
1638
1637
1636
1632
1636
1638
1638
1637
1636
1638
1641
1645
1645
1643
1641
1643
1641
1643
1643
1642
1644
1645
1650
1651
1654
1650
1649
1650
1649
1650
1648
1645
1650
1649
1650
1643
1645
1648
1645
1642
1641
1641
1640
1645
1642
1643
1634
1628
1629
1631
1631
1631
1636
1635
1638
1640
1640
1634
1631
1631
1631
1636
1640
1640
1635
1638
1638
1642
1635
1638
1638
1640
1637
1635
1638
1636
1636
1635
1640
1635
1635
1634
1631
1627
1623
1597
1556
1521
1480
1416
1346
1292
1272
1283
1347
1416
1488
1541
1580
1603
1627
1643
1647
1653
1655
1660
1666
1669
1670
1673
1672
1673
1677
1675
1676
1676
1679
1675
1675
1677
1679
1680
1682
1683
1687
1688
1687
1687
1682
1688
1688
1686
1683
1692
1692
1692
1692
1696
1693
1689
1687
1683
1681
1677
1677
1676
1670
1664
1661
1659
1655
1649
1645
1641
1641
1637
1636
1627
1630
1627
1629
1624
1622
1622
1623
1624
1624
1625
1624
1622
1622
1624
1624
1622
1623
1623
1625
1624
1627
1625
1627
1627
1631
1632
1629
1630
1628
1624
1625
1631
1629
1631
1630
1636
1636
1632
1631
1635
1636
1634
1637
1636
1636
1632
1640
1641
1638
1638
1637
1641
1635
1640
1638
1641
1636
1640
1640
1636
1636
1630
1627
1627
1627
1627
1627
1629
1632
1634
1637
1631
1632
1631
1635
1634
1631
1632
1631
1634
1636
1637
1635
1634
1631
1634
1631
1629
1631
1636
1636
1636
1636
1634
1631
1631
1631
1628
1623
1606
1564
1531
1483
1421
1351
1300
1280
1270
1328
1395
1468
1528
1567
1540
1574
1605
1625
1637
1651
1662
1660
1666
1664
1672
1669
1669
1670
1674
1677
1679
1679
1673
1670
1679
1679
1679
1680
1681
1682
1686
1690
1690
1688
1687
1687
1690
1689
1689
1689
1688
1689
1690
1688
1688
1687
1692
1688
1685
1683
1679
1675
1673
1668
1667
1660
1653
1648
1650
1645
1643
1640
1640
1632
1628
1630
1629
1627
1624
1624
1627
1627
1623
1627
1625
1629
1627
1630
1629
1630
1627
1628
1629
1624
1622
1627
1627
1628
1628
1629
1629
1630
1631
1628
1631
1629
1631
1630
1636
1631
1631
1634
1636
1638
1640
1641
1636
1636
1641
1643
1640
1643
1638
1635
1640
1641
1642
1640
1641
1640
1643
1640
1640
1638
1635
1640
1636
1637
1634
1636
1634
1637
1637
1636
1636
1632
1630
1627
1623
1618
1621
1621
1624
1624
1624
1624
1628
1631
1630
1635
1636
1631
1631
1630
1631
1631
1630
1630
1634
1631
1631
1631
1630
1631
1631
1631
1634
1635
1631
1635
1635
1634
1627
1622
1611
1583
1546
1505
1442
1385
1331
1299
1279
1308
1370
1435
1503
1548
1579
1603
1622
1636
1649
1655
1659
1660
1659
1660
1664
1667
1667
1664
1668
1669
1673
1669
1674
1670
1674
1677
1677
1675
1679
1679
1682
1680
1681
1681
1681
1685
1683
1682
1688
1686
1687
1683
1690
1687
1687
1679
1681
1679
1680
1679
1677
1675
1677
1669
1666
1659
1653
1650
1645
1648
1642
1640
1636
1634
1628
1627
1624
1625
1622
1623
1624
1623
1621
1627
1627
1630
1627
1631
1631
1631
1628
1632
1630
1631
1628
1630
1631
1627
1630
1631
1629
1631
1632
1631
1630
1630
1631
1630
1635
1635
1632
1635
1641
1641
1643
1642
1641
1640
1640
1641
1644
1647
1645
1647
1650
1645
1644
1641
1643
1643
1625
1608
1616
1624
1627
1640
1638
1638
1635
1638
1635
1638
1636
1638
1636
1628
1630
1630
1629
1621
1627
1630
1636
1631
1640
1631
1635
1631
1640
1637
1637
1636
1641
1637
1638
1641
1640
1641
1636
1638
1637
1641
1636
1636
1638
1640
1640
1636
1637
1635
1638
1635
1631
1608
1574
1530
1483
1429
1361
1312
1276
1281
1330
1408
1479
1535
1572
1602
1622
1640
1650
1657
1659
1667
1670
1670
1674
1677
1676
1679
1677
1679
1679
1680
1681
1676
1680
1680
1683
1683
1682
1680
1687
1690
1692
1692
1696
1693
1693
1692
1693
1688
1689
1692
1694
1696
1694
1696
1688
1688
1686
1688
1685
1680
1676
1676
1672
1664
1663
1656
1654
1650
1650
1645
1643
1640
1638
1632
1630
1632
1630
1629
1624
1630
1631
1631
1628
1632
1635
1634
1632
1632
1636
1635
1637
1636
1636
1631
1635
1636
1636
1638
1638
1636
1635
1636
1637
1643
1635
1640
1641
1642
1641
1641
1642
1642
1645
1645
1645
1645
1643
1645
1643
1643
1643
1644
1644
1645
1650
1648
1649
1642
1643
1643
1640
1642
1643
1642
1640
1641
1638
1636
1637
1637
1641
1638
1632
1632
1634
1625
1627
1624
1624
1630
1630
1635
1634
1637
1632
1641
1635
1634
1634
1637
1640
1640
1641
1638
1638
1634
1636
1635
1636
1635
1636
1636
1636
1640
1637
1636
1631
1634
1630
1630
1624
1605
1576
1543
1479
1431
1361
1301
1257
1250
1283
1359
1454
1525
1567
1598
1627
1643
1650
1659
1669
1673
1673
1674
1677
1679
1677
1679
1679
1677
1681
1683
1683
1686
1687
1687
1686
1687
1690
1692
1688
1689
1692
1689
1688
1695
1693
1698
1696
1700
1698
1698
1698
1699
1699
1693
1695
1690
1689
1687
1687
1686
1682
1677
1674
1672
1677
1630
1641
1641
1641
1640
1638
1635
1632
1632
1631
1632
1630
1632
1631
1632
1631
1636
1630
1632
1635
1632
1635
1636
1634
1635
1636
1635
1637
1636
1638
1636
1640
1640
1641
1641
1636
1640
1641
1643
1640
1641
1638
1642
1637
1636
1641
1640
1642
1643
1643
1644
1648
1641
1645
1649
1648
1645
1645
1643
1642
1642
1644
1643
1642
1641
1650
1641
1640
1640
1642
1643
1640
1640
1636
1636
1631
1632
1634
1635
1631
1632
1631
1634
1631
1631
1635
1636
1640
1640
1638
1632
1629
1636
1636
1635
1635
1635
1634
1640
1638
1641
1636
1636
1636
1636
1635
1631
1632
1631
1634
1631
1627
1603
1574
1528
1486
1443
1360
1318
1280
1253
1300
1365
1441
1507
1552
1586
1608
1631
1643
1650
1659
1663
1660
1664
1664
1668
1668
1668
1672
1674
1677
1677
1676
1679
1676
1673
1675
1681
1680
1680
1679
1679
1686
1690
1687
1688
1693
1693
1688
1683
1688
1688
1687
1688
1692
1687
1687
1687
1686
1685
1682
1677
1673
1670
1668
1662
1657
1650
1650
1643
1641
1636
1631
1627
1628
1627
1623
1622
1622
1624
1624
1629
1627
1623
1617
1622
1619
1623
1623
1629
1624
1630
1631
1628
1624
1623
1622
1624
1623
1625
1625
1630
1629
1631
1631
1632
1630
1630
1632
1638
1635
1630
1636
1631
1634
1634
1635
1636
1638
1643
1641
1642
1636
1640
1636
1638
1636
1638
1638
1643
1645
1643
1645
1640
1637
1637
1637
1636
1634
1634
1631
1632
1631
1632
1629
1631
1628
1629
1623
1629
1622
1629
1629
1631
1629
1634
1628
1630
1631
1637
1635
1635
1635
1631
1630
1630
1631
1631
1632
1630
1634
1634
1637
1636
1638
1638
1640
1635
1634
1631
1628
1630
1629
1612
1584
1547
1501
1443
1418
1475
1397
1351
1346
1390
1449
1513
1556
1588
1615
1624
1638
1648
1654
1659
1663
1664
1669
1664
1670
1672
1669
1668
1673
1670
1673
1674
1673
1676
1676
1679
1679
1685
1686
1682
1681
1683
1683
1685
1687
1687
1687
1693
1692
1688
1687
1689
1689
1688
1687
1687
1685
1679
1683
1680
1679
1674
1669
1667
1660
1654
1648
1650
1654
1645
1638
1635
1630
1624
1627
1625
1623
1623
1624
1621
1623
1622
1628
1624
1628
1631
1630
1623
1628
1623
1629
1628
1631
1627
1631
1624
1627
1630
1627
1627
1627
1625
1629
1629
1630
1630
1631
1631
1631
1635
1632
1635
1631
1640
1638
1637
1637
1636
1636
1637
1641
1638
1641
1643
1644
1638
1641
1642
1642
1643
1641
1643
1637
1635
1638
1637
1638
1631
1638
1632
1638
1632
1634
1631
1631
1630
1631
1629
1625
1621
1624
1621
1622
1624
1627
1625
1624
1624
1624
1623
1628
1631
1631
1634
1631
1635
1630
1631
1634
1635
1629
1629
1627
1631
1631
1632
1634
1631
1630
1632
1635
1631
1632
1627
1624
1622
1605
1573
1533
1474
1418
1372
1327
1290
1274
1321
1379
1447
1512
1558
1585
1608
1627
1636
1644
1648
1655
1662
1662
1662
1667
1666
1668
1669
1669
1668
1673
1669
1669
1673
1674
1674
1679
1677
1677
1682
1680
1679
1679
1681
1675
1683
1683
1683
1683
1682
1683
1682
1683
1689
1687
1687
1687
1686
1683
1679
1677
1675
1681
1669
1664
1664
1662
1655
1654
1645
1642
1640
1636
1634
1631
1624
1627
1629
1630
1625
1629
1630
1630
1631
1631
1627
1630
1631
1631
1629
1631
1627
1631
1627
1634
1631
1631
1634
1631
1635
1634
1635
1630
1636
1631
1638
1638
1636
1634
1640
1637
1641
1641
1641
1640
1641
1643
1642
1642
1616
1631
1635
1637
1644
1643
1642
1643
1643
1648
1648
1648
1641
1643
1641
1643
1643
1643
1648
1641
1642
1643
1642
1640
1641
1636
1635
1632
1629
1630
1627
1632
1634
1638
1635
1636
1637
1638
1635
1636
1640
1640
1641
1640
1641
1637
1641
1637
1641
1640
1641
1641
1640
1641
1638
1643
1636
1642
1641
1642
1642
1636
1632
1632
1625
1603
1563
1521
1476
1403
1366
1303
1264
1274
1338
1416
1488
1546
1583
1606
1629
1648
1660
1663
1666
1672
1676
1677
1675
1679
1677
1675
1680
1680
1677
1681
1683
1677
1680
1681
1686
1686
1682
1687
1692
1689
1690
1690
1692
1692
1694
1696
1696
1698
1698
1698
1688
1690
1690
1695
1692
1688
1692
1688
1687
1686
1677
1673
1673
1667
1664
1659
1651
1653
1647
1648
1641
1641
1632
1631
1630
1631
1631
1630
1631
1631
1636
1631
1632
1629
1636
1631
1640
1641
1641
1640
1636
1635
1631
1635
1636
1637
1638
1641
1641
1641
1643
1641
1642
1641
1643
1643
1643
1643
1641
1644
1641
1645
1642
1648
1650
1645
1648
1649
1645
1645
1648
1649
1645
1645
1649
1645
1647
1645
1650
1649
1650
1650
1645
1642
1640
1641
1641
1642
1641
1642
1643
1640
1636
1635
1634
1630
1635
1638
1640
1642
1635
1642
1640
1644
1644
1641
1641
1641
1643
1648
1645
1642
1644
1641
1645
1648
1640
1643
1641
1644
1641
1640
1641
1641
1648
1641
1643
1640
1632
1616
1583
1545
1496
1423
1365
1319
1276
1262
1313
1385
1473
1533
1582
1603
1624
1641
1655
1663
1669
1679
1681
1680
1683
1683
1687
1688
1687
1687
1689
1692
1689
1687
1688
1693
1692
1695
1698
1694
1693
1698
1700
1700
1699
1698
1700
1700
1702
1702
1700
1705
1705
1702
1700
1700
1661
1669
1681
1687
1687
1683
1685
1683
1681
1676
1673
1664
1661
1660
1660
1651
1648
1643
1643
1641
1638
1640
1640
1638
1640
1642
1637
1635
1640
1641
1641
1640
1642
1641
1642
1642
1643
1643
1640
1644
1645
1645
1645
1644
1644
1645
1649
1644
1645
1643
1643
1644
1649
1649
1648
1653
1650
1654
1653
1650
1650
1650
1651
1656
1650
1655
1653
1653
1655
1656
1656
1653
1654
1653
1653
1650
1644
1653
1650
1649
1650
1645
1643
1641
1642
1641
1643
1636
1641
1645
1644
1650
1645
1644
1641
1641
1641
1641
1649
1647
1645
1645
1644
1644
1643
1643
1643
1648
1645
1643
1641
1643
1645
1643
1643
1642
1641
1640
1641
1641
1635
1619
1589
1559
1503
1451
1397
1345
1295
1266
1312
1367
1441
1511
1560
1592
1614
1634
1649
1655
1660
1669
1672
1672
1677
1677
1676
1681
1680
1686
1688
1687
1682
1687
1687
1683
1683
1692
1692
1692
1692
1696
1694
1694
1696
1696
1695
1698
1698
1698
1698
1698
1698
1698
1705
1702
1699
1698
1700
1694
1689
1681
1687
1679
1676
1673
1668
1663
1660
1656
1654
1649
1648
1641
1641
1636
1635
1636
1632
1631
1631
1636
1634
1635
1632
1636
1635
1637
1638
1638
1638
1634
1636
1636
1636
1636
1640
1638
1645
1641
1641
1641
1641
1640
1636
1638
1638
1641
1642
1644
1643
1644
1642
1643
1641
1644
1645
1650
1648
1650
1651
1650
1650
1649
1651
1655
1653
1657
1650
1649
1650
1650
1654
1648
1650
1649
1645
1654
1649
1650
1644
1649
1647
1645
1645
1645
1643
1641
1641
1641
1641
1635
1635
1637
1632
1638
1640
1644
1644
1645
1643
1643
1643
1638
1641
1643
1642
1641
1643
1643
1647
1644
1645
1645
1641
1642
1642
1643
1641
1640
1643
1622
1625
1632
1640
1638
1641
1624
1596
1563
1514
1462
1405
1357
1302
1290
1290
1357
1423
1499
1552
1586
1614
1631
1643
1655
1659
1662
1670
1676
1677
1679
1679
1679
1687
1683
1680
1683
1687
1685
1688
1687
1690
1687
1687
1688
1696
1692
1692
1693
1700
1695
1700
1700
1698
1696
1698
1699
1700
1698
1700
1698
1698
1694
1699
1696
1692
1692
1689
1685
1683
1677
1673
1668
1666
1660
1657
1653
1653
1638
1647
1640
1636
1635
1636
1635
1636
1632
1631
1636
1638
1637
1636
1643
1638
1637
1636
1638
1637
1632
1636
1637
1641
1635
1641
1638
1638
1640
1641
1640
1635
1635
1640
1643
1643
1641
1643
1640
1648
1642
1644
1641
1643
1645
1648
1653
1645
1649
1649
1649
1650
1650
1649
1648
1650
1653
1650
1650
1649
1647
1650
1643
1655
1648
1649
1647
1645
1641
1638
1643
1643
1643
1642
1645
1641
1640
1637
1638
1638
1634
1636
1638
1638
1640
1641
1643
1641
1642
1640
1643
1634
1640
1641
1644
1643
1641
1642
1641
1643
1643
1643
1641
1640
1642
1641
1643
1640
1640
1635
1631
1631
1624
1592
1559
1521
1464
1409
1357
1318
1285
1300
1370
1435
1503
1554
1589
1617
1631
1645
1660
1663
1667
1669
1674
1675
1677
1677
1679
1681
1683
1682
1686
1683
1688
1687
1687
1687
1685
1688
1693
1694
1690
1690
1693
1693
1695
1696
1698
1696
1695
1695
1695
1696
1694
1702
1703
1702
1698
1696
1692
1692
1685
1687
1681
1677
1679
1677
1672
1669
1662
1656
1654
1648
1649
1641
1641
1640
1641
1636
1641
1640
1637
1636
1636
1641
1640
1644
1641
1641
1641
1643
1643
1643
1644
1644
1650
1644
1644
1644
1645
1642
1642
1645
1645
1647
1645
1649
1645
1636
1560
1589
1611
1625
1635
1641
1643
1648
1649
1650
1653
1655
1654
1651
1654
1651
1650
1653
1654
1657
1659
1655
1657
1654
1654
1651
1650
1651
1650
1650
1650
1648
1653
1649
1650
1650
1650
1643
1641
1640
1635
1641
1644
1648
1643
1645
1648
1643
1642
1643
1650
1645
1649
1650
1645
1647
1645
1649
1648
1653
1650
1649
1645
1648
1649
1645
1648
1643
1648
1648
1648
1648
1641
1641
1636
1622
1588
1550
1487
1437
1373
1314
1281
1270
1305
1377
1461
1532
1573
1599
1624
1642
1660
1668
1669
1673
1677
1680
1679
1681
1681
1683
1690
1688
1686
1687
1688
1687
1687
1692
1693
1692
1690
1695
1693
1694
1694
1699
1700
1700
1698
1698
1700
1700
1700
1699
1706
1699
1698
1696
1701
1701
1696
1693
1689
1687
1681
1677
1674
1672
1673
1669
1662
1661
1654
1650
1645
1643
1643
1635
1635
1634
1636
1632
1634
1636
1632
1636
1638
1638
1637
1641
1641
1642
1641
1640
1638
1632
1637
1638
1644
1641
1642
1642
1643
1644
1641
1642
1641
1642
1643
1642
1643
1642
1649
1649
1650
1649
1643
1648
1645
1649
1651
1649
1650
1645
1653
1645
1650
1650
1649
1650
1655
1650
1649
1644
1645
1648
1644
1645
1643
1643
1642
1645
1643
1640
1635
1635
1631
1635
1634
1635
1638
1638
1643
1641
1638
1640
1637
1641
1638
1641
1640
1643
1645
1645
1645
1641
1641
1641
1641
1641
1643
1643
1640
1645
1643
1642
1635
1642
1643
1636
1635
1625
1603
1564
1509
1464
1392
1330
1267
1238
1240
1313
1397
1487
1545
1586
1615
1637
1649
1664
1669
1675
1679
1680
1677
1686
1686
1686
1683
1689
1687
1687
1687
1683
1692
1689
1692
1692
1694
1696
1694
1693
1695
1696
1696
1699
1664
1680
1695
1698
1698
1696
1700
1702
1698
1698
1696
1693
1692
1693
1693
1688
1682
1683
1681
1677
1673
1667
1661
1656
1654
1650
1650
1649
1640
1640
1638
1636
1634
1635
1631
1637
1635
1635
1635
1636
1636
1640
1638
1641
1641
1641
1643
1640
1641
1643
1640
1640
1640
1641
1636
1643
1640
1641
1642
1641
1643
1640
1642
1641
1648
1642
1644
1650
1648
1650
1645
1645
1644
1645
1648
1649
1650
1651
1650
1649
1645
1649
1644
1644
1642
1641
1641
1648
1645
1648
1649
1641
1638
1635
1632
1629
1631
1632
1635
1631
1631
1631
1637
1640
1635
1638
1636
1642
1640
1643
1640
1641
1640
1637
1640
1640
1643
1640
1642
1640
1637
1640
1635
1637
1640
1640
1635
1637
1631
1631
1631
1622
1588
1540
1507
1453
1386
1331
1294
1264
1295
1354
1430
1499
1546
1584
1608
1630
1641
1649
1655
1666
1663
1673
1672
1673
1676
1674
1675
1674
1677
1676
1674
1679
1680
1681
1683
1683
1683
1683
1683
1681
1680
1683
1687
1687
1689
1690
1692
1689
1693
1698
1695
1690
1689
1688
1688
1687
1686
1688
1685
1682
1677
1668
1669
1668
1659
1659
1653
1649
1641
1642
1637
1635
1630
1631
1627
1625
1625
1630
1625
1627
1627
1625
1624
1624
1624
1623
1627
1624
1630
1625
1627
1624
1629
1627
1627
1624
1629
1631
1631
1632
1631
1625
1628
1629
1631
1631
1630
1632
1630
1636
1632
1636
1635
1636
1637
1641
1642
1640
1641
1641
1643
1643
1643
1641
1640
1643
1641
1647
1643
1643
1642
1642
1641
1637
1636
1635
1638
1637
1637
1632
1635
1629
1630
1622
1624
1625
1628
1628
1634
1635
1634
1631
1634
1631
1632
1631
1635
1635
1631
1631
1631
1631
1630
1635
1634
1636
1632
1625
1690
1673
1660
1654
1643
1640
1635
1632
1631
1629
1621
1603
1574
1528
1479
1427
1350
1314
1290
1289
1318
1382
1456
1516
1559
1591
1614
1632
1643
1653
1659
1662
1659
1663
1666
1664
1667
1668
1668
1670
1674
1679
1679
1676
1681
1679
1674
1673
1676
1676
1680
1680
1685
1685
1690
1683
1681
1685
1686
1687
1687
1686
1682
1688
1688
1685
1682
1687
1683
1681
1677
1674
1673
1673
1668
1663
1655
1648
1644
1641
1640
1631
1631
1627
1631
1630
1631
1625
1623
1621
1623
1619
1624
1624
1622
1619
1627
1623
1625
1622
1624
1624
1627
1627
1627
1625
1623
1622
1624
1622
1624
1622
1624
1625
1629
1624
1625
1627
1630
1631
1631
1629
1628
1631
1630
1631
1631
1635
1632
1635
1635
1640
1636
1640
1641
1642
1640
1636
1637
1636
1635
1631
1636
1636
1634
1632
1635
1636
1634
1632
1631
1627
1624
1627
1623
1619
1618
1624
1623
1625
1625
1628
1629
1631
1629
1631
1628
1627
1630
1631
1632
1627
1630
1629
1630
1631
1634
1628
1630
1623
1631
1627
1630
1625
1629
1630
1629
1624
1622
1619
1614
1593
1550
1508
1467
1404
1351
1299
1263
1261
1326
1399
1469
1533
1567
1591
1612
1625
1641
1643
1650
1654
1660
1664
1668
1664
1668
1664
1667
1668
1664
1664
1668
1667
1669
1675
1677
1673
1677
1674
1677
1679
1674
1677
1679
1681
1683
1682
1682
1683
1680
1681
1682
1679
1680
1680
1681
1681
1683
1674
1673
1673
1669
1666
1663
1655
1653
1645
1644
1641
1638
1631
1630
1627
1627
1622
1622
1621
1622
1617
1621
1616
1619
1617
1625
1621
1627
1629
1630
1624
1630
1625
1631
1621
1627
1623
1627
1624
1627
1625
1627
1624
1630
1627
1627
1627
1635
1634
1629
1630
1630
1622
1692
1677
1662
1659
1650
1649
1643
1645
1643
1640
1641
1638
1643
1640
1645
1642
1645
1642
1641
1640
1636
1641
1638
1640
1637
1635
1634
1641
1638
1641
1637
1632
1631
1623
1622
1622
1623
1623
1627
1631
1631
1629
1630
1630
1634
1631
1631
1630
1631
1631
1636
1636
1634
1632
1634
1635
1635
1635
1634
1637
1630
1635
1631
1635
1631
1636
1630
1632
1627
1624
1606
1572
1539
1492
1443
1374
1322
1286
1288
1322
1393
1463
1527
1565
1597
1622
1634
1650
1656
1661
1664
1667
1668
1667
1672
1674
1673
1672
1669
1673
1680
1676
1673
1676
1677
1680
1686
1681
1679
1682
1683
1683
1683
1681
1688
1681
1687
1688
1693
1688
1688
1687
1688
1687
1682
1680
1683
1680
1680
1677
1675
1670
1668
1668
1660
1660
1653
1648
1644
1635
1640
1631
1629
1630
1630
1623
1622
1622
1624
1623
1624
1624
1623
1622
1624
1624
1628
1624
1625
1630
1631
1630
1630
1629
1629
1635
1634
1631
1630
1631
1630
1630
1628
1631
1629
1631
1631
1635
1637
1636
1640
1632
1641
1636
1640
1635
1640
1640
1638
1640
1640
1643
1635
1640
1635
1640
1638
1635
1640
1637
1637
1636
1638
1634
1635
1632
1638
1640
1640
1636
1636
1631
1630
1629
1622
1622
1627
1628
1624
1628
1625
1632
1630
1634
1631
1632
1631
1635
1637
1635
1635
1634
1635
1635
1638
1634
1632
1632
1636
1632
1631
1631
1631
1631
1631
1635
1631
1627
1629
1627
1612
1565
1522
1469
1396
1334
1290
1253
1238
1293
1370
1461
1534
1570
1598
1621
1636
1650
1662
1661
1667
1673
1673
1674
1674
1673
1677
1677
1679
1679
1680
1679
1681
1686
1687
1681
1681
1686
1686
1686
1687
1687
1686
1689
1693
1693
1690
1669
1673
1681
1688
1688
1692
1692
1687
1687
1682
1687
1682
1679
1677
1672
1669
1669
1662
1660
1656
1650
1648
1641
1638
1635
1635
1630
1630
1628
1628
1629
1630
1627
1630
1625
1630
1629
1629
1629
1629
1630
1631
1631
1630
1631
1631
1635
1634
1635
1630
1631
1631
1635
1635
1641
1635
1636
1636
1640
1638
1632
1636
1636
1637
1631
1638
1637
1636
1636
1643
1641
1640
1638
1636
1640
1635
1640
1643
1640
1641
1636
1638
1634
1640
1635
1640
1637
1635
1625
1627
1622
1624
1624
1624
1623
1631
1632
1635
1630
1628
1628
1627
1630
1631
1630
1625
1629
1628
1630
1629
1630
1628
1630
1630
1635
1631
1631
1630
1631
1630
1630
1627
1629
1624
1627
1622
1618
1592
1558
1507
1451
1385
1324
1274
1256
1268
1327
1398
1473
1527
1567
1598
1614
1631
1645
1650
1651
1660
1655
1660
1661
1660
1663
1662
1662
1666
1668
1669
1670
1673
1668
1675
1670
1673
1674
1673
1675
1677
1674
1674
1683
1680
1673
1676
1679
1680
1677
1681
1681
1682
1683
1681
1679
1675
1676
1676
1674
1669
1664
1663
1659
1655
1649
1645
1638
1632
1632
1629
1628
1623
1622
1619
1619
1615
1612
1615
1612
1616
1617
1617
1612
1615
1612
1617
1615
1616
1616
1619
1617
1621
1618
1617
1612
1617
1617
1619
1624
1619
1619
1621
1623
1625
1619
1621
1622
1623
1621
1627
1623
1624
1627
1629
1630
1631
1627
1630
1629
1630
1625
1631
1630
1631
1630
1634
1630
1630
1631
1634
1631
1630
1630
1627
1630
1627
1629
1624
1624
1621
1617
1614
1617
1615
1617
1622
1623
1624
1623
1625
1625
1623
1625
1627
1623
1622
1627
1624
1630
1629
1627
1625
1631
1630
1631
1622
1625
1623
1627
1625
1629
1625
1624
1628
1630
1627
1622
1611
1592
1558
1522
1468
1416
1357
1290
1268
1293
1354
1416
1485
1537
1571
1598
1616
1627
1640
1644
1653
1657
1659
1660
1662
1663
1664
1666
1666
1667
1666
1668
1667
1667
1668
1669
1667
1668
1673
1674
1677
1679
1677
1677
1683
1680
1680
1679
1681
1681
1679
1677
1683
1683
1681
1677
1679
1681
1681
1676
1673
1662
1662
1659
1660
1657
1651
1648
1643
1641
1636
1631
1624
1625
1624
1623
1618
1618
1616
1622
1617
1621
1616
1622
1618
1623
1621
1629
1621
1625
1618
1622
1619
1624
1617
1621
1619
1622
1623
1627
1622
1627
1624
1624
1624
1624
1621
1624
1629
1631
1627
1627
1624
1630
1630
1631
1634
1631
1631
1635
1636
1632
1632
1632
1635
1634
1629
1628
1634
1631
1635
1631
1631
1631
1630
1630
1629
1629
1625
1625
1623
1623
1623
1623
1621
1619
1616
1622
1622
1624
1622
1623
1621
1625
1622
1622
1622
1624
1627
1630
1629
1627
1627
1627
1625
1625
1623
1624
1624
1625
1624
1627
1618
1627
1624
1625
1624
1629
1617
1622
1611
1596
1564
1526
1473
1416
1365
1315
1285
1281
1338
1396
1468
1520
1563
1588
1610
1627
1635
1645
1650
1651
1655
1664
1663
1662
1661
1660
1662
1663
1662
1663
1664
1669
1672
1672
1669
1670
1673
1676
1673
1674
1674
1679
1679
1676
1680
1674
1679
1683
1683
1681
1685
1685
1681
1681
1679
1680
1675
1674
1672
1670
1668
1662
1657
1655
1650
1651
1643
1643
1637
1636
1630
1631
1622
1624
1627
1624
1617
1623
1619
1623
1622
1624
1624
1624
1622
1624
1624
1627
1625
1627
1627
1629
1629
1630
1629
1629
1631
1632
1631
1631
1634
1631
1632
1631
1640
1632
1636
1634
1637
1638
1640
1636
1636
1638
1638
1641
1640
1642
1631
1647
1645
1644
1648
1642
1643
1641
1641
1641
1640
1640
1637
1641
1637
1640
1637
1640
1636
1638
1638
1638
1636
1636
1635
1634
1628
1624
1624
1622
1627
1629
1634
1630
1635
1631
1634
1630
1631
1630
1635
1631
1632
1632
1634
1634
1634
1637
1636
1636
1634
1635
1638
1640
1635
1636
1631
1632
1630
1627
1624
1630
1627
1617
1591
1541
1494
1451
1384
1340
1286
1280
1286
1359
1436
1508
1554
1586
1606
1631
1645
1649
1655
1656
1664
1668
1668
1668
1672
1670
1674
1677
1676
1674
1677
1677
1677
1677
1677
1675
1682
1680
1683
1680
1681
1686
1682
1688
1688
1688
1687
1688
1686
1688
1687
1687
1683
1688
1686
1683
1681
1683
1681
1676
1677
1668
1662
1660
1660
1656
1649
1644
1640
1638
1634
1630
1631
1625
1623
1622
1627
1622
1623
1622
1627
1632
1630
1627
1631
1625
1630
1630
1634
1625
1630
1629
1630
1631
1631
1629
1629
1627
1631
1635
1634
1636
1638
1638
1636
1634
1632
1635
1636
1636
1640
1636
1635
1636
1644
1641
1643
1642
1637
1642
1638
1648
1641
1637
1640
1638
1640
1642
1644
1640
1641
1637
1638
1637
1632
1631
1631
1630
1624
1625
1629
1631
1629
1632
1627
1630
1627
1630
1629
1631
1630
1635
1631
1631
1634
1632
1630
1632
1634
1631
1638
1638
1634
1632
1635
1635
1638
1631
1632
1632
1634
1635
1630
1630
1627
1625
1608
1576
1531
1469
1425
1357
1314
1274
1262
1290
1370
1453
1520
1563
1593
1617
1638
1645
1650
1650
1662
1663
1664
1670
1669
1670
1670
1674
1676
1676
1674
1674
1675
1675
1675
1681
1680
1685
1681
1685
1685
1683
1686
1688
1686
1692
1693
1692
1689
1688
1693
1692
1692
1690
1692
1688
1690
1686
1680
1679
1681
1700
1716
1692
1679
1669
1662
1657
1650
1649
1641
1635
1631
1631
1627
1624
1627
1627
1624
1624
1625
1627
1627
1630
1630
1629
1628
1630
1631
1631
1631
1630
1631
1629
1629
1630
1629
1630
1634
1632
1636
1632
1634
1632
1635
1632
1636
1635
1631
1635
1638
1640
1636
1638
1634
1637
1641
1641
1642
1636
1636
1635
1635
1636
1640
1637
1641
1640
1641
1632
1631
1630
1629
1630
1630
1631
1634
1634
1635
1635
1636
1632
1631
1635
1631
1636
1630
1631
1629
1634
1634
1637
1631
1631
1631
1635
1634
1631
1630
1631
1635
1631
1632
1631
1631
1625
1627
1608
1584
1548
1496
1447
1388
1330
1275
1264
1290
1361
1436
1507
1550
1579
1606
1627
1641
1650
1653
1659
1662
1664
1664
1660
1660
1669
1668
1673
1669
1668
1666
1673
1674
1673
1669
1669
1673
1674
1679
1677
1679
1681
1676
1683
1680
1680
1679
1687
1687
1685
1686
1683
1686
1688
1688
1685
1679
1677
1677
1674
1669
1668
1663
1662
1659
1657
1650
1642
1637
1634
1630
1629
1625
1627
1622
1624
1622
1622
1618
1621
1619
1623
1621
1621
1622
1622
1621
1622
1622
1623
1621
1625
1622
1624
1623
1624
1624
1625
1624
1624
1624
1625
1624
1627
1631
1630
1632
1629
1631
1631
1635
1630
1634
1636
1636
1636
1638
1640
1636
1641
1640
1642
1641
1641
1641
1643
1645
1644
1640
1635
1640
1637
1637
1635
1636
1631
1629
1629
1625
1627
1624
1629
1634
1631
1635
1638
1635
1635
1634
1635
1634
1630
1631
1634
1634
1635
1636
1632
1635
1635
1636
1635
1635
1632
1636
1634
1636
1635
1636
1635
1631
1630
1624
1606
1583
1543
1496
1445
1390
1334
1290
1277
1320
1378
1450
1516
1563
1590
1612
1634
1641
1655
1657
1565
1597
1625
1641
1651
1655
1661
1667
1672
1672
1676
1674
1681
1681
1679
1679
1681
1683
1680
1680
1680
1683
1687
1686
1687
1687
1688
1689
1687
1689
1692
1693
1690
1692
1693
1688
1685
1688
1683
1681
1679
1676
1673
1672
1664
1663
1659
1653
1653
1648
1645
1637
1636
1631
1631
1630
1631
1630
1630
1628
1630
1630
1632
1630
1630
1631
1631
1634
1630
1632
1632
1635
1631
1635
1631
1635
1634
1634
1635
1631
1630
1631
1630
1632
1635
1631
1636
1635
1636
1632
1635
1636
1641
1634
1642
1644
1641
1643
1641
1643
1641
1642
1642
1642
1649
1647
1650
1643
1640
1636
1636
1631
1631
1628
1632
1636
1638
1643
1641
1641
1634
1638
1635
1634
1634
1632
1637
1636
1636
1634
1631
1632
1638
1636
1637
1635
1637
1637
1636
1638
1635
1636
1636
1636
1635
1635
1630
1628
1604
1574
1539
1483
1416
1359
1302
1283
1292
1354
1416
1487
1544
1583
1608
1623
1640
1650
1655
1664
1668
1663
1669
1669
1672
1674
1673
1673
1679
1681
1679
1679
1681
1677
1677
1679
1681
1682
1683
1683
1683
1687
1688
1685
1688
1690
1696
1693
1689
1693
1692
1690
1693
1689
1692
1687
1687
1687
1687
1683
1679
1677
1672
1670
1664
1656
1656
1650
1649
1645
1643
1643
1638
1631
1630
1629
1627
1630
1631
1636
1634
1631
1632
1635
1632
1638
1641
1640
1636
1637
1640
1638
1636
1638
1636
1636
1640
1637
1636
1638
1640
1641
1636
1640
1636
1640
1641
1643
1642
1642
1644
1644
1645
1645
1647
1649
1648
1648
1645
1648
1645
1644
1649
1648
1649
1645
1644
1648
1644
1647
1648
1653
1650
1645
1645
1641
1634
1631
1635
1631
1636
1637
1642
1635
1638
1636
1637
1643
1640
1643
1641
1643
1641
1632
1616
1623
1629
1634
1636
1642
1643
1642
1642
1641
1641
1641
1638
1641
1638
1636
1631
1635
1630
1621
1586
1546
1494
1435
1382
1321
1272
1264
1294
1370
1456
1526
1573
1603
1623
1641
1654
1664
1668
1674
1681
1679
1679
1679
1679
1681
1681
1685
1683
1683
1681
1687
1688
1689
1688
1694
1693
1693
1692
1695
1692
1688
1688
1696
1696
1696
1700
1700
1700
1700
1700
1698
1695
1698
1695
1692
1692
1690
1687
1685
1680
1674
1674
1669
1663
1659
1651
1650
1645
1645
1643
1641
1636
1636
1634
1631
1636
1636
1636
1634
1635
1636
1637
1631
1630
1631
1632
1634
1640
1640
1636
1641
1637
1638
1634
1637
1636
1638
1641
1641
1640
1635
1641
1641
1641
1643
1641
1640
1636
1641
1640
1641
1641
1645
1649
1648
1649
1644
1649
1647
1643
1644
1648
1645
1643
1648
1643
1643
1640
1640
1641
1636
1640
1636
1642
1641
1641
1641
1640
1640
1640
1643
1641
1641
1641
1643
1641
1643
1642
1643
1638
1636
1636
1638
1636
1640
1636
1640
1640
1642
1641
1638
1635
1635
1632
1628
1612
1583
1526
1492
1422
1374
1327
1281
1255
1303
1373
1453
1515
1558
1586
1611
1631
1644
1650
1656
1661
1668
1669
1673
1670
1673
1673
1677
1676
1673
1672
1679
1679
1680
1679
1679
1679
1681
1683
1682
1680
1686
1685
1687
1686
1688
1687
1688
1688
1693
1692
1688
1694
1696
1692
1690
1692
1682
1681
1676
1675
1673
1666
1664
1666
1660
1656
1650
1649
1645
1642
1637
1630
1627
1625
1630
1627
1630
1628
1631
1625
1627
1629
1631
1629
1628
1625
1635
1632
1634
1631
1634
1634
1631
1638
1637
1638
1636
1636
1635
1636
1631
1632
1631
1632
1634
1632
1636
1632
1640
1638
1622
1635
1641
1636
1641
1642
1642
1641
1641
1644
1644
1645
1645
1645
1649
1648
1645
1643
1641
1636
1640
1635
1637
1636
1638
1641
1640
1640
1635
1636
1627
1625
1627
1631
1631
1631
1631
1635
1635
1634
1635
1638
1641
1640
1649
1642
1641
1636
1641
1636
1640
1636
1636
1637
1637
1641
1636
1640
1638
1642
1636
1638
1631
1630
1627
1617
1589
1547
1507
1449
1393
1344
1307
1281
1293
1357
1428
1495
1546
1578
1603
1625
1641
1645
1657
1660
1663
1668
1667
1669
1670
1669
1674
1676
1674
1676
1677
1677
1677
1681
1681
1676
1675
1682
1685
1685
1687
1687
1690
1686
1685
1688
1688
1692
1690
1688
1692
1692
1689
1688
1688
1688
1685
1682
1680
1676
1679
1674
1669
1669
1663
1661
1654
1645
1643
1635
1638
1630
1635
1627
1627
1625
1625
1624
1627
1623
1625
1624
1630
1629
1630
1627
1629
1628
1630
1629
1628
1630
1629
1629
1627
1630
1622
1630
1629
1631
1630
1630
1631
1634
1631
1635
1636
1635
1632
1632
1636
1635
1635
1631
1635
1635
1636
1642
1641
1641
1636
1643
1641
1645
1645
1643
1645
1643
1642
1641
1641
1642
1643
1642
1643
1637
1631
1631
1631
1640
1637
1635
1631
1631
1630
1627
1627
1627
1625
1627
1634
1630
1630
1631
1632
1631
1632
1627
1634
1627
1631
1632
1635
1635
1631
1635
1636
1635
1631
1632
1631
1634
1631
1632
1635
1634
1635
1635
1631
1630
1625
1608
1572
1541
1473
1409
1359
1319
1295
1283
1332
1395
1463
1525
1567
1597
1616
1632
1643
1650
1660
1660
1663
1669
1668
1673
1673
1672
1666
1674
1673
1677
1676
1675
1676
1681
1680
1680
1677
1679
1680
1683
1685
1686
1683
1687
1687
1692
1689
1689
1686
1686
1687
1692
1672
1726
1714
1706
1699
1692
1682
1680
1680
1673
1669
1662
1655
1655
1651
1650
1648
1643
1637
1635
1631
1631
1631
1623
1624
1625
1625
1630
1629
1630
1631
1630
1634
1630
1631
1630
1631
1630
1632
1635
1638
1635
1634
1631
1636
1631
1630
1631
1635
1638
1641
1636
1640
1640
1640
1643
1641
1641
1640
1643
1644
1642
1643
1642
1648
1642
1649
1650
1648
1645
1645
1647
1648
1645
1648
1645
1648
1647
1649
1644
1640
1645
1642
1643
1638
1641
1634
1635
1628
1630
1627
1631
1634
1636
1636
1631
1636
1635
1634
1636
1636
1635
1635
1636
1638
1641
1640
1642
1636
1636
1640
1640
1636
1635
1637
1638
1636
1634
1636
1632
1640
1636
1636
1631
1624
1595
1559
1526
1463
1402
1337
1292
1270
1294
1363
1435
1503
1551
1588
1608
1627
1641
1649
1660
1664
1667
1669
1673
1669
1672
1670
1669
1676
1679
1679
1677
1679
1681
1677
1677
1679
1679
1686
1686
1687
1687
1689
1688
1688
1692
1692
1692
1693
1690
1688
1692
1692
1693
1690
1689
1687
1688
1683
1679
1679
1679
1677
1674
1668
1660
1655
1650
1650
1647
1645
1641
1634
1631
1635
1631
1627
1627
1623
1624
1623
1630
1625
1630
1630
1638
1631
1635
1638
1634
1637
1636
1636
1632
1631
1632
1634
1638
1636
1636
1638
1645
1640
1640
1638
1635
1637
1636
1641
1637
1640
1645
1650
1649
1650
1650
1648
1645
1645
1648
1650
1649
1649
1645
1649
1649
1648
1650
1645
1648
1645
1649
1648
1649
1649
1648
1649
1642
1643
1642
1644
1645
1643
1641
1636
1635
1632
1635
1635
1636
1640
1640
1644
1642
1642
1641
1647
1644
1643
1642
1643
1642
1640
1642
1643
1641
1637
1643
1649
1642
1641
1642
1643
1641
1641
1642
1627
1694
1677
1659
1647
1637
1610
1565
1525
1461
1404
1330
1286
1261
1285
1338
1416
1498
1556
1588
1612
1634
1641
1650
1666
1668
1674
1676
1679
1679
1681
1680
1681
1681
1686
1679
1686
1688
1688
1683
1687
1695
1692
1687
1688
1687
1688
1693
1695
1694
1693
1694
1700
1700
1699
1701
1699
1696
1693
1696
1696
1694
1689
1692
1687
1688
1682
1679
1670
1670
1670
1666
1660
1654
1655
1645
1648
1641
1637
1636
1635
1632
1635
1632
1631
1635
1630
1635
1635
1632
1635
1635
1631
1635
1632
1631
1635
1640
1641
1642
1640
1638
1641
1636
1638
1637
1637
1640
1640
1642
1636
1642
1641
1647
1644
1643
1643
1641
1641
1643
1648
1649
1642
1649
1649
1650
1649
1650
1649
1645
1648
1645
1648
1643
1642
1642
1641
1644
1642
1643
1642
1641
1643
1641
1642
1636
1640
1640
1636
1632
1627
1627
1627
1630
1634
1635
1636
1636
1635
1635
1636
1636
1634
1631
1636
1636
1635
1637
1640
1641
1641
1641
1641
1638
1634
1636
1638
1638
1635
1640
1636
1637
1635
1635
1631
1630
1616
1601
1559
1500
1448
1399
1344
1302
1263
1285
1340
1409
1485
1539
1578
1606
1630
1641
1653
1655
1662
1668
1668
1668
1668
1679
1674
1677
1679
1677
1681
1680
1680
1683
1685
1683
1680
1681
1687
1688
1687
1687
1692
1687
1689
1692
1695
1694
1688
1692
1694
1690
1692
1693
1694
1695
1692
1696
1689
1685
1685
1677
1680
1676
1673
1664
1662
1657
1659
1650
1650
1642
1641
1636
1641
1631
1631
1632
1634
1631
1631
1627
1624
1630
1631
1636
1635
1636
1636
1636
1635
1635
1631
1634
1632
1635
1635
1635
1634
1634
1634
1631
1636
1632
1636
1638
1641
1641
1640
1641
1640
1645
1642
1641
1605
1624
1632
1643
1649
1644
1649
1645
1648
1648
1649
1650
1648
1648
1649
1650
1650
1643
1645
1645
1649
1649
1649
1649
1647
1644
1641
1641
1637
1641
1641
1641
1640
1638
1638
1635
1636
1635
1636
1632
1635
1636
1641
1636
1638
1640
1640
1641
1640
1642
1640
1641
1641
1642
1642
1642
1641
1638
1640
1636
1640
1637
1640
1640
1643
1640
1638
1635
1636
1629
1630
1617
1585
1540
1505
1450
1395
1341
1300
1286
1300
1371
1442
1511
1554
1589
1614
1632
1644
1655
1659
1663
1669
1668
1672
1673
1672
1673
1677
1674
1676
1677
1676
1674
1679
1681
1681
1680
1685
1688
1682
1680
1683
1686
1686
1683
1688
1688
1687
1692
1693
1692
1693
1690
1688
1690
1692
1686
1686
1680
1676
1674
1676
1670
1668
1669
1662
1657
1651
1644
1643
1640
1640
1634
1631
1631
1634
1631
1634
1630
1628
1627
1627
1629
1630
1632
1625
1625
1634
1635
1631
1635
1631
1635
1635
1640
1632
1630
1629
1635
1631
1631
1635
1631
1634
1635
1641
1635
1641
1640
1641
1641
1638
1640
1640
1641
1640
1641
1643
1643
1647
1641
1647
1645
1641
1641
1642
1643
1642
1642
1641
1641
1642
1641
1642
1641
1643
1641
1641
1640
1641
1640
1636
1636
1632
1640
1634
1638
1634
1637
1635
1631
1629
1627
1627
1630
1630
1629
1636
1632
1634
1630
1634
1631
1632
1631
1636
1632
1632
1634
1636
1636
1636
1638
1635
1638
1635
1638
1638
1636
1635
1635
1636
1632
1635
1631
1624
1625
1623
1612
1584
1530
1493
1442
1388
1347
1306
1287
1314
1385
1453
1521
1559
1593
1617
1634
1645
1651
1660
1668
1672
1676
1677
1668
1673
1674
1680
1679
1680
1680
1680
1681
1681
1681
1687
1682
1685
1670
1701
1695
1693
1692
1692
1692
1692
1692
1692
1698
1695
1698
1699
1695
1695
1698
1693
1690
1688
1687
1687
1681
1679
1681
1679
1673
1668
1661
1657
1651
1651
1643
1649
1640
1640
1635
1638
1632
1634
1635
1634
1631
1631
1637
1636
1636
1635
1641
1632
1637
1635
1638
1637
1640
1643
1640
1641
1636
1636
1636
1640
1640
1641
1636
1638
1641
1644
1647
1642
1644
1643
1647
1644
1647
1649
1642
1650
1649
1649
1648
1648
1649
1648
1650
1650
1651
1655
1648
1653
1650
1648
1648
1647
1650
1648
1649
1653
1643
1648
1642
1644
1643
1645
1643
1642
1641
1635
1635
1631
1631
1631
1636
1635
1636
1640
1642
1640
1640
1637
1636
1637
1636
1641
1636
1637
1641
1643
1642
1640
1638
1641
1643
1641
1641
1642
1640
1637
1640
1640
1634
1635
1632
1631
1625
1609
1572
1532
1470
1418
1358
1313
1269
1276
1328
1408
1489
1548
1585
1610
1631
1647
1654
1664
1669
1672
1670
1674
1677
1679
1681
1679
1685
1685
1683
1682
1687
1685
1687
1683
1688
1687
1687
1687
1689
1689
1692
1689
1693
1690
1690
1693
1694
1693
1695
1698
1698
1695
1696
1698
1696
1692
1688
1686
1680
1680
1679
1676
1674
1670
1664
1661
1655
1649
1645
1641
1642
1642
1640
1636
1632
1634
1636
1636
1631
1634
1632
1636
1635
1635
1632
1635
1634
1640
1637
1632
1637
1634
1640
1636
1640
1634
1635
1638
1641
1642
1642
1643
1642
1643
1641
1643
1641
1638
1641
1641
1645
1649
1645
1649
1650
1650
1648
1649
1650
1647
1651
1650
1648
1648
1649
1653
1650
1654
1650
1650
1650
1650
1650
1645
1645
1644
1641
1642
1643
1649
1645
1645
1641
1644
1636
1636
1634
1631
1631
1636
1640
1634
1638
1641
1643
1641
1644
1643
1641
1641
1659
1672
1655
1651
1649
1648
1643
1644
1643
1643
1641
1640
1642
1641
1638
1641
1641
1641
1636
1635
1635
1629
1611
1574
1535
1473
1416
1352
1308
1269
1275
1320
1398
1480
1541
1578
1605
1627
1642
1653
1664
1668
1674
1677
1677
1679
1679
1677
1674
1680
1681
1677
1679
1682
1681
1687
1687
1683
1687
1687
1685
1685
1689
1689
1692
1692
1696
1693
1688
1688
1694
1696
1694
1693
1694
1692
1692
1690
1687
1687
1685
1683
1679
1680
1675
1672
1661
1662
1659
1655
1649
1645
1641
1640
1638
1637
1631
1630
1630
1631
1630
1624
1630
1630
1631
1629
1631
1625
1630
1631
1634
1635
1636
1634
1634
1632
1631
1634
1630
1635
1632
1636
1631
1634
1627
1638
1640
1641
1640
1641
1632
1636
1641
1636
1640
1637
1641
1641
1641
1644
1640
1643
1641
1645
1645
1643
1648
1641
1645
1641
1644
1642
1645
1644
1643
1643
1641
1641
1638
1641
1641
1636
1636
1631
1629
1629
1628
1627
1628
1630
1634
1636
1636
1634
1631
1631
1632
1634
1635
1631
1631
1634
1636
1634
1631
1634
1631
1638
1631
1636
1634
1630
1630
1630
1631
1631
1635
1631
1632
1631
1630
1627
1614
1589
1540
1508
1449
1378
1327
1290
1262
1288
1346
1422
1492
1545
1580
1606
1625
1640
1650
1655
1659
1662
1663
1668
1674
1670
1672
1673
1673
1677
1677
1677
1677
1681
1679
1676
1679
1683
1679
1681
1687
1686
1693
1688
1688
1687
1689
1695
1695
1688
1692
1690
1692
1687
1692
1692
1688
1685
1688
1683
1681
1679
1674
1673
1669
1664
1660
1656
1650
1654
1645
1643
1637
1640
1631
1632
1631
1631
1630
1630
1629
1631
1629
1630
1630
1632
1632
1634
1632
1635
1636
1635
1636
1635
1635
1635
1640
1621
1561
1584
1605
1612
1622
1627
1630
1632
1632
1640
1640
1643
1641
1643
1637
1640
1642
1643
1642
1643
1643
1643
1645
1643
1641
1641
1638
1641
1641
1641
1641
1640
1641
1641
1638
1635
1642
1638
1640
1637
1637
1636
1635
1636
1636
1637
1632
1634
1636
1636
1636
1640
1631
1634
1631
1636
1635
1634
1630
1632
1629
1627
1625
1624
1621
1624
1625
1625
1624
1629
1627
1628
1627
1631
1632
1634
1631
1636
1635
1636
1636
1636
1635
1632
1635
1631
1631
1631
1634
1634
1632
1635
1635
1630
1631
1630
1622
1605
1577
1546
1499
1437
1383
1332
1293
1292
1316
1376
1442
1511
1558
1590
1614
1631
1640
1650
1654
1662
1668
1663
1668
1673
1674
1674
1674
1674
1676
1677
1679
1674
1676
1675
1679
1683
1686
1681
1681
1683
1688
1687
1687
1690
1687
1687
1689
1688
1683
1687
1692
1693
1692
1690
1693
1693
1687
1687
1683
1679
1677
1674
1669
1673
1668
1660
1660
1655
1653
1649
1641
1641
1637
1635
1632
1635
1632
1634
1632
1631
1634
1635
1632
1636
1635
1632
1635
1634
1632
1630
1634
1631
1640
1631
1631
1635
1642
1635
1635
1635
1632
1635
1635
1634
1629
1635
1637
1644
1642
1641
1643
1640
1641
1643
1641
1649
1648
1649
1649
1650
1648
1647
1651
1649
1656
1654
1651
1650
1650
1650
1649
1645
1649
1649
1649
1649
1648
1644
1643
1649
1643
1643
1642
1643
1644
1648
1649
1645
1644
1640
1642
1643
1643
1641
1640
1644
1638
1637
1632
1634
1629
1632
1635
1638
1640
1641
1644
1640
1648
1644
1645
1644
1645
1645
1642
1645
1641
1642
1645
1645
1645
1641
1643
1641
1643
1642
1642
1641
1642
1641
1636
1640
1627
1606
1573
1540
1485
1422
1352
1311
1287
1307
1367
1451
1518
1565
1598
1622
1640
1649
1664
1669
1673
1674
1674
1676
1680
1681
1680
1679
1685
1683
1683
1686
1687
1687
1687
1690
1690
1688
1688
1688
1687
1690
1692
1702
1700
1699
1700
1702
1702
1696
1700
1700
1698
1699
1699
1700
1698
1696
1698
1693
1688
1687
1683
1682
1681
1675
1669
1668
1664
1662
1659
1649
1643
1637
1640
1641
1641
1640
1640
1643
1641
1638
1638
1638
1636
1637
1640
1641
1638
1637
1641
1641
1642
1640
1643
1641
1643
1641
1643
1641
1640
1643
1642
1643
1640
1644
1648
1647
1648
1645
1644
1647
1645
1650
1645
1650
1649
1651
1649
1650
1651
1651
1651
1649
1649
1653
1650
1649
1648
1645
1649
1645
1645
1645
1644
1645
1647
1649
1642
1645
1644
1645
1648
1644
1644
1640
1640
1644
1647
1642
1638
1640
1634
1630
1632
1631
1630
1637
1636
1636
1636
1629
1637
1636
1640
1637
1643
1641
1640
1641
1641
1643
1638
1636
1636
1641
1634
1640
1642
1638
1640
1640
1641
1638
1638
1636
1640
1635
1632
1623
1610
1578
1526
1489
1415
1359
1309
1276
1253
1299
1378
1466
1531
1574
1602
1622
1641
1657
1664
1666
1674
1676
1673
1676
1677
1681
1677
1675
1680
1681
1683
1680
1679
1683
1687
1683
1683
1688
1688
1690
1693
1694
1693
1692
1694
1695
1693
1695
1698
1698
1698
1699
1699
1693
1692
1693
1688
1689
1689
1686
1682
1681
1679
1673
1668
1664
1664
1659
1654
1653
1645
1643
1636
1638
1635
1634
1630
1631
1630
1631
1635
1636
1631
1630
1632
1631
1634
1634
1635
1640
1636
1634
1635
1636
1636
1637
1638
1638
1636
1640
1636
1641
1637
1640
1640
1637
1636
1640
1640
1637
1643
1641
1642
1640
1641
1640
1642
1641
1642
1643
1622
1622
1631
1636
1638
1641
1643
1641
1641
1638
1641
1636
1640
1640
1636
1634
1635
1637
1641
1637
1635
1634
1627
1627
1622
1625
1624
1627
1623
1631
1630
1635
1627
1634
1631
1635
1632
1635
1629
1634
1636
1636
1640
1638
1635
1631
1631
1631
1636
1629
1631
1629
1631
1629
1631
1630
1630
1627
1631
1622
1604
1572
1521
1464
1399
1340
1294
1260
1264
1322
1388
1467
1522
1565
1591
1612
1627
1637
1643
1648
1655
1660
1660
1662
1660
1664
1669
1667
1663
1672
1668
1668
1669
1668
1669
1669
1669
1673
1673
1669
1673
1675
1674
1677
1679
1679
1679
1677
1677
1679
1681
1677
1679
1681
1681
1677
1677
1673
1669
1669
1668
1662
1661
1659
1655
1650
1647
1643
1637
1634
1630
1630
1624
1621
1619
1617
1619
1615
1612
1614
1611
1615
1614
1612
1616
1617
1621
1615
1617
1617
1619
1612
1621
1619
1619
1612
1617
1617
1621
1621
1622
1621
1622
1622
1623
1621
1621
1619
1623
1618
1622
1622
1623
1627
1631
1630
1635
1630
1631
1628
1629
1627
1631
1631
1629
1629
1631
1634
1627
1628
1629
1630
1629
1629
1625
1627
1623
1624
1623
1623
1622
1622
1622
1621
1616
1624
1615
1612
1612
1621
1617
1615
1616
1617
1621
1617
1619
1619
1617
1621
1623
1619
1621
1621
1623
1623
1624
1621
1617
1621
1621
1621
1621
1619
1623
1624
1622
1624
1617
1612
1612
1597
1572
1532
1486
1430
1364
1327
1282
1272
1289
1359
1434
1502
1545
1574
1595
1619
1627
1637
1642
1648
1650
1654
1659
1660
1662
1662
1662
1660
1662
1656
1655
1664
1663
1668
1664
1664
1668
1672
1673
1674
1672
1668
1669
1674
1670
1674
1673
1673
1679
1681
1679
1677
1676
1675
1673
1673
1673
1672
1632
1648
1655
1654
1651
1650
1643
1644
1640
1636
1630
1629
1623
1622
1618
1618
1616
1614
1616
1614
1611
1615
1614
1616
1618
1618
1622
1616
1615
1612
1622
1611
1616
1612
1616
1617
1622
1619
1619
1617
1621
1616
1621
1619
1621
1622
1623
1623
1628
1624
1625
1625
1621
1627
1627
1627
1623
1629
1627
1629
1624
1630
1630
1631
1631
1631
1631
1631
1632
1631
1632
1625
1632
1622
1630
1624
1631
1630
1629
1622
1625
1622
1627
1618
1622
1621
1621
1614
1612
1610
1611
1615
1617
1618
1617
1619
1617
1621
1622
1617
1616
1618
1617
1622
1617
1621
1621
1623
1622
1624
1621
1621
1617
1621
1621
1622
1614
1621
1621
1623
1617
1617
1612
1617
1603
1574
1528
1483
1441
1378
1325
1286
1272
1292
1361
1438
1499
1541
1574
1593
1614
1624
1638
1641
1641
1649
1650
1654
1657
1656
1662
1662
1664
1668
1660
1663
1663
1662
1663
1666
1662
1664
1667
1668
1670
1672
1669
1673
1674
1673
1675
1675
1674
1676
1677
1674
1679
1676
1674
1676
1677
1674
1676
1670
1664
1662
1661
1655
1655
1650
1648
1642
1637
1631
1630
1625
1625
1624
1621
1618
1617
1612
1616
1615
1612
1611
1616
1614
1617
1617
1619
1616
1617
1619
1619
1614
1616
1616
1617
1616
1618
1617
1618
1622
1622
1621
1619
1617
1617
1619
1621
1618
1622
1621
1625
1625
1627
1627
1630
1627
1632
1635
1635
1630
1631
1630
1631
1635
1631
1629
1632
1634
1636
1643
1632
1636
1630
1631
1631
1634
1627
1630
1625
1628
1625
1625
1622
1621
1622
1624
1627
1627
1627
1629
1629
1625
1629
1627
1629
1629
1631
1635
1630
1630
1632
1630
1630
1628
1629
1628
1630
1630
1629
1629
1630
1625
1630
1629
1625
1624
1623
1615
1661
1614
1556
1496
1442
1374
1328
1281
1255
1294
1366
1447
1518
1563
1586
1610
1631
1641
1645
1648
1660
1664
1664
1669
1669
1667
1664
1668
1670
1669
1669
1668
1672
1673
1677
1677
1677
1675
1681
1681
1679
1679
1681
1687
1687
1687
1685
1686
1683
1686
1688
1687
1689
1689
1687
1688
1682
1681
1679
1676
1673
1674
1669
1663
1662
1655
1653
1650
1645
1641
1641
1638
1634
1631
1627
1627
1623
1622
1622
1621
1622
1624
1622
1624
1627
1627
1624
1624
1625
1629
1625
1627
1623
1624
1622
1621
1625
1625
1627
1634
1631
1632
1625
1630
1630
1630
1627
1635
1632
1632
1632
1635
1631
1631
1634
1635
1632
1631
1631
1634
1638
1637
1640
1638
1638
1637
1636
1636
1632
1634
1635
1637
1635
1634
1631
1624
1622
1622
1621
1624
1630
1630
1628
1631
1632
1627
1627
1624
1630
1627
1628
1631
1632
1630
1631
1631
1635
1631
1627
1631
1631
1631
1631
1630
1629
1631
1631
1634
1627
1625
1625
1628
1622
1614
1593
1540
1495
1451
1377
1319
1263
1255
1256
1327
1412
1496
1550
1584
1606
1629
1638
1643
1654
1659
1662
1667
1663
1664
1666
1668
1673
1673
1669
1669
1675
1672
1674
1677
1674
1677
1680
1679
1677
1675
1679
1681
1681
1683
1682
1681
1685
1685
1687
1687
1688
1681
1687
1688
1686
1680
1681
1680
1679
1675
1673
1664
1662
1660
1655
1654
1645
1642
1636
1641
1638
1636
1630
1629
1625
1629
1624
1622
1618
1623
1623
1629
1625
1625
1622
1624
1621
1630
1627
1627
1624
1625
1628
1629
1625
1630
1627
1627
1628
1630
1627
1629
1631
1630
1631
1629
1630
1631
1635
1635
1635
1635
1640
1637
1638
1632
1636
1635
1635
1635
1641
1640
1631
1635
1636
1574
1591
1610
1617
1627
1625
1631
1631
1627
1627
1630
1622
1622
1621
1623
1622
1629
1628
1631
1627
1629
1630
1628
1629
1627
1627
1625
1630
1631
1628
1630
1629
1629
1634
1630
1629
1629
1631
1630
1631
1631
1630
1624
1624
1627
1624
1624
1623
1608
1573
1532
1485
1425
1348
1296
1262
1248
1289
1365
1442
1507
1552
1586
1603
1624
1634
1645
1650
1654
1655
1660
1657
1664
1672
1672
1668
1667
1669
1672
1669
1673
1673
1669
1673
1673
1674
1677
1674
1677
1680
1680
1679
1681
1683
1683
1681
1681
1685
1683
1682
1681
1681
1680
1681
1679
1679
1680
1680
1675
1668
1664
1662
1659
1651
1649
1642
1641
1636
1636
1630
1630
1622
1623
1623
1618
1615
1617
1611
1615
1616
1616
1612
1617
1614
1622
1619
1622
1621
1622
1622
1622
1621
1621
1615
1619
1616
1622
1621
1624
1619
1622
1618
1624
1621
1622
1621
1624
1627
1629
1627
1631
1630
1630
1632
1629
1630
1630
1636
1634
1631
1631
1636
1635
1635
1635
1638
1635
1635
1636
1638
1635
1632
1634
1630
1630
1625
1623
1622
1624
1621
1622
1618
1616
1619
1617
1617
1622
1622
1622
1624
1624
1623
1624
1622
1624
1625
1627
1627
1625
1625
1624
1622
1627
1623
1622
1617
1624
1622
1624
1622
1627
1625
1628
1625
1624
1621
1617
1605
1584
1546
1502
1445
1390
1334
1290
1276
1299
1357
1427
1498
1541
1572
1597
1615
1631
1638
1647
1649
1653
1659
1660
1668
1666
1662
1664
1664
1662
1667
1664
1664
1669
1666
1667
1669
1669
1672
1677
1668
1679
1681
1675
1674
1681
1681
1677
1677
1681
1679
1685
1679
1679
1680
1686
1679
1675
1673
1669
1669
1664
1663
1660
1655
1654
1649
1649
1645
1640
1632
1629
1624
1631
1627
1618
1621
1621
1616
1621
1618
1618
1617
1623
1623
1624
1622
1621
1622
1624
1621
1624
1621
1619
1622
1624
1623
1624
1623
1622
1622
1623
1622
1622
1617
1622
1622
1625
1624
1627
1630
1631
1631
1635
1630
1632
1631
1638
1636
1635
1636
1641
1641
1637
1641
1638
1636
1637
1641
1635
1632
1630
1631
1629
1629
1630
1630
1634
1631
1630
1625
1622
1615
1615
1621
1624
1622
1625
1625
1623
1622
1624
1622
1624
1623
1629
1625
1629
1630
1630
1627
1629
1630
1629
1625
1629
1623
1630
1630
1630
1630
1631
1628
1627
1625
1622
1617
1616
1596
1564
1522
1488
1431
1374
1324
1294
1286
1338
1404
1473
1532
1565
1591
1612
1629
1638
1643
1649
1654
1653
1659
1657
1659
1662
1666
1664
1666
1663
1663
1669
1667
1668
1668
1669
1669
1672
1673
1673
1676
1675
1674
1673
1676
1677
1677
1679
1679
1681
1687
1685
1681
1679
1679
1680
1681
1673
1670
1669
1669
1666
1664
1657
1651
1648
1645
1644
1636
1635
1627
1634
1623
1624
1621
1621
1616
1622
1616
1619
1619
1622
1623
1628
1634
1624
1616
1622
1621
1622
1622
1624
1622
1624
1624
1627
1624
1622
1621
1624
1624
1623
1623
1622
1624
1629
1627
1629
1631
1632
1631
1634
1636
1628
1631
1634
1636
1631
1638
1636
1640
1637
1641
1642
1636
1638
1636
1641
1637
1637
1632
1636
1638
1634
1631
1631
1632
1635
1631
1634
1630
1624
1624
1622
1622
1618
1622
1622
1627
1624
1629
1627
1629
1630
1631
1631
1630
1629
1630
1628
1630
1635
1632
1631
1630
1638
1635
1634
1631
1634
1631
1631
1632
1635
1631
1630
1627
1625
1619
1606
1572
1516
1477
1428
1363
1302
1260
1262
1295
1366
1453
1519
1567
1595
1618
1622
1682
1677
1670
1674
1673
1673
1669
1669
1669
1672
1669
1672
1672
1673
1673
1674
1679
1677
1677
1676
1679
1681
1677
1679
1681
1686
1688
1687
1687
1687
1688
1686
1686
1687
1683
1685
1688
1688
1688
1683
1686
1683
1679
1681
1676
1670
1663
1664
1660
1654
1650
1645
1642
1640
1636
1634
1625
1625
1627
1629
1625
1627
1624
1627
1625
1624
1622
1628
1625
1629
1630
1634
1625
1630
1630
1631
1627
1628
1624
1629
1627
1631
1628
1629
1627
1631
1631
1635
1636
1634
1631
1631
1632
1632
1635
1635
1640
1636
1635
1638
1637
1636
1636
1641
1640
1637
1635
1638
1637
1640
1642
1641
1635
1632
1634
1631
1627
1625
1627
1627
1631
1629
1629
1627
1630
1629
1630
1627
1631
1630
1631
1636
1630
1628
1627
1627
1627
1629
1627
1627
1628
1631
1632
1634
1627
1631
1631
1629
1625
1630
1627
1622
1617
1601
1565
1525
1473
1414
1350
1299
1262
1249
1294
1374
1461
1524
1564
1596
1612
1630
1641
1649
1655
1660
1662
1668
1661
1666
1670
1670
1669
1670
1667
1668
1667
1667
1669
1672
1672
1672
1679
1679
1677
1674
1673
1674
1674
1674
1677
1679
1677
1683
1687
1687
1683
1685
1683
1680
1680
1679
1677
1674
1674
1669
1664
1662
1656
1654
1650
1650
1649
1645
1640
1636
1632
1630
1627
1624
1622
1621
1622
1624
1622
1622
1622
1624
1627
1624
1627
1624
1621
1621
1627
1624
1624
1622
1629
1627
1629
1624
1627
1623
1629
1624
1630
1624
1625
1624
1630
1624
1629
1629
1630
1631
1634
1635
1632
1634
1634
1636
1635
1644
1640
1640
1638
1638
1635
1635
1631
1636
1640
1636
1640
1638
1638
1631
1635
1634
1631
1631
1628
1628
1630
1624
1624
1623
1624
1622
1630
1625
1677
1670
1661
1655
1648
1635
1636
1635
1630
1631
1632
1630
1630
1630
1631
1632
1631
1630
1634
1631
1632
1635
1631
1630
1631
1631
1630
1629
1623
1623
1608
1583
1540
1501
1438
1366
1324
1283
1262
1288
1359
1434
1505
1553
1586
1608
1624
1640
1647
1650
1654
1659
1663
1668
1669
1670
1669
1666
1669
1673
1670
1669
1670
1676
1675
1679
1679
1679
1677
1679
1680
1679
1677
1679
1681
1681
1681
1682
1683
1686
1685
1683
1687
1686
1687
1682
1682
1687
1675
1675
1674
1669
1668
1666
1657
1655
1653
1650
1643
1641
1631
1629
1627
1627
1622
1622
1623
1622
1622
1622
1621
1619
1618
1621
1622
1624
1622
1625
1623
1627
1628
1625
1624
1627
1624
1624
1627
1623
1625
1627
1623
1624
1628
1625
1623
1627
1629
1628
1632
1630
1631
1630
1634
1636
1631
1635
1636
1638
1635
1638
1631
1636
1636
1641
1642
1641
1640
1640
1641
1638
1640
1635
1635
1635
1636
1640
1640
1636
1634
1636
1635
1631
1627
1627
1624
1629
1622
1622
1617
1624
1625
1630
1624
1627
1627
1630
1625
1634
1629
1630
1628
1629
1630
1631
1627
1625
1629
1625
1631
1627
1627
1627
1630
1625
1629
1625
1627
1627
1631
1630
1631
1627
1627
1614
1593
1548
1515
1445
1402
1345
1300
1276
1295
1341
1406
1485
1532
1578
1599
1622
1635
1645
1648
1654
1661
1662
1669
1668
1668
1672
1669
1668
1672
1673
1672
1673
1673
1673
1676
1673
1679
1681
1679
1679
1686
1679
1677
1683
1685
1686
1683
1685
1683
1686
1685
1685
1683
1685
1688
1687
1682
1685
1683
1675
1669
1669
1668
1663
1660
1657
1654
1653
1650
1642
1638
1636
1640
1641
1631
1628
1627
1624
1624
1622
1627
1627
1632
1625
1631
1631
1700
1676
1660
1650
1643
1635
1637
1635
1635
1632
1631
1631
1631
1635
1631
1635
1630
1632
1634
1640
1637
1638
1637
1638
1641
1638
1638
1640
1640
1641
1642
1642
1643
1643
1641
1642
1642
1643
1641
1644
1645
1644
1649
1642
1649
1643
1642
1640
1641
1641
1641
1638
1638
1638
1630
1632
1628
1625
1625
1635
1631
1634
1631
1635
1635
1634
1635
1636
1636
1636
1638
1635
1634
1635
1640
1635
1636
1635
1635
1636
1635
1636
1635
1635
1632
1634
1631
1635
1634
1632
1632
1628
1603
1570
1526
1474
1422
1365
1316
1279
1292
1356
1417
1489
1540
1579
1602
1623
1642
1645
1655
1664
1669
1674
1673
1668
1673
1673
1669
1673
1676
1675
1675
1681
1679
1679
1681
1680
1680
1683
1686
1690
1681
1681
1687
1689
1685
1687
1687
1688
1692
1693
1693
1692
1690
1688
1688
1687
1687
1682
1683
1677
1676
1669
1669
1668
1666
1667
1660
1654
1647
1649
1641
1637
1635
1630
1630
1631
1638
1632
1631
1630
1632
1635
1632
1630
1631
1630
1635
1636
1635
1635
1632
1638
1640
1640
1636
1635
1634
1635
1637
1636
1634
1634
1636
1636
1642
1640
1637
1638
1636
1642
1643
1643
1645
1644
1650
1650
1649
1648
1645
1648
1648
1645
1645
1649
1650
1650
1650
1649
1642
1644
1649
1649
1649
1651
1645
1644
1641
1645
1641
1643
1642
1642
1644
1641
1640
1632
1632
1631
1635
1631
1635
1640
1636
1641
1649
1638
1640
1638
1641
1645
1645
1642
1643
1643
1642
1643
1641
1641
1640
1642
1641
1643
1640
1637
1641
1637
1640
1638
1638
1635
1640
1629
1605
1570
1518
1473
1402
1326
1286
1264
1283
1346
1428
1511
1564
1592
1616
1641
1649
1660
1668
1669
1673
1681
1683
1681
1682
1675
1632
1662
1669
1676
1679
1681
1688
1685
1687
1687
1687
1686
1692
1695
1694
1694
1698
1699
1698
1700
1698
1700
1700
1703
1702
1701
1700
1700
1698
1699
1698
1695
1693
1693
1688
1687
1681
1676
1673
1669
1668
1669
1660
1654
1653
1650
1650
1643
1645
1642
1643
1643
1641
1645
1640
1645
1641
1643
1637
1640
1640
1640
1642
1643
1643
1641
1645
1643
1641
1638
1640
1641
1641
1644
1645
1648
1649
1645
1649
1649
1644
1644
1643
1647
1642
1650
1650
1651
1649
1653
1655
1650
1650
1653
1657
1654
1650
1654
1651
1650
1653
1649
1650
1648
1650
1649
1649
1648
1641
1637
1631
1638
1640
1641
1640
1643
1642
1644
1644
1643
1642
1642
1641
1645
1644
1644
1641
1641
1640
1643
1640
1638
1641
1638
1642
1643
1643
1644
1647
1644
1642
1641
1636
1640
1634
1635
1627
1610
1574
1527
1470
1430
1354
1296
1259
1267
1312
1388
1475
1532
1574
1606
1627
1641
1650
1656
1664
1672
1675
1674
1675
1675
1677
1675
1679
1677
1681
1681
1682
1686
1690
1683
1683
1687
1688
1688
1683
1687
1690
1688
1688
1694
1690
1688
1690
1695
1689
1687
1688
1694
1692
1690
1692
1692
1687
1687
1683
1683
1681
1677
1669
1664
1660
1654
1659
1650
1650
1647
1643
1641
1636
1638
1635
1637
1634
1635
1632
1636
1640
1641
1641
1638
1638
1636
1640
1635
1638
1635
1636
1636
1640
1640
1637
1638
1635
1636
1634
1636
1634
1635
1636
1640
1640
1640
1641
1644
1645
1643
1645
1643
1641
1645
1641
1645
1643
1650
1649
1645
1647
1644
1645
1647
1650
1650
1645
1645
1642
1648
1645
1649
1647
1645
1641
1640
1640
1636
1635
1634
1637
1640
1642
1638
1636
1634
1636
1640
1636
1640
1636
1638
1637
1641
1640
1643
1640
1640
1638
1641
1641
1636
1641
1642
1641
1640
1635
1638
1635
1635
1631
1632
1622
1603
1573
1540
1495
1421
1367
1302
1259
1272
1335
1398
1479
1537
1579
1599
1622
1636
1648
1657
1664
1667
1670
1670
1669
1677
1674
1674
1675
1676
1679
1680
1679
1681
1680
1683
1681
1681
1679
1680
1679
1683
1683
1683
1688
1687
1688
1690
1695
1690
1687
1685
1690
1688
1683
1683
1689
1685
1683
1680
1677
1675
1669
1666
1664
1660
1654
1649
1643
1642
1640
1640
1634
1632
1631
1631
1624
1623
1621
1624
1625
1627
1624
1624
1623
1623
1623
1624
1623
1623
1624
1629
1630
1630
1627
1629
1628
1631
1628
1629
1631
1630
1627
1631
1632
1631
1632
1630
1631
1634
1631
1631
1635
1635
1636
1641
1640
1640
1635
1643
1645
1642
1640
1641
1640
1640
1643
1640
1636
1638
1640
1638
1631
1631
1632
1638
1635
1636
1631
1629
1623
1630
1629
1627
1628
1630
1631
1631
1631
1631
1629
1627
1631
1631
1632
1631
1632
1630
1632
1630
1632
1632
1634
1635
1636
1631
1630
1631
1631
1631
1630
1630
1628
1630
1627
1624
1624
1608
1582
1540
1490
1436
1377
1332
1281
1280
1311
1376
1445
1509
1556
1586
1610
1631
1640
1648
1655
1660
1662
1666
1662
1662
1669
1668
1673
1675
1669
1673
1674
1674
1674
1673
1675
1675
1681
1677
1676
1681
1680
1682
1683
1683
1682
1686
1685
1685
1687
1687
1687
1682
1683
1687
1687
1682
1679
1686
1681
1679
1669
1669
1669
1661
1661
1659
1649
1643
1641
1640
1635
1634
1628
1631
1630
1634
1627
1630
1625
1627
1628
1627
1627
1631
1630
1628
1629
1634
1635
1631
1635
1634
1631
1624
1629
1624
1631
1631
1635
1631
1635
1634
1629
1692
1668
1660
1651
1648
1644
1647
1642
1640
1642
1643
1640
1640
1641
1643
1645
1644
1642
1644
1642
1648
1645
1645
1641
1644
1643
1649
1645
1642
1645
1641
1636
1632
1636
1629
1631
1630
1636
1635
1638
1637
1640
1640
1641
1642
1640
1643
1641
1641
1641
1641
1640
1637
1641
1641
1642
1640
1641
1640
1644
1640
1636
1638
1637
1640
1636
1637
1632
1634
1612
1589
1548
1503
1442
1376
1318
1287
1280
1321
1388
1461
1530
1572
1596
1621
1635
1649
1660
1664
1668
1669
1667
1673
1676
1676
1674
1673
1674
1673
1677
1677
1674
1679
1674
1681
1681
1683
1683
1686
1683
1679
1681
1683
1681
1683
1688
1693
1692
1687
1694
1690
1688
1686
1689
1687
1683
1683
1683
1681
1677
1675
1670
1668
1662
1660
1659
1645
1650
1645
1642
1636
1630
1635
1631
1627
1623
1630
1630
1634
1630
1631
1625
1625
1627
1630
1629
1630
1631
1630
1629
1636
1635
1634
1632
1630
1635
1634
1630
1630
1636
1636
1638
1636
1635
1636
1637
1638
1636
1638
1635
1641
1640
1641
1642
1641
1640
1640
1642
1642
1642
1641
1643
1645
1643
1645
1642
1642
1640
1640
1641
1637
1640
1638
1641
1638
1637
1636
1634
1627
1630
1636
1630
1631
1631
1634
1634
1638
1634
1635
1636
1636
1640
1640
1641
1635
1640
1636
1638
1632
1636
1638
1641
1644
1641
1636
1632
1634
1631
1636
1634
1630
1629
1629
1611
1579
1525
1487
1425
1354
1302
1280
1261
1296
1378
1466
1533
1571
1602
1630
1645
1651
1661
1663
1673
1673
1676
1674
1674
1679
1677
1679
1680
1680
1683
1680
1681
1685
1687
1686
1688
1688
1692
1690
1692
1687
1699
1696
1698
1699
1698
1696
1698
1699
1699
1698
1696
1694
1693
1692
1672
1706
1693
1693
1685
1683
1674
1669
1666
1667
1661
1657
1653
1650
1645
1642
1637
1638
1627
1632
1625
1634
1630
1635
1631
1634
1631
1640
1637
1632
1636
1636
1632
1641
1636
1636
1636
1636
1638
1636
1636
1632
1636
1637
1638
1641
1640
1644
1642
1648
1643
1645
1644
1643
1644
1643
1643
1643
1649
1648
1648
1649
1645
1648
1645
1649
1644
1649
1648
1648
1645
1643
1645
1643
1640
1636
1636
1634
1636
1641
1643
1643
1641
1643
1641
1637
1636
1635
1640
1640
1641
1640
1641
1640
1645
1644
1642
1638
1638
1636
1635
1636
1635
1636
1635
1636
1636
1638
1632
1637
1627
1619
1588
1550
1503
1449
1391
1333
1283
1250
1281
1347
1425
1501
1551
1588
1611
1630
1644
1649
1657
1661
1664
1664
1664
1673
1674
1673
1674
1674
1679
1673
1674
1677
1679
1681
1677
1681
1681
1687
1686
1686
1682
1689
1687
1687
1688
1688
1690
1689
1690
1690
1692
1690
1692
1693
1692
1689
1688
1683
1679
1680
1677
1675
1673
1667
1664
1660
1651
1649
1642
1642
1638
1640
1636
1635
1631
1630
1632
1630
1627
1625
1627
1627
1629
1629
1631
1629
1632
1631
1632
1630
1630
1631
1627
1630
1630
1631
1627
1631
1631
1635
1630
1634
1634
1638
1636
1637
1638
1636
1636
1632
1640
1638
1637
1640
1643
1645
1643
1645
1640
1643
1641
1644
1643
1643
1642
1648
1647
1643
1640
1641
1643
1641
1641
1642
1642
1635
1630
1630
1625
1630
1630
1634
1634
1638
1638
1636
1640
1638
1640
1632
1634
1635
1635
1635
1636
1640
1635
1637
1635
1640
1638
1640
1635
1641
1637
1635
1637
1636
1635
1635
1638
1635
1632
1621
1593
1560
1520
1467
1404
1337
1295
1287
1292
1357
1416
1492
1545
1584
1586
1611
1630
1643
1650
1662
1664
1668
1669
1669
1673
1679
1676
1676
1674
1674
1681
1683
1677
1679
1682
1685
1682
1683
1681
1682
1683
1689
1688
1690
1693
1694
1692
1693
1690
1688
1687
1688
1689
1695
1688
1692
1688
1685
1681
1680
1677
1676
1672
1669
1664
1660
1657
1655
1650
1648
1642
1640
1636
1632
1630
1631
1627
1627
1623
1627
1630
1634
1629
1630
1629
1635
1635
1636
1631
1634
1632
1632
1632
1635
1632
1632
1636
1636
1636
1630
1632
1629
1635
1630
1632
1638
1635
1640
1637
1643
1638
1640
1636
1643
1643
1642
1645
1641
1648
1644
1644
1645
1642
1644
1643
1643
1641
1645
1650
1645
1642
1641
1643
1638
1641
1640
1636
1631
1631
1630
1627
1631
1631
1637
1635
1638
1636
1634
1631
1635
1634
1632
1635
1631
1635
1634
1638
1636
1640
1632
1632
1635
1635
1634
1635
1636
1634
1634
1631
1635
1632
1634
1630
1630
1615
1593
1560
1518
1460
1409
1339
1302
1277
1301
1365
1435
1501
1552
1585
1608
1627
1641
1645
1649
1659
1660
1663
1663
1667
1668
1672
1672
1670
1669
1669
1669
1669
1673
1668
1669
1672
1670
1670
1676
1676
1677
1675
1676
1676
1679
1679
1676
1681
1680
1680
1681
1680
1674
1682
1683
1679
1675
1670
1674
1673
1668
1662
1660
1659
1647
1650
1644
1642
1632
1635
1629
1631
1630
1629
1622
1622
1622
1624
1619
1621
1622
1623
1627
1629
1628
1630
1627
1628
1627
1624
1624
1629
1630
1630
1630
1630
1631
1631
1634
1632
1632
1631
1636
1634
1637
1636
1636
1640
1640
1641
1641
1643
1643
1643
1648
1649
1643
1642
1647
1649
1653
1650
1648
1648
1642
1649
1653
1648
1645
1647
1650
1649
1650
1645
1641
1636
1631
1636
1634
1631
1630
1645
1644
1649
1650
1645
1641
1641
1642
1641
1643
1642
1643
1643
1643
1645
1643
1642
1642
1642
1640
1642
1640
1641
1642
1641
1643
1638
1640
1640
1641
1636
1632
1617
1592
1563
1527
1473
1397
1334
1294
1272
1302
1373
1453
1522
1567
1598
1622
1641
1655
1662
1669
1677
1674
1676
1673
1676
1680
1681
1683
1687
1686
1683
1686
1682
1681
1683
1692
1688
1686
1690
1692
1693
1693
1696
1698
1695
1692
1700
1696
1698
1694
1698
1694
1695
1698
1698
1694
1692
1693
1692
1688
1681
1681
1679
1673
1674
1669
1661
1659
1659
1654
1649
1644
1643
1638
1636
1640
1642
1636
1634
1631
1635
1641
1640
1641
1641
1641
1640
1641
1635
1637
1640
1637
1641
1643
1642
1641
1643
1641
1643
1641
1636
1640
1641
1642
1641
1643
1641
1644
1645
1641
1649
1644
1649
1648
1649
1654
1651
1653
1654
1653
1650
1648
1649
1649
1649
1653
1649
1651
1648
1650
1650
1653
1655
1649
1650
1645
1644
1643
1636
1636
1637
1645
1645
1648
1645
1644
1643
1641
1641
1641
1640
1644
1645
1649
1643
1648
1643
1649
1642
1641
1643
1643
1643
1647
1645
1648
1641
1643
1640
1641
1641
1640
1636
1634
1637
1614
1574
1527
1476
1419
1351
1305
1261
1264
1308
1388
1474
1541
1585
1612
1630
1649
1661
1667
1668
1673
1675
1679
1677
1679
1679
1683
1681
1688
1688
1687
1688
1687
1686
1688
1688
1688
1692
1692
1699
1696
1693
1695
1696
1696
1699
1695
1698
1701
1700
1700
1700
1706
1699
1696
1695
1701
1693
1690
1687
1687
1686
1682
1680
1669
1673
1664
1661
1654
1649
1649
1645
1650
1641
1641
1638
1638
1635
1640
1640
1637
1637
1638
1641
1640
1641
1636
1638
1636
1638
1641
1637
1655
1694
1675
1660
1654
1649
1648
1647
1645
1649
1645
1648
1643
1645
1641
1641
1641
1642
1643
1643
1649
1648
1649
1651
1650
1651
1648
1650
1649
1649
1653
1650
1650
1643
1648
1650
1650
1651
1649
1649
1644
1644
1641
1642
1636
1640
1640
1640
1643
1641
1645
1645
1645
1649
1649
1648
1644
1645
1643
1645
1643
1641
1641
1641
1641
1641
1644
1643
1645
1643
1643
1641
1640
1643
1643
1643
1640
1640
1635
1632
1611
1577
1541
1480
1423
1363
1314
1276
1275
1319
1393
1473
1535
1573
1602
1625
1641
1651
1660
1667
1667
1668
1676
1674
1675
1676
1676
1679
1683
1683
1681
1681
1683
1687
1692
1687
1685
1687
1686
1687
1688
1692
1695
1692
1696
1693
1696
1690
1692
1696
1695
1696
1696
1693
1695
1692
1692
1688
1683
1681
1681
1679
1673
1673
1674
1667
1663
1661
1655
1645
1641
1638
1636
1637
1638
1638
1635
1638
1640
1635
1631
1627
1634
1631
1634
1630
1634
1631
1632
1638
1640
1636
1637
1635
1635
1635
1632
1635
1631
1635
1635
1636
1635
1635
1635
1640
1641
1641
1641
1640
1641
1638
1641
1642
1641
1642
1644
1649
1649
1649
1648
1643
1648
1644
1642
1641
1641
1643
1643
1648
1645
1645
1642
1645
1645
1648
1649
1645
1642
1641
1635
1632
1634
1631
1632
1638
1636
1641
1634
1638
1634
1638
1637
1636
1635
1634
1640
1641
1641
1640
1640
1641
1643
1642
1641
1643
1641
1641
1641
1640
1638
1636
1640
1638
1638
1638
1641
1635
1616
1584
1544
1487
1409
1365
1321
1283
1269
1327
1389
1463
1522
1570
1595
1621
1636
1649
1656
1666
1666
1668
1672
1673
1676
1680
1681
1679
1688
1687
1682
1683
1687
1687
1686
1686
1688
1689
1688
1688
1692
1688
1668
1608
1638
1659
1670
1679
1683
1689
1689
1695
1694
1689
1694
1694
1692
1688
1687
1683
1683
1685
1679
1669
1664
1657
1660
1653
1654
1649
1645
1641
1641
1641
1632
1630
1630
1631
1630
1632
1632
1638
1635
1637
1641
1641
1640
1636
1638
1638
1641
1636
1641
1635
1640
1640
1641
1636
1641
1642
1643
1642
1637
1641
1641
1641
1643
1643
1645
1642
1643
1645
1649
1648
1648
1649
1648
1654
1650
1653
1651
1653
1654
1653
1650
1649
1649
1651
1653
1654
1650
1650
1650
1649
1649
1645
1644
1643
1640
1642
1642
1643
1642
1644
1641
1640
1636
1632
1634
1631
1634
1637
1640
1638
1641
1637
1640
1637
1635
1635
1636
1640
1640
1641
1640
1642
1640
1640
1636
1636
1640
1641
1640
1640
1637
1636
1631
1636
1640
1641
1634
1635
1631
1627
1598
1559
1518
1475
1416
1369
1324
1298
1302
1367
1434
1496
1546
1579
1598
1623
1641
1655
1657
1660
1667
1672
1674
1673
1673
1675
1673
1676
1677
1676
1675
1681
1681
1681
1680
1681
1687
1683
1685
1682
1687
1680
1683
1687
1688
1688
1687
1688
1689
1689
1692
1692
1688
1688
1687
1688
1685
1681
1679
1679
1675
1674
1669
1663
1660
1656
1655
1650
1649
1644
1642
1638
1634
1632
1630
1627
1629
1631
1628
1624
1629
1627
1631
1631
1631
1631
1634
1632
1635
1637
1631
1631
1629
1631
1625
1632
1631
1634
1630
1640
1635
1640
1632
1636
1636
1636
1640
1640
1642
1643
1645
1642
1641
1643
1642
1649
1643
1643
1641
1643
1645
1647
1651
1650
1648
1644
1648
1645
1644
1647
1643
1644
1644
1645
1648
1644
1644
1643
1649
1642
1641
1640
1644
1643
1643
1641
1641
1641
1638
1636
1632
1635
1634
1637
1638
1640
1638
1634
1643
1641
1644
1638
1644
1640
1642
1641
1641
1638
1638
1636
1638
1641
1641
1641
1637
1641
1640
1641
1640
1640
1638
1637
1641
1632
1630
1614
1591
1551
1516
1456
1390
1337
1288
1289
1326
1390
1461
1530
1570
1599
1627
1642
1650
1657
1664
1668
1673
1673
1673
1677
1687
1681
1683
1681
1681
1680
1688
1683
1681
1682
1686
1687
1686
1692
1692
1690
1689
1692
1690
1689
1692
1696
1693
1690
1694
1695
1693
1696
1699
1698
1693
1688
1688
1686
1683
1681
1677
1674
1672
1668
1663
1660
1659
1657
1651
1650
1643
1640
1636
1632
1634
1632
1631
1630
1631
1631
1631
1631
1631
1634
1630
1635
1635
1634
1631
1631
1636
1640
1634
1635
1631
1636
1635
1637
1636
1634
1631
1632
1636
1637
1634
1636
1636
1641
1640
1640
1635
1643
1638
1644
1643
1642
1644
1641
1645
1643
1643
1645
1645
1648
1645
1649
1641
1643
1641
1640
1641
1640
1641
1637
1643
1640
1645
1643
1644
1645
1641
1640
1636
1636
1631
1635
1630
1630
1623
1629
1629
1632
1634
1635
1636
1634
1634
1636
1638
1631
1632
1632
1638
1638
1635
1635
1637
1634
1640
1638
1635
1635
1634
1635
1636
1634
1632
1631
1634
1632
1636
1630
1629
1611
1579
1550
1501
1436
1372
1320
1277
1257
1279
1350
1432
1516
1560
1593
1616
1634
1645
1659
1659
1664
1662
1664
1673
1674
1672
1674
1674
1675
1681
1679
1677
1679
1681
1679
1681
1680
1682
1679
1685
1688
1688
1688
1687
1689
1689
1694
1695
1688
1692
1693
1693
1688
1692
1693
1690
1688
1689
1690
1686
1681
1680
1674
1674
1669
1663
1660
1656
1653
1649
1642
1638
1641
1640
1632
1634
1632
1628
1629
1629
1630
1629
1624
1628
1631
1630
1630
1634
1630
1630
1622
1666
1653
1642
1638
1638
1635
1635
1636
1638
1632
1636
1640
1636
1634
1631
1635
1636
1635
1635
1632
1637
1636
1643
1641
1640
1635
1641
1641
1642
1645
1643
1649
1643
1648
1644
1647
1645
1643
1649
1643
1647
1643
1640
1638
1641
1637
1643
1640
1638
1640
1630
1631
1627
1627
1629
1631
1631
1640
1635
1640
1631
1635
1630
1631
1631
1635
1635
1641
1641
1637
1640
1635
1636
1631
1630
1627
1635
1631
1635
1631
1631
1635
1635
1636
1636
1631
1630
1629
1624
1612
1586
1548
1498
1442
1385
1327
1289
1261
1290
1359
1428
1499
1553
1583
1608
1625
1638
1647
1654
1664
1669
1669
1668
1670
1668
1669
1674
1670
1668
1674
1673
1674
1675
1674
1676
1676
1673
1679
1682
1686
1681
1683
1686
1683
1682
1683
1683
1676
1685
1688
1683
1686
1687
1687
1680
1686
1683
1679
1679
1679
1673
1668
1660
1657
1660
1654
1650
1648
1642
1641
1640
1637
1630
1628
1624
1625
1624
1621
1624
1625
1624
1627
1630
1627
1622
1623
1624
1627
1624
1625
1621
1623
1622
1625
1624
1624
1622
1624
1624
1628
1622
1627
1623
1630
1625
1630
1627
1629
1629
1631
1631
1632
1635
1635
1636
1631
1640
1631
1638
1632
1640
1640
1638
1635
1636
1640
1636
1635
1635
1636
1636
1640
1635
1631
1628
1632
1634
1632
1635
1630
1628
1624
1631
1631
1631
1627
1634
1623
1627
1615
1623
1619
1622
1622
1631
1627
1625
1625
1631
1628
1632
1630
1630
1625
1623
1629
1627
1625
1624
1627
1629
1630
1629
1630
1630
1629
1628
1627
1624
1625
1625
1625
1629
1629
1622
1616
1591
1554
1516
1454
1397
1339
1309
1285
1280
1332
1399
1475
1531
1572
1593
1612
1630
1638
1643
1650
1655
1664
1662
1651
1661
1661
1662
1668
1669
1667
1667
1666
1669
1673
1669
1673
1672
1669
1676
1677
1674
1674
1677
1680
1681
1681
1679
1676
1681
1681
1677
1681
1681
1679
1677
1682
1679
1679
1677
1669
1668
1667
1664
1660
1656
1656
1650
1645
1647
1641
1634
1629
1627
1627
1624
1622
1618
1622
1618
1623
1617
1623
1621
1622
1622
1625
1619
1624
1623
1628
1624
1624
1622
1624
1616
1623
1618
1623
1621
1624
1622
1627
1625
1625
1624
1625
1623
1629
1627
1625
1624
1631
1631
1631
1631
1631
1634
1634
1636
1632
1635
1631
1640
1636
1638
1635
1637
1637
1641
1638
1632
1630
1629
1631
1630
1630
1627
1631
1629
1631
1627
1630
1623
1627
1624
1629
1624
1621
1617
1622
1614
1617
1619
1621
1616
1619
1619
1622
1622
1623
1624
1627
1625
1625
1622
1621
1624
1623
1622
1624
1624
1630
1631
1630
1625
1630
1627
1627
1622
1623
1622
1625
1618
1622
1617
1616
1595
1564
1527
1502
1436
1370
1302
1267
1262
1318
1385
1447
1515
1558
1589
1612
1622
1632
1640
1649
1651
1655
1657
1657
1657
1661
1662
1661
1663
1663
1664
1670
1669
1668
1667
1667
1666
1673
1669
1670
1670
1673
1677
1677
1674
1674
1679
1680
1677
1677
1675
1676
1679
1679
1676
1679
1680
1679
1676
1675
1670
1668
1664
1661
1660
1655
1650
1647
1640
1638
1635
1631
1625
1624
1622
1625
1624
1624
1624
1625
1624
1627
1624
1621
1619
1623
1622
1624
1625
1624
1622
1623
1623
1627
1625
1628
1623
1627
1630
1627
1624
1627
1628
1630
1631
1635
1632
1630
1635
1632
1631
1631
1635
1631
1636
1640
1637
1636
1638
1640
1641
1641
1636
1640
1640
1643
1640
1645
1640
1640
1638
1638
1640
1636
1641
1640
1640
1660
1680
1662
1650
1642
1643
1638
1635
1631
1631
1625
1623
1621
1622
1623
1625
1624
1629
1627
1627
1630
1635
1635
1634
1635
1631
1631
1630
1631
1630
1635
1630
1632
1631
1631
1627
1631
1630
1631
1630
1631
1634
1632
1631
1631
1625
1622
1606
1582
1541
1488
1431
1378
1321
1272
1256
1289
1364
1444
1518
1558
1593
1615
1628
1642
1654
1659
1666
1668
1667
1672
1668
1668
1673
1669
1663
1667
1673
1674
1677
1677
1679
1680
1685
1679
1681
1679
1680
1687
1687
1687
1687
1683
1686
1687
1687
1685
1688
1685
1688
1690
1686
1682
1692
1683
1683
1683
1674
1668
1669
1667
1667
1662
1655
1654
1649
1645
1641
1636
1630
1631
1627
1627
1623
1622
1624
1627
1624
1631
1629
1627
1625
1627
1625
1627
1622
1622
1629
1625
1625
1629
1629
1627
1631
1631
1631
1627
1630
1631
1630
1631
1635
1632
1634
1636
1636
1636
1630
1631
1635
1643
1636
1637
1640
1641
1638
1637
1642
1636
1641
1636
1643
1643
1641
1641
1640
1640
1638
1641
1635
1637
1634
1638
1640
1640
1642
1640
1636
1628
1627
1625
1622
1623
1629
1628
1630
1625
1627
1629
1631
1632
1632
1630
1628
1632
1631
1632
1630
1631
1629
1631
1628
1632
1630
1631
1630
1632
1631
1630
1630
1631
1630
1630
1630
1625
1619
1598
1565
1525
1455
1405
1334
1280
1254
1274
1321
1403
1479
1540
1574
1604
1622
1636
1649
1655
1657
1666
1663
1667
1669
1669
1672
1670
1673
1670
1673
1677
1679
1673
1673
1674
1681
1679
1679
1679
1683
1683
1682
1680
1682
1685
1689
1690
1688
1688
1687
1688
1688
1693
1690
1686
1681
1683
1680
1677
1679
1679
1679
1674
1668
1666
1659
1651
1649
1645
1644
1636
1634
1631
1631
1630
1614
1621
1623
1624
1627
1637
1624
1623
1625
1627
1625
1627
1627
1627
1630
1632
1631
1628
1624
1630
1629
1628
1630
1630
1630
1627
1634
1631
1631
1630
1631
1631
1635
1632
1632
1635
1636
1638
1637
1637
1635
1637
1641
1645
1640
1641
1640
1636
1638
1640
1636
1635
1634
1631
1634
1634
1636
1637
1632
1631
1630
1629
1630
1630
1629
1625
1625
1627
1628
1627
1628
1631
1636
1629
1623
1630
1630
1631
1625
1630
1624
1627
1627
1627
1630
1630
1630
1634
1634
1631
1630
1630
1625
1629
1628
1624
1627
1622
1622
1614
1584
1544
1522
1473
1403
1359
1305
1266
1264
1332
1411
1480
1530
1567
1592
1618
1634
1643
1649
1654
1656
1659
1657
1660
1662
1666
1666
1661
1668
1669
1668
1673
1673
1669
1669
1670
1673
1674
1674
1674
1675
1674
1677
1679
1679
1681
1677
1679
1688
1687
1686
1683
1683
1681
1683
1681
1679
1677
1679
1674
1674
1669
1660
1659
1653
1654
1649
1642
1641
1636
1635
1631
1627
1622
1622
1623
1622
1622
1621
1621
1623
1618
1621
1621
1621
1621
1624
1622
1624
1622
1625
1621
1624
1622
1623
1622
1624
1621
1624
1624
1627
1622
1624
1625
1628
1627
1628
1630
1629
1631
1630
1632
1634
1638
1636
1636
1635
1635
1634
1635
1638
1640
1638
1636
1641
1636
1640
1640
1638
1636
1641
1640
1638
1641
1630
1634
1630
1635
1634
1631
1627
1630
1624
1624
1618
1619
1618
1627
1629
1632
1630
1631
1631
1628
1630
1627
1630
1629
1631
1630
1634
1623
1631
1627
1631
1630
1632
1630
1634
1631
1637
1634
1634
1629
1631
1631
1631
1631
1628
1627
1612
1583
1525
1489
1423
1370
1319
1280
1272
1309
1383
1464
1518
1563
1592
1611
1627
1640
1650
1643
1573
1604
1630
1642
1653
1657
1660
1661
1668
1672
1669
1670
1668
1676
1677
1677
1679
1676
1674
1676
1681
1679
1680
1680
1683
1682
1685
1683
1683
1683
1680
1683
1683
1687
1683
1682
1683
1683
1681
1677
1674
1672
1669
1668
1664
1657
1653
1650
1641
1641
1637
1636
1628
1630
1628
1624
1622
1623
1622
1624
1624
1625
1623
1627
1629
1630
1625
1623
1622
1627
1622
1627
1624
1630
1624
1628
1625
1625
1623
1627
1627
1631
1627
1628
1629
1630
1631
1630
1630
1630
1630
1636
1640
1640
1640
1636
1637
1636
1635
1638
1636
1640
1632
1641
1636
1641
1637
1638
1637
1638
1638
1636
1636
1635
1636
1632
1627
1631
1631
1630
1630
1629
1630
1621
1624
1619
1624
1619
1624
1627
1630
1627
1629
1623
1623
1624
1629
1631
1628
1630
1624
1629
1630
1630
1627
1631
1625
1627
1629
1635
1629
1627
1628
1629
1628
1627
1627
1627
1622
1617
1593
1550
1514
1469
1409
1350
1302
1280
1293
1352
1427
1496
1544
1577
1599
1623
1636
1644
1657
1657
1662
1664
1669
1668
1667
1666
1668
1669
1667
1669
1669
1664
1672
1673
1673
1669
1675
1679
1674
1679
1677
1680
1682
1681
1679
1681
1681
1679
1681
1685
1683
1683
1683
1681
1683
1687
1686
1679
1677
1679
1674
1669
1668
1662
1662
1659
1651
1650
1648
1643
1636
1637
1631
1631
1630
1627
1627
1624
1623
1622
1624
1629
1630
1623
1624
1630
1631
1631
1636
1630
1631
1630
1631
1630
1634
1631
1635
1634
1635
1637
1630
1631
1630
1635
1635
1640
1638
1640
1641
1642
1640
1641
1638
1638
1641
1642
1648
1641
1645
1643
1644
1642
1642
1643
1641
1645
1645
1645
1643
1641
1644
1641
1641
1640
1641
1638
1638
1638
1640
1640
1532
1558
1584
1604
1615
1625
1627
1631
1631
1636
1631
1631
1635
1637
1635
1641
1640
1641
1641
1636
1642
1638
1637
1636
1640
1640
1641
1637
1640
1640
1636
1636
1635
1636
1631
1636
1622
1597
1567
1526
1466
1403
1347
1290
1257
1274
1340
1421
1501
1553
1588
1611
1630
1642
1655
1660
1667
1672
1677
1677
1676
1675
1673
1677
1679
1681
1677
1676
1679
1683
1682
1679
1681
1681
1680
1688
1693
1688
1688
1688
1692
1688
1692
1692
1692
1696
1696
1696
1695
1693
1699
1695
1690
1693
1687
1687
1681
1679
1677
1677
1673
1668
1663
1662
1655
1654
1645
1641
1638
1636
1636
1636
1630
1630
1631
1630
1631
1631
1634
1635
1631
1631
1631
1629
1630
1636
1637
1637
1636
1640
1635
1635
1632
1632
1632
1631
1636
1640
1640
1636
1638
1640
1637
1641
1640
1636
1638
1638
1641
1642
1642
1641
1645
1641
1644
1644
1643
1643
1648
1649
1649
1649
1643
1643
1643
1643
1641
1642
1637
1634
1635
1635
1631
1628
1635
1632
1638
1640
1641
1635
1636
1640
1636
1636
1630
1636
1636
1641
1636
1636
1635
1636
1640
1635
1638
1630
1638
1631
1636
1631
1638
1640
1638
1636
1638
1632
1627
1621
1597
1551
1515
1464
1388
1333
1286
1264
1274
1332
1409
1488
1546
1578
1605
1624
1636
1650
1653
1659
1662
1666
1673
1675
1674
1672
1673
1677
1674
1675
1675
1673
1676
1680
1682
1679
1686
1681
1682
1683
1688
1686
1688
1687
1686
1688
1689
1687
1687
1692
1693
1692
1688
1688
1688
1688
1686
1687
1681
1673
1672
1669
1666
1669
1662
1657
1651
1650
1645
1643
1636
1631
1636
1629
1630
1627
1630
1624
1630
1624
1629
1625
1630
1630
1635
1631
1635
1630
1634
1631
1634
1630
1674
1676
1660
1650
1643
1643
1641
1640
1635
1636
1634
1630
1630
1632
1630
1632
1631
1635
1636
1641
1641
1642
1642
1641
1643
1640
1643
1640
1642
1642
1643
1642
1641
1640
1637
1642
1642
1645
1640
1637
1634
1632
1630
1632
1634
1630
1632
1637
1641
1635
1637
1635
1638
1638
1640
1641
1638
1635
1632
1636
1635
1637
1635
1640
1640
1638
1636
1636
1636
1636
1640
1635
1631
1631
1631
1632
1631
1622
1589
1556
1516
1464
1409
1354
1302
1273
1281
1347
1416
1488
1540
1577
1602
1622
1635
1645
1657
1662
1662
1664
1664
1664
1668
1668
1668
1673
1673
1674
1679
1674
1674
1673
1677
1674
1679
1677
1679
1680
1680
1681
1683
1686
1683
1682
1685
1687
1687
1683
1686
1688
1687
1683
1686
1683
1683
1686
1680
1679
1674
1669
1664
1662
1656
1650
1648
1643
1641
1636
1636
1631
1631
1625
1629
1625
1624
1622
1625
1625
1629
1627
1627
1625
1624
1627
1627
1629
1630
1631
1627
1630
1628
1627
1624
1623
1625
1627
1627
1627
1629
1629
1627
1635
1624
1629
1629
1631
1631
1632
1635
1636
1635
1631
1637
1635
1636
1636
1636
1641
1638
1636
1631
1637
1634
1640
1635
1640
1635
1636
1635
1632
1635
1632
1638
1635
1634
1630
1627
1622
1622
1621
1624
1625
1630
1631
1634
1631
1632
1631
1631
1634
1630
1631
1630
1631
1631
1631
1630
1630
1634
1635
1631
1630
1631
1636
1630
1629
1630
1630
1631
1630
1631
1631
1627
1614
1584
1541
1502
1453
1393
1335
1285
1283
1313
1373
1440
1509
1550
1584
1612
1630
1642
1649
1657
1661
1663
1663
1669
1664
1669
1670
1674
1674
1675
1669
1674
1676
1673
1677
1679
1677
1679
1682
1680
1680
1682
1683
1685
1687
1687
1686
1686
1630
1615
1641
1659
1663
1672
1677
1681
1683
1680
1679
1675
1675
1673
1668
1663
1660
1659
1655
1649
1648
1636
1640
1636
1632
1631
1630
1630
1629
1625
1632
1622
1625
1624
1625
1629
1629
1625
1630
1629
1630
1630
1631
1635
1631
1631
1631
1631
1631
1631
1630
1634
1631
1634
1632
1634
1631
1632
1632
1631
1634
1632
1640
1636
1640
1641
1644
1645
1648
1647
1645
1643
1643
1642
1636
1638
1641
1643
1643
1641
1640
1640
1641
1641
1645
1643
1640
1640
1631
1635
1635
1634
1629
1631
1630
1638
1634
1634
1635
1640
1640
1635
1636
1631
1636
1635
1641
1636
1640
1637
1637
1638
1640
1635
1635
1636
1636
1635
1636
1636
1634
1637
1640
1631
1625
1624
1608
1574
1548
1498
1425
1365
1300
1276
1282
1333
1403
1480
1537
1578
1603
1621
1637
1649
1655
1661
1663
1668
1674
1670
1673
1673
1674
1674
1680
1679
1679
1679
1679
1677
1679
1679
1683
1679
1681
1683
1687
1688
1689
1686
1688
1692
1692
1689
1692
1692
1688
1692
1688
1690
1689
1688
1688
1690
1688
1680
1677
1676
1673
1670
1664
1660
1661
1654
1649
1644
1641
1634
1636
1634
1634
1631
1630
1629
1628
1630
1631
1631
1627
1630
1631
1635
1635
1634
1632
1636
1636
1632
1632
1630
1634
1634
1636
1634
1636
1631
1637
1638
1642
1640
1638
1641
1640
1641
1640
1643
1640
1641
1642
1641
1642
1643
1645
1648
1649
1651
1648
1650
1648
1650
1650
1648
1645
1644
1647
1643
1649
1647
1644
1648
1643
1647
1643
1641
1636
1636
1631
1631
1636
1635
1635
1641
1643
1642
1642
1640
1641
1637
1641
1641
1638
1640
1642
1645
1648
1647
1643
1641
1641
1640
1642
1640
1643
1643
1645
1643
1636
1641
1635
1638
1636
1636
1628
1603
1567
1522
1480
1402
1340
1272
1248
1248
1318
1393
1483
1544
1585
1611
1631
1645
1657
1664
1670
1681
1679
1679
1680
1683
1683
1681
1683
1686
1690
1688
1687
1686
1687
1692
1688
1692
1695
1692
1692
1693
1698
1695
1699
1699
1698
1700
1701
1705
1700
1699
1699
1699
1699
1692
1696
1693
1692
1689
1689
1688
1681
1680
1677
1674
1668
1662
1655
1654
1649
1649
1645
1643
1640
1636
1641
1636
1635
1632
1637
1635
1640
1635
1640
1636
1641
1636
1636
1631
1635
1637
1635
1636
1638
1640
1635
1640
1638
1636
1637
1636
1640
1638
1641
1643
1645
1641
1643
1645
1642
1643
1641
1643
1645
1643
1644
1644
1641
1641
1645
1645
1645
1645
1649
1647
1644
1645
1641
1641
1643
1643
1644
1643
1642
1641
1636
1636
1634
1630
1636
1635
1635
1638
1638
1638
1640
1640
1640
1637
1641
1637
1642
1638
1640
1640
1640
1637
1641
1640
1640
1640
1636
1640
1638
1641
1641
1638
1636
1636
1637
1630
1631
1624
1605
1574
1534
1489
1411
1351
1309
1287
1263
1309
1384
1462
1521
1567
1597
1614
1640
1644
1657
1661
1662
1664
1673
1672
1672
1673
1675
1672
1675
1679
1681
1682
1681
1679
1681
1683
1683
1680
1682
1688
1683
1688
1688
1690
1692
1688
1693
1696
1693
1692
1695
1698
1694
1688
1693
1692
1688
1687
1688
1687
1682
1675
1673
1673
1669
1660
1659
1654
1650
1645
1641
1640
1637
1636
1636
1636
1631
1631
1631
1631
1631
1631
1630
1634
1629
1632
1635
1634
1630
1631
1629
1630
1632
1631
1631
1631
1635
1631
1635
1630
1635
1632
1635
1636
1634
1635
1636
1641
1640
1637
1636
1643
1641
1645
1644
1647
1649
1642
1648
1640
1643
1650
1650
1649
1636
1640
1636
1638
1641
1643
1648
1641
1649
1643
1649
1644
1642
1641
1640
1640
1636
1640
1636
1635
1632
1631
1631
1631
1634
1635
1635
1636
1636
1636
1632
1631
1637
1632
1635
1635
1636
1636
1636
1641
1641
1640
1637
1642
1641
1640
1636
1636
1627
1640
1638
1635
1634
1632
1635
1631
1615
1584
1544
1485
1432
1376
1333
1295
1280
1321
1383
1454
1514
1563
1593
1619
1634
1641
1648
1657
1660
1668
1669
1668
1673
1674
1677
1674
1674
1672
1673
1679
1675
1679
1679
1677
1681
1683
1681
1681
1680
1683
1683
1687
1688
1685
1683
1686
1689
1688
1686
1688
1688
1683
1688
1688
1688
1686
1683
1677
1674
1672
1664
1664
1660
1659
1659
1653
1649
1643
1638
1630
1629
1623
1624
1624
1625
1622
1625
1624
1627
1627
1630
1629
1628
1625
1627
1627
1625
1627
1624
1624
1627
1631
1627
1624
1624
1628
1629
1631
1623
1628
1627
1629
1631
1631
1631
1635
1630
1631
1635
1631
1634
1634
1641
1641
1642
1638
1640
1640
1638
1641
1640
1641
1641
1642
1643
1643
1645
1641
1642
1638
1638
1636
1638
1638
1632
1644
1638
1643
1634
1635
1631
1638
1636
1635
1631
1627
1627
1627
1621
1619
1623
1624
1625
1624
1630
1631
1635
1631
1638
1631
1632
1629
1631
1631
1631
1631
1631
1632
1632
1636
1631
1630
1630
1636
1636
1637
1630
1630
1629
1629
1627
1625
1621
1608
1577
1530
1489
1412
1358
1301
1274
1269
1327
1395
1469
1530
1573
1598
1617
1635
1649
1654
1657
1663
1664
1666
1669
1669
1673
1672
1670
1677
1677
1674
1676
1674
1677
1676
1679
1677
1679
1681
1682
1681
1682
1688
1692
1692
1692
1695
1692
1689
1687
1690
1689
1692
1689
1690
1688
1690
1687
1662
1663
1667
1667
1669
1667
1669
1664
1660
1654
1650
1649
1643
1638
1635
1635
1634
1631
1630
1631
1629
1630
1635
1636
1630
1631
1631
1631
1635
1634
1635
1632
1636
1635
1636
1635
1634
1636
1634
1636
1635
1636
1634
1636
1635
1642
1637
1640
1640
1641
1641
1636
1636
1637
1645
1643
1649
1647
1645
1643
1641
1642
1641
1642
1645
1645
1644
1645
1645
1642
1648
1649
1647
1642
1637
1641
1641
1643
1643
1641
1637
1632
1632
1631
1629
1629
1631
1635
1637
1635
1636
1634
1638
1638
1640
1631
1634
1631
1635
1635
1636
1638
1635
1636
1638
1638
1631
1635
1635
1640
1634
1632
1636
1631
1635
1631
1636
1635
1630
1614
1584
1532
1485
1431
1357
1303
1262
1264
1307
1378
1454
1522
1563
1596
1614
1632
1644
1651
1656
1664
1666
1667
1668
1670
1672
1675
1674
1673
1673
1677
1675
1677
1676
1674
1674
1681
1679
1679
1682
1682
1686
1689
1688
1679
1687
1688
1690
1689
1692
1689
1692
1695
1690
1690
1688
1687
1687
1683
1677
1677
1676
1669
1666
1663
1660
1656
1649
1650
1645
1648
1640
1634
1631
1630
1629
1625
1624
1622
1622
1624
1622
1623
1625
1624
1627
1624
1627
1627
1630
1625
1631
1631
1629
1625
1631
1627
1631
1631
1631
1631
1635
1636
1634
1634
1638
1635
1631
1635
1636
1638
1635
1641
1640
1642
1641
1638
1640
1638
1640
1641
1643
1640
1638
1640
1638
1641
1640
1641
1641
1642
1635
1637
1631
1635
1637
1638
1635
1631
1630
1629
1624
1627
1629
1627
1627
1631
1634
1631
1630
1629
1630
1627
1635
1632
1635
1636
1636
1637
1638
1634
1634
1634
1635
1640
1638
1632
1635
1636
1636
1636
1636
1635
1635
1631
1634
1630
1627
1608
1565
1520
1498
1508
1441
1343
1301
1295
1339
1398
1466
1530
1570
1599
1619
1635
1645
1649
1659
1659
1659
1663
1662
1664
1676
1670
1674
1677
1674
1679
1679
1672
1673
1675
1676
1680
1682
1679
1681
1686
1681
1680
1679
1683
1687
1686
1688
1690
1687
1687
1687
1688
1688
1688
1687
1686
1689
1679
1677
1677
1672
1668
1669
1661
1655
1651
1649
1650
1640
1640
1631
1635
1627
1631
1625
1627
1623
1624
1624
1629
1624
1629
1627
1627
1625
1627
1624
1629
1627
1627
1627
1631
1625
1627
1624
1630
1631
1632
1624
1627
1630
1627
1631
1629
1630
1631
1634
1631
1636
1635
1636
1638
1640
1638
1636
1636
1635
1645
1644
1643
1638
1636
1638
1640
1641
1641
1641
1638
1637
1636
1638
1638
1640
1632
1634
1634
1630
1631
1634
1632
1628
1631
1624
1621
1619
1619
1621
1622
1621
1624
1624
1632
1631
1630
1630
1635
1630
1630
1630
1627
1625
1630
1631
1630
1630
1629
1630
1631
1635
1634
1635
1631
1635
1631
1636
1637
1631
1630
1629
1625
1612
1583
1540
1502
1466
1393
1343
1287
1275
1300
1371
1432
1496
1545
1579
1602
1622
1632
1645
1651
1651
1660
1661
1660
1664
1669
1664
1667
1666
1668
1673
1673
1672
1676
1676
1679
1679
1679
1679
1680
1679
1680
1679
1680
1686
1683
1679
1687
1688
1686
1687
1692
1688
1687
1687
1687
1687
1682
1681
1681
1677
1673
1674
1669
1667
1661
1660
1653
1649
1641
1638
1640
1635
1631
1631
1629
1625
1627
1628
1629
1627
1627
1628
1630
1625
1631
1629
1631
1631
1635
1634
1632
1632
1635
1635
1631
1631
1632
1636
1634
1636
1635
1631
1635
1634
1636
1636
1641
1641
1638
1641
1642
1642
1636
1640
1643
1642
1642
1644
1645
1648
1649
1647
1648
1637
1641
1641
1640
1637
1641
1643
1643
1643
1641
1643
1637
1636
1640
1641
1632
1635
1641
1641
1641
1636
1636
1627
1630
1625
1632
1627
1631
1630
1636
1634
1637
1632
1635
1636
1636
1641
1635
1638
1637
1641
1636
1638
1636
1636
1636
1644
1643
1640
1635
1634
1641
1640
1638
1640
1640
1632
1632
1631
1617
1578
1528
1489
1438
1389
1337
1295
1285
1328
1397
1468
1528
1567
1593
1619
1634
1648
1654
1662
1668
1669
1669
1673
1670
1673
1674
1676
1674
1673
1674
1674
1680
1679
1680
1679
1682
1687
1683
1685
1687
1688
1693
1689
1690
1690
1688
1692
1692
1695
1693
1695
1698
1696
1689
1692
1693
1690
1688
1687
1687
1681
1674
1673
1668
1667
1661
1660
1659
1650
1648
1641
1638
1634
1632
1634
1634
1630
1635
1634
1636
1634
1640
1635
1632
1630
1631
1631
1636
1636
1632
1638
1636
1640
1637
1635
1635
1638
1636
1637
1638
1635
1640
1638
1642
1640
1641
1640
1641
1643
1642
1644
1642
1641
1641
1649
1650
1645
1648
1648
1650
1648
1642
1645
1648
1649
1651
1653
1648
1645
1649
1648
1649
1644
1641
1643
1643
1642
1644
1644
1642
1642
1647
1643
1641
1641
1643
1643
1640
1640
1632
1631
1630
1634
1632
1635
1631
1636
1643
1643
1645
1641
1642
1640
1640
1640
1640
1641
1640
1641
1640
1642
1641
1644
1642
1641
1642
1641
1636
1638
1640
1640
1642
1642
1643
1640
1631
1627
1603
1556
1512
1466
1403
1356
1287
1251
1272
1332
1416
1501
1556
1586
1614
1636
1653
1663
1664
1668
1676
1679
1682
1681
1677
1683
1687
1686
1685
1688
1687
1689
1689
1692
1692
1692
1694
1696
1696
1692
1698
1696
1696
1696
1702
1701
1698
1699
1700
1701
1699
1699
1681
1675
1689
1693
1694
1692
1693
1692
1687
1680
1677
1681
1676
1670
1669
1664
1659
1653
1650
1645
1648
1645
1638
1638
1640
1641
1638
1637
1641
1641
1645
1640
1642
1643
1643
1642
1641
1640
1641
1640
1638
1643
1640
1643
1643
1649
1645
1648
1647
1643
1645
1648
1650
1645
1645
1650
1650
1649
1650
1650
1650
1653
1651
1650
1651
1650
1649
1648
1650
1649
1648
1650
1649
1654
1655
1653
1650
1647
1645
1650
1650
1649
1645
1649
1643
1642
1638
1641
1640
1637
1642
1641
1642
1640
1644
1648
1645
1645
1642
1642
1637
1641
1641
1645
1643
1645
1649
1643
1645
1643
1640
1638
1636
1640
1640
1638
1636
1640
1638
1643
1641
1634
1624
1601
1566
1514
1467
1398
1344
1294
1270
1280
1338
1409
1488
1544
1579
1606
1624
1640
1650
1656
1662
1669
1667
1673
1673
1674
1673
1676
1673
1677
1679
1679
1677
1683
1679
1679
1683
1688
1687
1685
1687
1687
1688
1689
1689
1692
1692
1694
1693
1690
1689
1692
1695
1695
1694
1693
1693
1690
1687
1686
1682
1681
1679
1673
1670
1672
1662
1662
1655
1653
1650
1644
1638
1636
1636
1635
1636
1635
1630
1631
1630
1634
1631
1631
1630
1635
1635
1635
1632
1636
1631
1635
1636
1636
1636
1635
1635
1635
1638
1637
1640
1635
1637
1637
1636
1636
1636
1640
1636
1641
1641
1642
1642
1642
1645
1647
1649
1648
1653
1650
1648
1647
1644
1645
1643
1650
1650
1650
1648
1648
1648
1645
1645
1643
1641
1644
1641
1643
1642
1640
1641
1643
1640
1635
1635
1634
1634
1630
1635
1635
1631
1631
1636
1640
1640
1638
1642
1642
1643
1643
1644
1642
1641
1641
1641
1637
1641
1637
1642
1640
1643
1641
1642
1640
1637
1641
1640
1641
1630
1688
1663
1650
1624
1584
1548
1496
1441
1383
1324
1287
1289
1327
1395
1464
1524
1565
1595
1618
1635
1644
1653
1657
1664
1669
1664
1673
1672
1672
1676
1677
1674
1672
1674
1675
1676
1676
1677
1679
1681
1683
1685
1683
1682
1682
1687
1681
1687
1688
1688
1692
1692
1695
1693
1686
1692
1688
1689
1686
1688
1688
1683
1683
1679
1674
1676
1673
1666
1663
1657
1656
1649
1650
1641
1643
1640
1636
1629
1631
1627
1627
1632
1634
1634
1630
1631
1631
1630
1625
1628
1629
1631
1630
1635
1631
1634
1631
1636
1631
1631
1631
1630
1632
1630
1630
1630
1631
1629
1631
1631
1634
1631
1635
1635
1638
1636
1635
1634
1634
1640
1637
1638
1640
1643
1642
1641
1640
1636
1641
1641
1641
1638
1640
1636
1640
1638
1636
1637
1634
1641
1635
1641
1636
1632
1630
1635
1635
1636
1631
1627
1627
1627
1627
1628
1624
1622
1624
1624
1629
1627
1629
1623
1630
1629
1632
1630
1634
1629
1635
1635
1635
1635
1632
1631
1631
1634
1630
1636
1624
1634
1630
1630
1629
1634
1629
1630
1625
1623
1611
1593
1559
1525
1464
1395
1357
1306
1286
1296
1354
1422
1492
1539
1577
1605
1619
1635
1645
1645
1654
1659
1659
1662
1663
1669
1669
1669
1668
1673
1673
1673
1673
1673
1674
1673
1676
1675
1677
1679
1679
1674
1677
1676
1683
1679
1680
1683
1692
1685
1685
1686
1687
1683
1682
1686
1683
1682
1682
1683
1674
1674
1669
1668
1663
1656
1655
1654
1650
1649
1645
1642
1634
1635
1631
1634
1629
1628
1627
1630
1625
1629
1628
1629
1623
1631
1631
1630
1631
1631
1631
1631
1630
1632
1635
1632
1632
1636
1631
1629
1634
1630
1631
1632
1632
1630
1631
1631
1632
1635
1634
1632
1649
1668
1660
1657
1649
1645
1644
1647
1643
1642
1640
1640
1641
1641
1645
1642
1641
1642
1641
1643
1637
1640
1636
1636
1631
1636
1637
1637
1635
1641
1636
1630
1631
1627
1630
1625
1628
1627
1629
1625
1632
1630
1630
1629
1634
1632
1635
1632
1640
1634
1638
1636
1636
1631
1631
1635
1636
1640
1636
1635
1632
1635
1631
1631
1634
1631
1627
1628
1622
1602
1567
1530
1477
1431
1374
1325
1290
1283
1335
1397
1474
1527
1570
1597
1619
1631
1643
1649
1653
1655
1664
1664
1660
1663
1663
1664
1669
1669
1672
1673
1673
1675
1674
1670
1670
1676
1676
1679
1676
1677
1681
1681
1681
1681
1679
1681
1680
1682
1681
1687
1683
1683
1681
1686
1681
1680
1676
1673
1675
1672
1669
1664
1662
1654
1655
1650
1649
1642
1640
1635
1632
1629
1624
1618
1622
1622
1627
1622
1623
1621
1625
1619
1622
1623
1624
1622
1624
1627
1627
1625
1627
1627
1625
1629
1625
1628
1629
1627
1630
1629
1624
1627
1625
1630
1630
1631
1631
1635
1634
1636
1635
1635
1627
1631
1635
1636
1634
1635
1635
1632
1636
1636
1635
1632
1632
1632
1635
1631
1631
1630
1631
1632
1630
1630
1629
1628
1629
1630
1625
1627
1629
1627
1625
1622
1617
1619
1617
1621
1622
1622
1621
1623
1627
1625
1630
1622
1624
1625
1628
1630
1631
1627
1630
1631
1631
1627
1630
1627
1629
1630
1631
1624
1624
1623
1629
1629
1631
1627
1630
1623
1623
1602
1567
1524
1473
1405
1347
1305
1255
1243
1303
1373
1459
1527
1565
1592
1612
1627
1640
1649
1655
1664
1663
1668
1668
1666
1664
1669
1666
1669
1669
1668
1673
1672
1675
1677
1677
1676
1677
1674
1676
1681
1679
1679
1681
1683
1685
1683
1683
1681
1688
1693
1695
1688
1687
1688
1687
1686
1683
1680
1677
1679
1676
1669
1666
1660
1657
1657
1649
1647
1643
1638
1638
1637
1630
1629
1624
1625
1624
1624
1624
1625
1621
1624
1627
1629
1622
1622
1627
1630
1627
1632
1627
1630
1622
1624
1627
1630
1625
1631
1631
1632
1631
1635
1630
1632
1635
1631
1627
1629
1627
1631
1636
1640
1644
1640
1643
1637
1636
1634
1635
1637
1640
1636
1636
1636
1636
1636
1634
1638
1636
1640
1634
1634
1630
1635
1634
1635
1628
1629
1630
1627
1621
1622
1621
1625
1625
1622
1623
1627
1623
1624
1625
1625
1623
1625
1629
1627
1627
1627
1624
1623
1628
1629
1629
1622
1625
1622
1627
1625
1627
1622
1627
1628
1631
1625
1624
1619
1621
1603
1570
1527
1483
1423
1358
1309
1269
1243
1283
1359
1434
1503
1548
1583
1599
1622
1631
1637
1645
1653
1655
1660
1660
1660
1662
1662
1662
1662
1660
1668
1664
1663
1669
1662
1668
1672
1669
1672
1674
1677
1676
1676
1679
1677
1677
1677
1674
1677
1679
1679
1681
1681
1677
1681
1681
1677
1669
1670
1669
1669
1667
1664
1662
1655
1654
1653
1644
1644
1638
1636
1630
1630
1624
1623
1618
1621
1621
1622
1616
1621
1618
1622
1619
1623
1621
1622
1621
1622
1624
1624
1621
1623
1624
1625
1624
1624
1627
1625
1624
1624
1624
1625
1622
1628
1627
1630
1630
1630
1630
1631
1635
1629
1628
1629
1630
1631
1631
1630
1636
1631
1638
1640
1636
1638
1631
1635
1635
1636
1631
1635
1631
1630
1629
1634
1631
1631
1630
1634
1629
1627
1621
1625
1622
1625
1624
1628
1623
1627
1627
1631
1627
1628
1627
1630
1628
1631
1630
1629
1628
1627
1631
1627
1624
1629
1631
1631
1631
1631
1635
1623
1621
1624
1624
1627
1624
1623
1622
1605
1567
1530
1485
1423
1370
1308
1270
1266
1316
1385
1451
1515
1558
1585
1608
1624
1634
1636
1645
1656
1662
1663
1662
1663
1663
1667
1668
1668
1664
1662
1667
1670
1673
1674
1673
1672
1673
1677
1677
1672
1675
1679
1681
1679
1680
1681
1681
1687
1686
1687
1687
1688
1685
1686
1680
1679
1677
1675
1668
1672
1672
1668
1664
1663
1655
1655
1645
1643
1640
1636
1631
1632
1627
1624
1624
1623
1621
1624
1622
1622
1624
1624
1625
1629
1622
1622
1623
1624
1622
1623
1623
1625
1623
1628
1622
1624
1622
1622
1622
1625
1621
1628
1627
1630
1628
1629
1627
1628
1628
1631
1631
1630
1632
1631
1636
1635
1635
1637
1636
1636
1635
1638
1632
1640
1638
1640
1638
1638
1632
1632
1634
1631
1635
1631
1636
1636
1636
1631
1635
1631
1631
1627
1631
1631
1631
1622
1624
1622
1622
1621
1622
1621
1623
1623
1629
1627
1624
1622
1624
1623
1629
1622
1624
1630
1630
1630
1629
1630
1625
1627
1629
1630
1628
1627
1625
1630
1628
1627
1624
1627
1625
1628
1624
1621
1612
1598
1570
1526
1481
1409
1358
1314
1281
1285
1325
1388
1463
1518
1559
1586
1604
1622
1636
1644
1653
1655
1657
1657
1662
1664
1662
1664
1664
1663
1669
1668
1666
1663
1664
1672
1674
1672
1669
1672
1675
1680
1681
1681
1675
1679
1680
1679
1681
1682
1686
1683
1685
1682
1685
1680
1681
1680
1681
1683
1677
1674
1673
1666
1666
1661
1655
1653
1650
1649
1641
1640
1635
1635
1627
1631
1625
1624
1622
1625
1622
1625
1624
1630
1627
1627
1625
1629
1628
1624
1628
1631
1630
1630
1629
1629
1630
1630
1630
1630
1628
1630
1631
1634
1634
1631
1634
1634
1635
1617
1629
1631
1631
1631
1638
1638
1635
1635
1637
1643
1642
1640
1641
1642
1642
1642
1643
1641
1640
1636
1641
1640
1638
1636
1638
1638
1641
1640
1636
1640
1635
1638
1638
1641
1636
1640
1636
1637
1631
1627
1625
1627
1625
1627
1630
1630
1628
1632
1631
1634
1631
1629
1630
1629
1635
1630
1635
1630
1631
1631
1631
1629
1631
1632
1636
1634
1635
1631
1630
1627
1630
1631
1630
1630
1630
1628
1627
1618
1602
1551
1518
1455
1403
1347
1277
1255
1267
1333
1416
1492
1544
1577
1603
1622
1636
1645
1653
1660
1660
1662
1664
1668
1663
1669
1668
1668
1669
1670
1669
1674
1673
1669
1674
1670
1674
1674
1675
1677
1677
1680
1681
1680
1683
1677
1681
1686
1685
1683
1681
1686
1683
1683
1681
1683
1682
1683
1681
1675
1672
1668
1664
1660
1657
1653
1649
1645
1643
1640
1641
1635
1625
1624
1628
1623
1629
1624
1627
1619
1622
1622
1630
1627
1624
1622
1630
1624
1623
1622
1627
1621
1625
1623
1629
1625
1630
1628
1631
1629
1630
1631
1631
1629
1627
1627
1629
1631
1627
1630
1629
1634
1630
1636
1634
1641
1635
1635
1636
1635
1637
1631
1636
1636
1640
1636
1638
1634
1634
1631
1635
1637
1635
1635
1627
1631
1635
1635
1635
1637
1634
1636
1636
1631
1630
1631
1631
1630
1631
1630
1627
1621
1622
1619
1624
1621
1623
1625
1629
1629
1631
1627
1631
1629
1629
1630
1630
1625
1627
1630
1629
1630
1630
1631
1631
1630
1631
1632
1625
1630
1627
1630
1624
1631
1623
1628
1622
1621
1604
1565
1508
1468
1397
1331
1289
1260
1243
1289
1369
1464
1527
1565
1596
1615
1630
1641
1649
1657
1662
1666
1667
1672
1670
1669
1667
1669
1668
1669
1676
1676
1653
1663
1672
1669
1672
1676
1679
1680
1681
1682
1681
1681
1687
1683
1681
1688
1688
1689
1689
1687
1687
1687
1682
1683
1682
1683
1679
1677
1673
1669
1669
1666
1662
1657
1655
1653
1649
1643
1642
1638
1636
1635
1634
1630
1629
1628
1629
1629
1625
1625
1629
1629
1627
1627
1631
1625
1625
1625
1629
1628
1628
1631
1631
1627
1625
1627
1629
1624
1630
1627
1631
1630
1635
1631
1636
1630
1631
1630
1631
1631
1632
1629
1636
1636
1636
1640
1634
1636
1635
1637
1638
1643
1640
1634
1635
1636
1635
1631
1631
1631
1631
1627
1630
1627
1630
1627
1634
1630
1630
1624
1627
1627
1622
1612
1622
1616
1619
1617
1623
1622
1621
1617
1621
1622
1622
1622
1627
1623
1624
1624
1624
1623
1624
1623
1625
1622
1622
1623
1624
1625
1624
1622
1627
1623
1629
1627
1624
1622
1618
1612
1601
1570
1533
1486
1430
1378
1315
1290
1253
1272
1339
1422
1490
1540
1567
1596
1615
1630
1640
1641
1650
1650
1654
1662
1660
1662
1662
1660
1664
1664
1660
1664
1662
1663
1666
1667
1667
1668
1666
1668
1667
1669
1669
1673
1669
1673
1674
1670
1674
1674
1677
1677
1677
1674
1674
1674
1674
1672
1675
1668
1667
1667
1660
1655
1654
1649
1648
1641
1640
1632
1631
1624
1627
1622
1621
1617
1617
1615
1617
1612
1617
1615
1611
1612
1617
1619
1615
1612
1616
1617
1619
1618
1617
1621
1618
1623
1617
1622
1622
1623
1619
1618
1614
1616
1618
1622
1621
1625
1624
1627
1622
1623
1624
1630
1623
1627
1629
1636
1631
1631
1631
1632
1631
1631
1635
1636
1634
1636
1640
1635
1634
1629
1630
1631
1634
1628
1634
1631
1628
1630
1629
1628
1630
1630
1631
1630
1625
1624
1621
1616
1617
1608
1675
1656
1648
1635
1635
1625
1623
1619
1624
1621
1627
1622
1623
1625
1627
1627
1625
1623
1622
1623
1624
1624
1625
1624
1622
1623
1624
1622
1624
1619
1621
1621
1617
1599
1565
1527
1483
1423
1357
1302
1277
1273
1321
1389
1460
1525
1560
1591
1611
1623
1631
1641
1649
1650
1654
1655
1657
1662
1663
1662
1662
1656
1664
1669
1667
1669
1668
1664
1664
1667
1669
1673
1673
1666
1673
1677
1679
1679
1675
1670
1680
1679
1677
1679
1677
1679
1680
1681
1677
1677
1677
1673
1672
1669
1664
1660
1657
1654
1651
1645
1645
1638
1638
1632
1634
1624
1624
1621
1624
1622
1618
1617
1619
1621
1621
1622
1619
1616
1616
1617
1621
1617
1617
1618
1622
1619
1621
1619
1619
1617
1622
1621
1619
1615
1617
1618
1624
1622
1622
1621
1622
1621
1624
1623
1624
1621
1625
1627
1630
1628
1630
1627
1631
1631
1636
1635
1634
1630
1634
1635
1636
1635
1631
1630
1634
1631
1627
1631
1631
1634
1630
1630
1629
1630
1630
1631
1630
1630
1622
1624
1621
1621
1614
1614
1616
1622
1621
1623
1623
1624
1622
1625
1621
1622
1621
1622
1622
1627
1624
1628
1625
1623
1624
1624
1625
1625
1624
1628
1630
1629
1625
1627
1624
1625
1625
1623
1622
1619
1612
1603
1572
1519
1475
1408
1353
1308
1283
1267
1326
1395
1469
1530
1565
1592
1612
1629
1638
1649
1650
1654
1659
1661
1659
1667
1669
1667
1669
1670
1669
1672
1669
1669
1673
1674
1673
1674
1673
1672
1675
1680
1677
1677
1679
1681
1685
1682
1687
1687
1688
1688
1692
1687
1687
1686
1686
1683
1688
1679
1680
1680
1679
1677
1674
1663
1660
1657
1650
1650
1645
1642
1641
1644
1643
1638
1630
1627
1630
1631
1615
1628
1623
1625
1627
1631
1630
1629
1627
1630
1631
1635
1634
1630
1631
1632
1634
1631
1635
1632
1631
1632
1635
1630
1635
1631
1634
1634
1635
1632
1632
1632
1635
1640
1637
1640
1644
1643
1645
1648
1641
1641
1642
1644
1644
1643
1643
1643
1645
1645
1644
1647
1642
1643
1642
1648
1641
1640
1640
1638
1638
1636
1641
1638
1641
1641
1641
1636
1635
1632
1638
1641
1635
1635
1630
1629
1622
1625
1623
1625
1625
1631
1636
1640
1635
1636
1631
1632
1635
1636
1631
1631
1634
1635
1638
1636
1638
1632
1636
1632
1635
1631
1629
1630
1630
1632
1634
1634
1631
1631
1630
1630
1616
1582
1543
1502
1441
1376
1313
1267
1249
1283
1352
1436
1511
1558
1593
1615
1631
1641
1650
1655
1663
1668
1669
1667
1668
1670
1676
1673
1674
1677
1674
1673
1675
1677
1677
1681
1679
1677
1681
1681
1681
1679
1683
1688
1693
1692
1695
1693
1689
1689
1693
1692
1694
1688
1692
1689
1688
1687
1687
1686
1682
1680
1674
1677
1675
1664
1666
1660
1651
1654
1649
1650
1642
1643
1640
1641
1640
1637
1635
1629
1627
1625
1631
1628
1634
1631
1636
1634
1636
1635
1635
1630
1631
1632
1635
1634
1632
1635
1636
1641
1636
1640
1637
1642
1642
1640
1636
1635
1643
1636
1641
1643
1642
1644
1645
1649
1649
1649
1645
1642
1648
1649
1650
1649
1650
1651
1650
1650
1647
1649
1645
1648
1649
1648
1648
1643
1644
1643
1643
1643
1641
1643
1648
1645
1640
1641
1636
1632
1635
1636
1636
1634
1636
1636
1638
1636
1643
1641
1641
1643
1644
1641
1640
1642
1640
1643
1640
1645
1644
1642
1641
1643
1647
1640
1640
1640
1641
1641
1638
1638
1634
1631
1629
1612
1585
1544
1492
1431
1367
1324
1371
1347
1359
1405
1479
1535
1573
1604
1624
1638
1648
1654
1660
1666
1672
1676
1677
1674
1680
1679
1681
1676
1674
1677
1679
1683
1680
1682
1682
1680
1687
1692
1690
1688
1688
1693
1690
1688
1692
1693
1695
1698
1696
1698
1692
1694
1698
1698
1698
1694
1692
1688
1686
1683
1681
1676
1677
1674
1672
1664
1662
1651
1650
1650
1645
1640
1638
1635
1636
1632
1630
1632
1631
1627
1627
1631
1636
1631
1635
1631
1636
1632
1634
1630
1631
1630
1635
1634
1636
1636
1635
1635
1634
1637
1634
1635
1634
1641
1641
1642
1638
1640
1640
1635
1641
1636
1635
1636
1641
1642
1642
1645
1645
1650
1645
1644
1645
1645
1644
1641
1644
1643
1643
1638
1641
1641
1641
1640
1636
1636
1635
1641
1640
1641
1631
1627
1631
1629
1630
1631
1630
1631
1631
1635
1634
1631
1631
1631
1631
1630
1631
1631
1636
1638
1636
1638
1634
1632
1632
1640
1635
1636
1636
1636
1636
1638
1637
1631
1641
1634
1632
1629
1630
1621
1603
1573
1530
1492
1411
1377
1316
1289
1285
1331
1390
1472
1527
1567
1596
1615
1630
1644
1654
1657
1662
1660
1663
1667
1668
1669
1667
1669
1674
1674
1674
1674
1674
1673
1674
1677
1677
1679
1681
1675
1679
1679
1679
1681
1686
1683
1687
1689
1686
1683
1687
1688
1687
1687
1687
1686
1681
1682
1683
1681
1679
1674
1670
1668
1664
1659
1654
1650
1649
1643
1641
1636
1632
1636
1632
1631
1629
1630
1629
1632
1625
1627
1624
1628
1630
1632
1630
1634
1631
1631
1636
1631
1631
1631
1630
1627
1630
1629
1630
1630
1631
1635
1638
1632
1636
1636
1638
1637
1637
1635
1636
1638
1635
1641
1636
1638
1640
1642
1649
1648
1648
1641
1644
1643
1641
1659
1650
1650
1648
1651
1647
1647
1642
1641
1640
1638
1635
1634
1635
1631
1636
1635
1638
1632
1635
1635
1634
1624
1627
1627
1631
1630
1631
1630
1631
1631
1631
1635
1632
1634
1635
1642
1634
1636
1632
1636
1635
1635
1635
1636
1634
1632
1635
1634
1636
1636
1632
1631
1638
1636
1631
1624
1621
1602
1573
1539
1492
1425
1361
1333
1305
1301
1351
1405
1470
1530
1567
1593
1616
1632
1643
1650
1655
1661
1663
1663
1664
1667
1663
1670
1669
1670
1673
1670
1673
1673
1670
1675
1674
1673
1675
1680
1679
1679
1681
1677
1675
1680
1685
1683
1686
1685
1683
1688
1683
1685
1680
1680
1683
1685
1682
1681
1677
1673
1674
1673
1668
1663
1660
1659
1653
1651
1642
1636
1636
1634
1630
1627
1625
1625
1625
1627
1628
1625
1625
1627
1629
1629
1630
1627
1629
1625
1628
1621
1627
1624
1624
1625
1630
1629
1630
1629
1631
1631
1630
1632
1631
1630
1632
1635
1631
1640
1635
1636
1640
1638
1636
1632
1635
1636
1641
1640
1641
1640
1637
1641
1640
1643
1640
1641
1640
1643
1641
1638
1640
1635
1635
1636
1641
1635
1632
1632
1635
1636
1631
1632
1629
1636
1631
1632
1627
1629
1623
1627
1624
1625
1622
1627
1629
1630
1631
1631
1631
1629
1631
1631
1634
1630
1635
1632
1636
1635
1637
1632
1634
1634
1632
1631
1631
1634
1634
1631
1634
1636
1634
1631
1628
1630
1627
1611
1582
1539
1499
1427
1373
1331
1294
1276
1318
1378
1454
1518
1565
1591
1612
1630
1641
1650
1659
1661
1664
1667
1662
1673
1674
1673
1672
1672
1672
1677
1677
1675
1674
1677
1677
1679
1681
1681
1682
1683
1685
1687
1688
1687
1683
1687
1690
1687
1687
1687
1688
1688
1687
1692
1692
1686
1677
1679
1676
1682
1679
1673
1672
1664
1662
1660
1655
1655
1650
1648
1644
1640
1637
1631
1634
1631
1634
1628
1629
1630
1631
1631
1634
1635
1635
1632
1634
1635
1631
1629
1630
1631
1631
1630
1635
1632
1635
1637
1635
1640
1635
1640
1640
1636
1635
1635
1638
1640
1640
1641
1641
1640
1638
1640
1643
1640
1643
1645
1641
1641
1641
1645
1644
1643
1643
1648
1642
1644
1645
1642
1642
1641
1640
1636
1634
1632
1636
1636
1635
1640
1638
1638
1631
1631
1629
1629
1627
1631
1627
1627
1623
1630
1629
1632
1631
1632
1629
1635
1635
1632
1635
1630
1635
1631
1635
1632
1640
1636
1640
1636
1640
1636
1636
1631
1632
1631
1629
1631
1628
1629
1621
1606
1574
1527
1473
1415
1351
1305
1256
1245
1288
1367
1454
1524
1560
1593
1617
1632
1644
1650
1660
1664
1668
1672
1672
1668
1672
1668
1669
1673
1672
1674
1674
1673
1677
1679
1679
1676
1679
1679
1683
1682
1679
1679
1686
1688
1688
1686
1688
1688
1689
1689
1688
1688
1687
1683
1688
1687
1682
1680
1679
1679
1677
1668
1663
1662
1655
1660
1659
1655
1651
1643
1640
1632
1630
1624
1624
1623
1623
1624
1627
1625
1627
1629
1631
1629
1629
1624
1630
1631
1630
1631
1630
1630
1630
1630
1629
1629
1625
1631
1630
1632
1631
1635
1634
1640
1640
1640
1638
1636
1640
1641
1641
1637
1641
1637
1641
1644
1640
1638
1638
1641
1637
1642
1638
1636
1636
1636
1643
1643
1641
1640
1643
1640
1640
1638
1638
1638
1631
1636
1631
1629
1623
1624
1623
1630
1631
1635
1630
1632
1635
1638
1636
1632
1632
1631
1634
1630
1630
1630
1632
1630
1635
1631
1635
1631
1635
1635
1634
1632
1635
1632
1634
1636
1630
1635
1553
1577
1590
1573
1537
1511
1463
1397
1341
1276
1245
1261
1331
1405
1476
1535
1574
1602
1622
1632
1648
1654
1654
1662
1661
1664
1668
1673
1669
1673
1672
1673
1676
1677
1674
1677
1676
1676
1677
1679
1679
1679
1686
1679
1681
1682
1688
1687
1688
1687
1688
1688
1689
1688
1688
1692
1692
1689
1688
1687
1685
1681
1679
1679
1674
1673
1669
1664
1662
1656
1655
1645
1645
1641
1637
1636
1636
1631
1630
1630
1631
1625
1622
1622
1627
1627
1627
1625
1627
1631
1630
1630
1627
1625
1625
1631
1628
1636
1630
1630
1624
1630
1625
1631
1630
1631
1630
1631
1635
1628
1632
1631
1635
1634
1636
1635
1638
1638
1640
1641
1641
1643
1641
1640
1645
1648
1645
1642
1641
1640
1642
1636
1641
1638
1642
1641
1641
1640
1637
1642
1636
1636
1631
1629
1629
1630
1627
1627
1629
1630
1629
1629
1631
1629
1635
1630
1631
1631
1632
1631
1636
1634
1636
1636
1634
1630
1630
1635
1635
1634
1631
1637
1631
1635
1631
1635
1631
1632
1632
1632
1631
1627
1621
1601
1564
1516
1473
1402
1356
1309
1289
1294
1351
1416
1481
1539
1573
1598
1617
1630
1649
1651
1655
1662
1662
1664
1668
1666
1676
1673
1673
1672
1674
1674
1673
1676
1674
1673
1677
1681
1681
1681
1681
1680
1685
1683
1681
1682
1685
1688
1685
1688
1690
1688
1688
1690
1693
1688
1692
1689
1693
1685
1680
1672
1669
1672
1673
1664
1666
1659
1656
1654
1650
1648
1640
1640
1635
1632
1629
1630
1627
1632
1630
1631
1635
1636
1631
1632
1636
1632
1632
1630
1636
1637
1638
1636
1640
1640
1640
1640
1642
1641
1641
1636
1638
1641
1635
1640
1638
1641
1640
1640
1635
1640
1641
1642
1644
1644
1645
1643
1631
1634
1640
1644
1640
1642
1644
1644
1648
1642
1649
1649
1648
1645
1642
1641
1640
1645
1643
1642
1636
1642
1645
1649
1649
1643
1640
1636
1638
1640
1637
1640
1636
1635
1635
1632
1634
1627
1630
1632
1636
1634
1634
1636
1636
1638
1637
1641
1638
1638
1637
1641
1641
1641
1642
1642
1640
1640
1640
1635
1635
1635
1637
1638
1635
1638
1637
1642
1640
1640
1632
1627
1617
1584
1546
1508
1423
1383
1334
1301
1274
1325
1388
1456
1521
1561
1588
1614
1629
1641
1649
1657
1662
1667
1667
1673
1674
1669
1668
1673
1674
1679
1679
1676
1680
1682
1679
1679
1677
1676
1683
1683
1686
1685
1688
1688
1690
1690
1689
1688
1687
1688
1690
1688
1688
1689
1692
1692
1689
1688
1687
1680
1676
1677
1675
1673
1673
1668
1664
1660
1660
1655
1649
1645
1640
1638
1632
1631
1634
1630
1634
1634
1635
1634
1632
1631
1636
1631
1630
1632
1638
1636
1636
1640
1638
1634
1635
1641
1636
1635
1635
1635
1638
1637
1640
1635
1635
1635
1641
1641
1640
1641
1640
1645
1645
1650
1649
1649
1644
1648
1643
1643
1645
1649
1645
1650
1650
1650
1649
1643
1644
1648
1649
1643
1645
1648
1645
1649
1645
1645
1643
1647
1648
1643
1642
1642
1645
1645
1641
1641
1641
1641
1641
1645
1641
1640
1636
1638
1635
1630
1635
1632
1636
1638
1641
1643
1643
1638
1636
1641
1641
1643
1641
1643
1641
1641
1640
1642
1644
1641
1642
1641
1640
1641
1642
1642
1644
1643
1642
1644
1641
1641
1636
1624
1602
1564
1522
1474
1409
1344
1289
1257
1280
1350
1428
1503
1556
1590
1615
1634
1649
1657
1664
1672
1675
1676
1679
1680
1681
1683
1687
1681
1679
1677
1686
1683
1683
1682
1682
1688
1686
1680
1687
1688
1692
1688
1696
1695
1693
1694
1693
1695
1696
1698
1696
1695
1694
1701
1696
1695
1692
1693
1696
1692
1688
1688
1685
1679
1676
1672
1669
1666
1669
1660
1656
1650
1654
1645
1644
1642
1642
1640
1637
1641
1641
1641
1642
1643
1636
1643
1640
1642
1641
1640
1641
1641
1645
1647
1649
1643
1641
1643
1643
1643
1641
1641
1641
1645
1643
1650
1645
1642
1649
1645
1649
1648
1648
1650
1651
1655
1649
1651
1650
1649
1655
1651
1650
1650
1650
1650
1650
1650
1650
1648
1650
1649
1655
1649
1650
1649
1649
1650
1649
1650
1648
1642
1642
1642
1644
1640
1643
1643
1637
1636
1635
1632
1634
1641
1641
1644
1641
1643
1641
1642
1641
1641
1641
1641
1647
1641
1644
1641
1641
1642
1641
1643
1641
1641
1642
1645
1648
1643
1641
1638
1638
1640
1641
1641
1638
1631
1611
1583
1528
1473
1399
1340
1305
1262
1247
1308
1389
1473
1543
1583
1608
1630
1645
1655
1669
1669
1673
1675
1677
1679
1681
1679
1679
1679
1681
1683
1680
1686
1683
1683
1685
1692
1688
1687
1686
1694
1687
1688
1688
1693
1693
1692
1693
1694
1693
1688
1695
1695
1694
1692
1694
1693
1692
1688
1690
1687
1680
1682
1683
1677
1669
1668
1660
1661
1659
1656
1650
1648
1650
1645
1645
1635
1635
1636
1635
1634
1632
1632
1638
1640
1638
1642
1636
1636
1635
1636
1635
1635
1635
1635
1640
1640
1641
1638
1641
1637
1641
1641
1640
1641
1640
1640
1634
1641
1643
1641
1643
1643
1649
1645
1645
1645
1648
1645
1648
1649
1645
1645
1647
1649
1649
1643
1645
1643
1649
1650
1650
1649
1649
1648
1643
1643
1641
1640
1642
1641
1643
1640
1640
1632
1636
1635
1636
1635
1635
1637
1638
1619
1632
1635
1636
1638
1643
1641
1635
1636
1638
1641
1638
1638
1637
1636
1636
1635
1636
1635
1636
1636
1640
1640
1641
1640
1640
1636
1635
1631
1615
1576
1534
1492
1450
1397
1328
1285
1275
1314
1385
1459
1520
1564
1596
1616
1632
1649
1651
1661
1667
1669
1672
1677
1673
1674
1675
1673
1676
1673
1673
1677
1680
1679
1680
1677
1679
1681
1682
1679
1679
1679
1683
1687
1686
1687
1688
1688
1690
1692
1692
1690
1688
1692
1689
1689
1685
1687
1686
1683
1680
1673
1669
1672
1668
1664
1663
1659
1650
1648
1643
1641
1636
1635
1635
1635
1634
1631
1631
1630
1628
1625
1631
1630
1630
1631
1634
1632
1629
1630
1631
1629
1631
1631
1629
1630
1630
1630
1631
1627
1630
1630
1631
1629
1635
1630
1630
1630
1635
1635
1638
1636
1640
1638
1638
1642
1640
1640
1638
1643
1642
1643
1644
1642
1644
1643
1641
1641
1636
1641
1641
1642
1642
1641
1641
1643
1644
1638
1637
1635
1632
1632
1640
1632
1631
1627
1624
1624
1622
1623
1628
1630
1634
1632
1631
1627
1629
1635
1631
1631
1628
1629
1624
1629
1630
1635
1636
1636
1640
1640
1636
1631
1630
1627
1631
1631
1634
1631
1630
1632
1632
1631
1627
1617
1595
1560
1503
1449
1393
1346
1298
1277
1302
1356
1428
1494
1546
1578
1608
1622
1638
1645
1649
1657
1660
1660
1666
1668
1669
1673
1673
1669
1669
1673
1673
1676
1673
1674
1673
1674
1677
1679
1675
1676
1680
1683
1686
1683
1685
1688
1687
1688
1688
1685
1686
1688
1689
1690
1690
1686
1683
1679
1685
1680
1673
1669
1668
1669
1663
1660
1655
1650
1649
1645
1641
1634
1631
1631
1631
1631
1625
1627
1627
1629
1629
1629
1624
1623
1628
1631
1616
1616
1621
1632
1630
1632
1631
1631
1627
1632
1631
1632
1631
1631
1630
1635
1635
1631
1634
1631
1637
1635
1635
1631
1636
1635
1640
1640
1641
1643
1643
1642
1645
1642
1643
1641
1643
1643
1642
1643
1643
1642
1645
1645
1648
1645
1641
1642
1641
1645
1641
1641
1638
1640
1640
1641
1643
1638
1641
1636
1635
1630
1628
1624
1631
1634
1635
1635
1634
1628
1635
1635
1638
1641
1640
1641
1636
1636
1632
1635
1631
1635
1637
1640
1638
1636
1636
1632
1643
1638
1642
1640
1640
1636
1634
1629
1627
1608
1578
1539
1496
1444
1379
1318
1290
1302
1340
1408
1480
1535
1572
1602
1624
1641
1644
1655
1657
1661
1668
1673
1669
1673
1673
1673
1669
1670
1669
1673
1676
1673
1675
1681
1679
1679
1681
1677
1674
1680
1687
1683
1682
1688
1693
1688
1687
1689
1693
1688
1692
1694
1690
1692
1689
1693
1688
1688
1686
1683
1680
1677
1674
1666
1664
1663
1667
1659
1654
1650
1648
1645
1640
1641
1637
1635
1635
1636
1638
1637
1635
1630
1630
1631
1635
1635
1637
1632
1632
1635
1636
1634
1635
1640
1636
1636
1636
1636
1631
1637
1636
1635
1636
1635
1640
1641
1641
1641
1638
1640
1635
1641
1642
1643
1643
1647
1651
1645
1653
1649
1645
1643
1648
1651
1649
1649
1650
1649
1649
1649
1650
1648
1648
1649
1649
1653
1648
1650
1643
1645
1645
1644
1643
1642
1644
1641
1641
1635
1635
1631
1634
1632
1635
1636
1640
1643
1641
1641
1641
1641
1645
1645
1648
1643
1645
1641
1640
1641
1642
1647
1643
1642
1641
1641
1638
1643
1642
1642
1643
1643
1644
1638
1638
1632
1615
1580
1539
1488
1422
1359
1315
1275
1283
1320
1395
1480
1546
1582
1608
1630
1642
1657
1660
1657
1668
1674
1682
1683
1685
1685
1683
1681
1680
1679
1681
1687
1687
1687
1692
1692
1688
1688
1690
1688
1692
1690
1695
1693
1694
1696
1698
1694
1696
1695
1698
1699
1696
1700
1702
1702
1698
1698
1693
1690
1685
1683
1681
1681
1679
1670
1676
1676
1668
1662
1655
1654
1650
1649
1647
1640
1641
1641
1645
1642
1643
1641
1644
1645
1642
1643
1640
1641
1637
1641
1641
1642
1637
1643
1644
1643
1648
1644
1643
1642
1645
1645
1643
1643
1641
1645
1644
1643
1644
1642
1648
1650
1651
1650
1648
1651
1649
1650
1649
1650
1653
1651
1654
1655
1654
1650
1649
1653
1650
1649
1649
1645
1643
1641
1643
1643
1641
1642
1649
1648
1641
1641
1641
1637
1636
1636
1641
1641
1637
1636
1638
1640
1641
1636
1641
1642
1641
1649
1638
1641
1640
1642
1640
1641
1644
1641
1644
1642
1642
1641
1641
1641
1641
1643
1640
1642
1637
1636
1622
1602
1559
1522
1455
1395
1353
1303
1266
1282
1354
1427
1503
1550
1579
1608
1629
1647
1655
1659
1664
1669
1672
1673
1676
1673
1673
1679
1681
1677
1679
1679
1681
1681
1679
1680
1680
1681
1683
1687
1687
1687
1683
1682
1690
1693
1690
1688
1692
1693
1698
1693
1692
1693
1692
1689
1694
1692
1690
1687
1688
1683
1681
1677
1676
1674
1668
1660
1660
1649
1650
1645
1645
1643
1641
1640
1636
1641
1632
1638
1636
1635
1635
1640
1637
1636
1635
1632
1641
1632
1640
1638
1638
1635
1636
1636
1631
1634
1634
1640
1640
1641
1640
1642
1642
1643
1643
1642
1643
1641
1642
1643
1644
1643
1643
1644
1649
1650
1649
1645
1648
1647
1653
1651
1653
1651
1650
1650
1650
1654
1649
1645
1648
1650
1650
1645
1649
1643
1642
1641
1645
1695
1670
1663
1655
1654
1645
1650
1645
1648
1645
1647
1647
1641
1638
1642
1643
1641
1641
1642
1641
1641
1641
1641
1641
1641
1641
1640
1641
1641
1645
1641
1648
1643
1643
1635
1634
1625
1608
1564
1516
1462
1411
1359
1303
1294
1294
1352
1422
1498
1548
1579
1610
1630
1645
1659
1660
1660
1662
1668
1674
1676
1673
1674
1676
1677
1674
1677
1676
1674
1677
1682
1682
1681
1683
1683
1686
1687
1687
1689
1689
1687
1690
1688
1688
1688
1690
1688
1692
1688
1687
1687
1687
1687
1692
1686
1686
1681
1680
1679
1674
1669
1664
1660
1659
1653
1649
1641
1643
1640
1636
1635
1636
1632
1631
1631
1630
1631
1625
1627
1624
1627
1627
1630
1630
1632
1635
1635
1630
1630
1629
1632
1630
1630
1627
1630
1629
1627
1628
1628
1631
1630
1635
1632
1636
1636
1641
1640
1638
1640
1636
1636
1638
1641
1644
1640
1640
1641
1644
1641
1641
1641
1638
1638
1638
1641
1641
1640
1643
1645
1642
1641
1638
1641
1636
1637
1638
1635
1631
1624
1631
1629
1631
1627
1630
1631
1634
1628
1630
1627
1624
1624
1629
1629
1628
1632
1629
1630
1630
1635
1630
1630
1627
1630
1631
1631
1630
1627
1629
1630
1631
1631
1630
1627
1629
1627
1617
1597
1559
1521
1475
1416
1360
1301
1281
1292
1347
1416
1485
1535
1570
1593
1616
1625
1641
1642
1654
1659
1656
1659
1663
1662
1664
1666
1663
1664
1668
1669
1672
1667
1669
1669
1668
1669
1673
1673
1676
1677
1674
1674
1676
1677
1681
1683
1680
1683
1681
1681
1676
1679
1682
1682
1681
1681
1677
1680
1676
1673
1668
1663
1661
1660
1650
1654
1649
1645
1642
1641
1635
1635
1630
1630
1627
1625
1623
1623
1622
1623
1627
1624
1624
1612
1611
1616
1622
1622
1624
1624
1627
1628
1624
1622
1624
1622
1625
1623
1627
1625
1630
1630
1634
1629
1628
1628
1629
1631
1635
1636
1634
1634
1635
1638
1635
1640
1640
1641
1638
1641
1640
1642
1640
1640
1641
1636
1637
1636
1641
1640
1642
1636
1636
1636
1635
1637
1636
1631
1630
1627
1627
1627
1627
1627
1625
1630
1631
1631
1629
1630
1631
1632
1630
1635
1631
1632
1632
1640
1638
1634
1634
1634
1631
1629
1631
1631
1634
1635
1635
1634
1631
1631
1631
1631
1629
1625
1617
1598
1563
1527
1469
1416
1359
1302
1281
1272
1328
1397
1479
1535
1573
1598
1618
1630
1638
1648
1653
1659
1657
1660
1663
1667
1669
1669
1664
1668
1668
1669
1672
1669
1668
1669
1673
1673
1676
1674
1670
1674
1681
1679
1675
1677
1683
1677
1679
1679
1679
1681
1683
1686
1687
1686
1683
1679
1681
1681
1674
1672
1667
1661
1669
1664
1660
1654
1650
1645
1641
1641
1631
1632
1629
1631
1629
1621
1624
1627
1625
1623
1624
1629
1627
1630
1629
1631
1630
1623
1624
1625
1623
1624
1627
1629
1627
1625
1629
1628
1631
1630
1632
1629
1629
1630
1627
1629
1634
1636
1634
1634
1631
1635
1631
1632
1631
1635
1634
1634
1641
1638
1636
1635
1638
1641
1640
1636
1635
1635
1635
1638
1634
1629
1630
1629
1623
1624
1624
1627
1624
1627
1631
1627
1628
1630
1636
1630
1630
1631
1629
1629
1628
1632
1635
1635
1631
1635
1636
1631
1634
1630
1631
1629
1631
1631
1636
1630
1634
1635
1634
1629
1624
1616
1597
1565
1519
1457
1393
1333
1286
1270
1276
1333
1409
1492
1546
1583
1610
1627
1641
1645
1650
1660
1659
1664
1669
1669
1669
1670
1668
1670
1673
1672
1669
1669
1660
1720
1702
1695
1692
1687
1682
1681
1681
1683
1683
1683
1683
1683
1683
1686
1679
1679
1679
1685
1685
1687
1687
1683
1687
1680
1676
1674
1673
1668
1669
1663
1660
1655
1654
1650
1643
1642
1636
1632
1631
1636
1631
1631
1624
1627
1624
1630
1624
1624
1624
1627
1624
1635
1630
1631
1627
1632
1627
1630
1624
1630
1624
1627
1631
1634
1630
1632
1636
1632
1631
1630
1631
1632
1635
1631
1635
1629
1630
1632
1637
1632
1637
1632
1635
1636
1637
1641
1634
1635
1634
1640
1635
1637
1635
1635
1631
1635
1634
1631
1631
1628
1630
1625
1627
1619
1624
1624
1629
1625
1630
1627
1630
1628
1632
1630
1625
1627
1630
1627
1630
1627
1628
1625
1634
1632
1631
1631
1630
1631
1630
1627
1629
1627
1628
1625
1624
1625
1621
1622
1617
1608
1584
1544
1513
1445
1383
1337
1289
1255
1272
1337
1411
1483
1533
1570
1597
1616
1630
1638
1642
1653
1653
1659
1659
1659
1662
1663
1664
1669
1664
1667
1669
1669
1669
1670
1669
1669
1669
1670
1674
1677
1676
1677
1679
1679
1675
1680
1677
1677
1675
1680
1680
1679
1677
1677
1683
1680
1677
1673
1673
1669
1672
1668
1663
1657
1651
1649
1649
1641
1637
1632
1634
1630
1627
1623
1622
1622
1621
1622
1621
1621
1616
1618
1619
1622
1624
1624
1624
1624
1624
1622
1619
1625
1624
1622
1624
1623
1622
1622
1627
1628
1625
1624
1629
1632
1627
1631
1631
1634
1628
1635
1635
1636
1632
1632
1638
1636
1640
1638
1641
1635
1640
1636
1643
1635
1638
1636
1636
1638
1637
1640
1635
1631
1631
1638
1631
1631
1631
1631
1627
1625
1622
1623
1619
1627
1625
1630
1624
1630
1627
1631
1627
1627
1623
1630
1627
1631
1629
1627
1627
1627
1622
1623
1622
1622
1624
1624
1629
1628
1624
1628
1631
1628
1624
1624
1624
1618
1615
1599
1567
1522
1476
1414
1376
1321
1280
1272
1318
1392
1468
1521
1559
1588
1610
1624
1632
1638
1648
1656
1660
1660
1664
1663
1659
1666
1669
1660
1664
1664
1663
1668
1664
1670
1672
1668
1672
1677
1675
1674
1675
1672
1674
1677
1676
1676
1676
1677
1681
1681
1679
1677
1682
1680
1679
1677
1673
1669
1672
1669
1664
1660
1659
1659
1654
1653
1649
1647
1641
1637
1635
1632
1630
1622
1621
1623
1622
1619
1621
1622
1621
1625
1623
1624
1621
1621
1622
1623
1624
1622
1622
1622
1622
1625
1624
1623
1622
1623
1624
1627
1624
1627
1627
1624
1624
1624
1623
1624
1629
1630
1631
1627
1636
1631
1632
1634
1631
1631
1630
1635
1636
1636
1631
1635
1631
1636
1631
1631
1631
1632
1631
1635
1635
1632
1634
1630
1635
1629
1631
1624
1622
1624
1622
1618
1623
1618
1624
1622
1627
1625
1630
1624
1630
1629
1631
1627
1627
1623
1625
1627
1627
1628
1628
1624
1627
1629
1628
1623
1627
1627
1630
1630
1627
1625
1621
1621
1622
1611
1588
1546
1503
1466
1399
1346
1299
1294
1299
1366
1430
1492
1541
1574
1598
1617
1630
1642
1648
1653
1654
1656
1657
1656
1663
1668
1663
1667
1662
1662
1664
1663
1663
1669
1669
1672
1676
1674
1670
1670
1673
1673
1673
1672
1675
1677
1680
1680
1681
1680
1677
1681
1680
1679
1679
1681
1679
1677
1673
1673
1669
1663
1660
1660
1656
1655
1649
1642
1645
1640
1642
1635
1634
1624
1629
1625
1630
1627
1630
1625
1631
1628
1624
1622
1624
1623
1629
1625
1630
1627
1628
1628
1631
1631
1629
1630
1631
1630
1631
1630
1630
1627
1630
1625
1579
1593
1606
1615
1621
1627
1627
1631
1630
1637
1635
1641
1640
1641
1644
1643
1642
1642
1643
1638
1640
1640
1641
1641
1641
1641
1640
1638
1632
1635
1634
1634
1634
1637
1641
1638
1637
1635
1631
1629
1627
1624
1627
1628
1635
1631
1635
1631
1635
1630
1635
1631
1634
1630
1635
1635
1635
1631
1631
1632
1635
1635
1634
1630
1631
1635
1634
1635
1630
1632
1624
1630
1629
1632
1624
1627
1617
1595
1554
1516
1454
1388
1358
1303
1276
1281
1346
1424
1502
1550
1583
1604
1624
1640
1649
1654
1660
1659
1660
1663
1663
1668
1667
1664
1669
1670
1669
1673
1672
1670
1674
1674
1669
1669
1669
1675
1680
1677
1676
1681
1682
1682
1682
1685
1685
1683
1686
1686
1686
1681
1681
1677
1680
1682
1685
1683
1677
1675
1676
1669
1660
1654
1650
1645
1645
1645
1643
1637
1640
1635
1634
1629
1627
1627
1627
1623
1627
1625
1625
1625
1628
1629
1627
1627
1624
1627
1624
1625
1623
1624
1622
1630
1625
1632
1629
1628
1625
1632
1630
1631
1630
1630
1629
1631
1631
1632
1631
1629
1632
1631
1636
1632
1635
1635
1641
1638
1637
1636
1638
1637
1636
1635
1631
1635
1631
1631
1636
1635
1632
1631
1631
1630
1627
1625
1629
1629
1628
1627
1627
1622
1623
1622
1624
1622
1622
1625
1627
1630
1630
1631
1630
1630
1631
1625
1624
1625
1625
1630
1631
1635
1631
1631
1630
1634
1631
1631
1627
1631
1629
1632
1631
1631
1630
1629
1627
1627
1622
1610
1582
1539
1502
1437
1366
1309
1289
1261
1279
1348
1431
1506
1551
1584
1606
1630
1638
1643
1659
1660
1663
1664
1662
1668
1669
1668
1668
1668
1667
1673
1677
1675
1673
1673
1674
1679
1679
1677
1679
1679
1679
1681
1682
1709
1698
1695
1688
1687
1687
1687
1687
1683
1690
1688
1683
1681
1681
1679
1680
1675
1672
1668
1667
1666
1663
1656
1651
1643
1642
1640
1638
1635
1634
1631
1630
1627
1630
1623
1625
1629
1631
1631
1631
1630
1627
1631
1630
1628
1627
1630
1630
1627
1630
1629
1630
1631
1631
1631
1630
1632
1629
1634
1632
1635
1629
1630
1631
1636
1636
1640
1636
1632
1638
1634
1640
1631
1636
1634
1637
1635
1638
1635
1640
1641
1643
1644
1640
1638
1631
1635
1631
1636
1637
1634
1631
1631
1630
1624
1621
1622
1624
1629
1629
1632
1630
1627
1631
1631
1627
1625
1624
1625
1630
1629
1630
1629
1629
1627
1632
1630
1627
1624
1627
1624
1630
1631
1628
1627
1627
1630
1630
1623
1622
1627
1612
1589
1540
1501
1451
1393
1338
1282
1253
1285
1358
1421
1489
1537
1572
1595
1617
1630
1641
1650
1653
1659
1662
1659
1656
1655
1664
1663
1663
1662
1667
1669
1669
1669
1668
1667
1668
1670
1674
1679
1674
1674
1679
1679
1677
1679
1681
1676
1680
1679
1683
1681
1681
1681
1681
1681
1680
1674
1670
1670
1673
1669
1664
1661
1660
1654
1655
1653
1647
1641
1641
1636
1634
1630
1624
1627
1622
1624
1619
1618
1618
1627
1622
1630
1623
1623
1624
1624
1623
1624
1619
1622
1624
1624
1627
1627
1625
1627
1623
1624
1624
1624
1621
1624
1622
1624
1624
1629
1629
1632
1634
1636
1636
1632
1634
1635
1638
1636
1632
1636
1640
1642
1641
1643
1636
1636
1635
1640
1635
1636
1636
1638
1640
1636
1640
1632
1631
1630
1634
1631
1630
1631
1631
1628
1629
1621
1624
1617
1622
1618
1627
1624
1624
1623
1629
1627
1630
1627
1631
1631
1637
1636
1631
1630
1628
1630
1631
1631
1622
1647
1641
1640
1632
1635
1628
1630
1629
1630
1629
1631
1624
1624
1616
1592
1560
1521
1459
1414
1346
1302
1260
1294
1354
1419
1492
1540
1574
1597
1622
1631
1638
1645
1654
1659
1663
1664
1664
1664
1663
1668
1669
1672
1669
1669
1674
1676
1676
1673
1673
1669
1669
1675
1676
1674
1677
1677
1679
1686
1681
1681
1682
1685
1681
1682
1682
1682
1679
1679
1681
1681
1679
1674
1675
1673
1669
1663
1664
1655
1654
1651
1649
1644
1640
1637
1640
1636
1628
1627
1629
1625
1624
1624
1622
1625
1622
1627
1622
1627
1623
1624
1624
1629
1630
1630
1624
1628
1623
1627
1624
1625
1624
1628
1627
1628
1630
1630
1627
1630
1631
1630
1630
1632
1631
1631
1635
1634
1632
1635
1638
1640
1637
1632
1636
1638
1640
1640
1636
1636
1632
1636
1636
1635
1632
1636
1638
1636
1641
1636
1640
1634
1632
1635
1636
1631
1629
1629
1627
1625
1623
1623
1622
1625
1624
1630
1627
1629
1624
1631
1627
1631
1625
1631
1631
1632
1630
1631
1631
1630
1630
1631
1631
1629
1630
1630
1631
1630
1631
1625
1627
1630
1634
1624
1622
1621
1615
1592
1544
1505
1438
1393
1338
1300
1286
1305
1366
1435
1502
1553
1582
1601
1621
1630
1640
1643
1650
1656
1660
1662
1664
1664
1668
1664
1664
1668
1668
1669
1667
1670
1669
1676
1675
1679
1676
1677
1677
1679
1681
1679
1679
1679
1680
1679
1685
1683
1686
1683
1693
1687
1688
1686
1688
1683
1680
1681
1673
1673
1673
1674
1668
1664
1660
1659
1650
1649
1643
1641
1638
1636
1636
1635
1630
1627
1630
1630
1631
1624
1630
1631
1632
1631
1636
1629
1631
1629
1631
1627
1631
1629
1634
1634
1638
1636
1636
1632
1632
1637
1635
1640
1635
1693
1669
1662
1654
1649
1644
1641
1643
1645
1645
1644
1644
1642
1645
1641
1643
1644
1643
1642
1645
1649
1645
1649
1649
1645
1650
1645
1642
1641
1642
1645
1645
1641
1641
1642
1637
1638
1638
1640
1640
1642
1643
1641
1636
1632
1634
1630
1630
1631
1638
1635
1641
1638
1640
1631
1632
1635
1638
1635
1640
1637
1638
1640
1640
1636
1635
1632
1635
1637
1634
1638
1638
1641
1635
1635
1636
1631
1636
1634
1635
1631
1630
1605
1564
1518
1462
1416
1352
1294
1267
1270
1325
1408
1483
1545
1577
1601
1622
1636
1641
1651
1657
1660
1660
1660
1662
1664
1673
1674
1673
1668
1670
1670
1674
1670
1672
1673
1676
1676
1673
1675
1675
1677
1677
1679
1676
1677
1680
1679
1682
1687
1686
1681
1683
1686
1685
1683
1680
1680
1681
1676
1676
1669
1669
1668
1664
1664
1655
1656
1648
1649
1643
1641
1638
1636
1631
1630
1631
1630
1629
1622
1627
1625
1629
1627
1634
1627
1631
1627
1631
1629
1631
1627
1631
1630
1631
1628
1634
1630
1631
1638
1635
1636
1635
1641
1638
1641
1635
1636
1635
1629
1636
1632
1636
1640
1641
1641
1638
1641
1640
1642
1643
1649
1650
1651
1654
1650
1650
1649
1648
1645
1645
1651
1648
1643
1640
1640
1640
1640
1636
1636
1640
1636
1643
1642
1643
1640
1635
1638
1637
1640
1635
1636
1634
1632
1632
1635
1634
1635
1637
1636
1638
1632
1635
1631
1635
1625
1611
1577
1532
1479
1416
1361
1308
1274
1270
1320
1390
1470
1524
1563
1589
1616
1631
1642
1653
1659
1662
1664
1670
1670
1673
1675
1675
1674
1677
1674
1676
1677
1681
1681
1680
1680
1675
1683
1690
1688
1687
1692
1689
1687
1687
1693
1692
1694
1696
1698
1692
1692
1694
1698
1623
1635
1653
1664
1669
1672
1676
1674
1674
1673
1669
1668
1662
1662
1659
1655
1650
1642
1640
1635
1631
1631
1635
1635
1635
1635
1636
1635
1638
1640
1636
1637
1635
1637
1634
1636
1640
1640
1638
1642
1643
1640
1636
1635
1643
1641
1643
1641
1638
1640
1636
1642
1637
1641
1640
1645
1645
1647
1649
1648
1649
1648
1645
1643
1641
1643
1644
1643
1645
1649
1644
1642
1645
1640
1643
1638
1641
1640
1641
1640
1641
1636
1640
1641
1644
1643
1640
1641
1638
1640
1635
1635
1631
1632
1635
1638
1640
1631
1631
1630
1631
1623
1623
1622
1627
1630
1631
1627
1630
1630
1628
1630
1635
1635
1634
1636
1634
1638
1635
1636
1629
1635
1630
1635
1629
1631
1631
1631
1635
1636
1632
1632
1635
1630
1630
1627
1618
1602
1566
1522
1480
1403
1354
1306
1262
1263
1328
1399
1473
1537
1570
1598
1616
1632
1644
1651
1660
1664
1666
1664
1668
1674
1669
1667
1672
1669
1669
1675
1673
1670
1673
1677
1681
1673
1674
1679
1683
1683
1683
1687
1681
1681
1681
1679
1681
1681
1685
1687
1690
1688
1682
1681
1679
1682
1679
1677
1676
1674
1673
1673
1669
1668
1664
1656
1655
1649
1649
1643
1638
1635
1631
1631
1629
1630
1628
1632
1630
1635
1625
1631
1628
1634
1628
1631
1627
1629
1630
1635
1638
1632
1632
1631
1634
1631
1635
1631
1631
1631
1630
1632
1638
1635
1636
1640
1641
1641
1635
1640
1640
1641
1641
1641
1643
1641
1647
1642
1643
1642
1642
1643
1645
1648
1647
1643
1641
1641
1647
1642
1645
1644
1645
1645
1643
1645
1642
1641
1643
1645
1641
1640
1635
1635
1629
1631
1631
1631
1635
1636
1641
1640
1643
1636
1643
1640
1640
1636
1643
1669
1663
1655
1650
1650
1645
1643
1641
1637
1636
1636
1635
1635
1635
1637
1636
1631
1635
1635
1636
1629
1614
1585
1539
1502
1438
1378
1332
1282
1281
1324
1390
1463
1525
1565
1593
1617
1635
1641
1650
1659
1660
1669
1668
1667
1668
1670
1672
1673
1673
1670
1672
1672
1674
1674
1674
1673
1675
1680
1681
1681
1680
1679
1688
1683
1687
1682
1688
1687
1683
1687
1686
1687
1686
1688
1690
1688
1688
1683
1679
1682
1683
1677
1673
1670
1668
1670
1660
1655
1651
1645
1648
1643
1641
1636
1636
1638
1636
1635
1631
1631
1630
1625
1627
1632
1630
1632
1635
1635
1632
1632
1631
1634
1630
1630
1631
1629
1631
1636
1638
1632
1635
1634
1635
1634
1634
1635
1634
1629
1635
1635
1636
1638
1641
1641
1641
1642
1641
1641
1641
1640
1641
1641
1641
1636
1641
1644
1643
1645
1641
1641
1638
1640
1638
1640
1640
1643
1640
1636
1635
1630
1629
1625
1630
1630
1635
1636
1637
1638
1640
1641
1634
1634
1632
1636
1638
1637
1631
1636
1640
1640
1640
1636
1641
1641
1643
1638
1641
1636
1635
1638
1635
1635
1632
1631
1622
1630
1622
1602
1567
1521
1468
1404
1338
1312
1277
1293
1350
1423
1499
1550
1583
1612
1628
1643
1650
1656
1660
1662
1664
1668
1668
1668
1673
1670
1673
1677
1679
1676
1677
1675
1677
1679
1679
1679
1681
1685
1686
1681
1686
1687
1687
1687
1685
1688
1687
1692
1692
1692
1692
1692
1692
1693
1688
1688
1686
1687
1685
1687
1679
1676
1673
1668
1664
1659
1657
1651
1648
1650
1653
1649
1641
1640
1640
1634
1635
1635
1635
1631
1638
1638
1641
1636
1640
1635
1640
1640
1641
1636
1635
1636
1636
1636
1631
1636
1641
1635
1629
1638
1640
1641
1644
1641
1643
1638
1637
1640
1643
1642
1645
1649
1645
1647
1644
1649
1641
1643
1642
1643
1649
1644
1650
1650
1649
1649
1649
1649
1643
1642
1644
1645
1649
1641
1641
1635
1636
1635
1640
1635
1641
1642
1642
1645
1644
1643
1643
1645
1649
1648
1642
1642
1645
1643
1645
1645
1643
1641
1637
1642
1641
1643
1641
1641
1637
1641
1640
1638
1636
1636
1630
1611
1574
1528
1475
1418
1351
1299
1257
1251
1302
1386
1472
1535
1573
1602
1627
1638
1654
1661
1663
1673
1674
1675
1670
1673
1674
1677
1679
1676
1679
1683
1682
1680
1683
1686
1681
1682
1683
1689
1683
1688
1688
1696
1695
1698
1698
1694
1692
1693
1698
1698
1694
1698
1700
1696
1692
1692
1693
1687
1685
1687
1683
1674
1673
1668
1664
1663
1662
1659
1649
1650
1648
1642
1641
1636
1636
1631
1636
1631
1634
1632
1636
1635
1632
1631
1634
1638
1638
1638
1634
1636
1634
1636
1636
1640
1640
1631
1641
1636
1641
1640
1641
1638
1640
1641
1640
1642
1636
1641
1640
1640
1638
1641
1643
1642
1644
1645
1645
1642
1650
1654
1649
1648
1641
1641
1638
1641
1644
1640
1638
1631
1631
1631
1634
1630
1635
1631
1632
1635
1631
1636
1631
1638
1641
1641
1640
1640
1640
1636
1636
1636
1637
1638
1642
1642
1641
1642
1636
1641
1638
1640
1640
1641
1637
1638
1638
1640
1636
1628
1617
1592
1546
1503
1442
1370
1324
1289
1275
1295
1351
1425
1503
1556
1588
1612
1631
1643
1651
1659
1667
1668
1669
1670
1674
1675
1673
1674
1674
1676
1679
1676
1676
1680
1683
1687
1683
1686
1688
1687
1683
1686
1683
1688
1688
1698
1694
1693
1690
1695
1694
1696
1696
1694
1696
1693
1698
1696
1693
1688
1688
1681
1680
1681
1630
1603
1623
1634
1643
1641
1642
1635
1638
1636
1636
1631
1635
1634
1635
1640
1636
1635
1634
1636
1635
1640
1638
1635
1634
1640
1640
1638
1641
1636
1635
1631
1635
1635
1635
1636
1638
1641
1641
1641
1641
1643
1644
1645
1641
1645
1645
1645
1649
1645
1644
1642
1648
1648
1649
1645
1645
1650
1649
1650
1655
1650
1650
1645
1648
1645
1642
1642
1643
1643
1640
1642
1636
1635
1631
1636
1635
1635
1632
1631
1636
1634
1636
1636
1641
1636
1641
1641
1642
1641
1641
1641
1641
1640
1635
1640
1631
1638
1640
1640
1635
1636
1636
1634
1640
1635
1640
1631
1636
1629
1610
1577
1534
1488
1431
1363
1332
1280
1272
1331
1399
1477
1531
1570
1601
1621
1635
1645
1650
1659
1660
1668
1669
1669
1668
1669
1669
1670
1670
1670
1667
1677
1675
1676
1676
1679
1677
1679
1682
1681
1683
1679
1679
1680
1686
1683
1683
1686
1694
1692
1687
1687
1687
1688
1689
1689
1690
1687
1681
1679
1677
1674
1669
1669
1668
1664
1660
1660
1649
1645
1643
1640
1636
1632
1627
1630
1631
1631
1635
1630
1631
1629
1634
1627
1628
1630
1630
1630
1630
1631
1629
1629
1630
1635
1630
1634
1630
1631
1631
1625
1627
1630
1630
1632
1640
1640
1637
1634
1636
1636
1637
1635
1636
1635
1638
1642
1643
1643
1645
1643
1649
1645
1647
1644
1644
1643
1648
1649
1642
1638
1634
1637
1634
1642
1636
1640
1632
1636
1634
1631
1628
1631
1635
1636
1635
1636
1636
1634
1638
1636
1638
1636
1635
1634
1636
1636
1636
1638
1634
1636
1634
1638
1638
1636
1641
1640
1637
1635
1641
1638
1640
1638
1634
1627
1630
1623
1603
1570
1535
1486
1422
1365
1322
1285
1283
1343
1406
1476
1595
1612
1624
1638
1649
1651
1657
1661
1660
1664
1669
1667
1668
1669
1668
1672
1670
1670
1675
1674
1675
1677
1679
1677
1677
1679
1679
1679
1683
1682
1682
1680
1685
1683
1686
1687
1688
1687
1688
1687
1688
1688
1688
1687
1694
1687
1683
1681
1677
1673
1676
1674
1668
1664
1662
1657
1653
1643
1643
1643
1640
1637
1636
1632
1630
1625
1631
1635
1630
1631
1630
1634
1628
1631
1624
1630
1630
1632
1631
1636
1635
1636
1638
1635
1636
1631
1630
1628
1631
1631
1635
1634
1636
1638
1640
1638
1638
1635
1637
1641
1642
1641
1640
1645
1640
1641
1641
1642
1642
1641
1643
1645
1645
1640
1644
1645
1642
1643
1641
1643
1636
1642
1643
1641
1636
1636
1635
1628
1624
1627
1629
1629
1631
1635
1635
1631
1632
1632
1640
1634
1636
1636
1635
1638
1638
1638
1631
1635
1632
1636
1635
1635
1634
1635
1638
1640
1636
1635
1634
1631
1635
1632
1630
1625
1618
1597
1567
1519
1470
1404
1324
1295
1287
1294
1354
1427
1494
1547
1588
1609
1624
1640
1655
1659
1664
1664
1669
1667
1667
1670
1673
1669
1672
1673
1677
1677
1675
1669
1674
1675
1675
1679
1676
1676
1681
1686
1686
1683
1683
1683
1687
1686
1689
1688
1688
1692
1696
1692
1687
1689
1687
1682
1683
1679
1682
1677
1679
1675
1674
1673
1667
1664
1659
1654
1650
1645
1645
1636
1640
1640
1641
1632
1638
1636
1635
1635
1631
1631
1631
1636
1631
1635
1631
1638
1636
1641
1641
1640
1638
1635
1638
1635
1635
1635
1634
1638
1638
1637
1637
1641
1635
1644
1643
1645
1644
1643
1645
1644
1648
1647
1647
1645
1645
1653
1649
1650
1650
1650
1649
1649
1648
1645
1649
1648
1648
1648
1645
1647
1644
1634
1623
1632
1635
1635
1638
1631
1634
1634
1636
1635
1638
1636
1642
1636
1638
1640
1640
1643
1638
1638
1637
1642
1638
1643
1635
1640
1641
1642
1641
1642
1640
1638
1637
1641
1640
1636
1635
1636
1635
1635
1630
1623
1604
1569
1534
1488
1412
1347
1309
1267
1264
1320
1399
1483
1546
1583
1611
1636
1649
1660
1662
1663
1669
1670
1669
1677
1676
1676
1677
1679
1681
1687
1682
1682
1683
1680
1687
1686
1687
1687
1688
1688
1688
1688
1685
1685
1692
1694
1696
1693
1698
1698
1694
1693
1696
1698
1692
1692
1692
1693
1692
1689
1683
1680
1681
1679
1669
1668
1663
1661
1660
1653
1653
1643
1643
1641
1640
1640
1638
1638
1636
1638
1638
1638
1632
1634
1635
1636
1636
1635
1636
1636
1636
1636
1638
1638
1635
1638
1641
1640
1636
1638
1636
1640
1640
1641
1640
1642
1643
1642
1643
1641
1641
1640
1638
1642
1641
1642
1643
1649
1650
1651
1650
1649
1649
1648
1648
1649
1642
1643
1642
1643
1645
1643
1643
1638
1637
1635
1635
1630
1635
1636
1638
1641
1641
1641
1641
1643
1638
1641
1640
1640
1637
1641
1641
1638
1636
1636
1640
1640
1637
1638
1638
1640
1637
1640
1641
1640
1640
1638
1641
1634
1637
1630
1621
1589
1546
1498
1441
1388
1345
1292
1281
1296
1361
1441
1506
1556
1586
1612
1635
1649
1656
1663
1667
1669
1673
1673
1673
1679
1679
1673
1676
1679
1679
1680
1683
1682
1687
1687
1683
1686
1686
1688
1688
1687
1687
1692
1688
1688
1694
1696
1695
1699
1698
1698
1696
1692
1692
1693
1692
1692
1688
1683
1683
1683
1687
1679
1677
1672
1668
1663
1661
1653
1648
1645
1645
1642
1643
1640
1638
1638
1640
1641
1638
1638
1636
1641
1578
1601
1611
1622
1625
1635
1640
1632
1635
1637
1640
1636
1644
1640
1641
1638
1636
1641
1638
1640
1640
1642
1640
1649
1648
1643
1645
1647
1650
1644
1644
1645
1648
1650
1654
1655
1654
1653
1651
1645
1649
1649
1650
1650
1647
1650
1645
1647
1648
1649
1647
1648
1645
1647
1649
1645
1643
1638
1632
1631
1631
1635
1640
1635
1636
1640
1637
1637
1640
1643
1640
1641
1643
1642
1640
1638
1645
1642
1643
1638
1643
1643
1643
1642
1641
1643
1635
1640
1638
1640
1635
1638
1636
1636
1635
1623
1593
1554
1511
1450
1392
1335
1289
1274
1321
1386
1450
1518
1563
1589
1616
1631
1643
1650
1659
1664
1664
1667
1668
1673
1672
1677
1675
1674
1675
1677
1679
1679
1679
1679
1679
1677
1679
1683
1682
1679
1681
1683
1688
1687
1687
1687
1687
1683
1687
1689
1690
1688
1688
1693
1689
1688
1688
1683
1683
1680
1677
1670
1675
1673
1667
1662
1653
1650
1647
1643
1645
1643
1640
1635
1635
1632
1635
1632
1630
1630
1630
1634
1635
1635
1631
1631
1630
1632
1632
1636
1635
1638
1635
1635
1634
1631
1631
1635
1635
1635
1638
1632
1636
1636
1638
1638
1635
1636
1641
1642
1640
1640
1644
1642
1650
1650
1650
1644
1644
1649
1644
1645
1644
1649
1645
1645
1650
1649
1648
1647
1648
1649
1643
1645
1642
1641
1638
1641
1640
1635
1635
1634
1635
1631
1636
1634
1641
1640
1642
1641
1640
1636
1634
1641
1637
1638
1638
1641
1637
1642
1645
1643
1642
1642
1644
1641
1641
1635
1641
1641
1640
1641
1644
1648
1640
1640
1631
1624
1597
1551
1518
1463
1405
1356
1312
1295
1321
1382
1442
1508
1558
1591
1616
1637
1649
1659
1660
1668
1669
1673
1672
1670
1676
1681
1663
1669
1670
1669
1673
1679
1682
1680
1681
1685
1687
1685
1692
1692
1689
1688
1692
1694
1688
1687
1693
1693
1692
1693
1692
1696
1694
1698
1698
1698
1693
1694
1692
1688
1686
1679
1676
1674
1673
1674
1668
1662
1663
1662
1655
1649
1644
1645
1638
1642
1642
1643
1636
1641
1637
1640
1638
1640
1640
1642
1641
1641
1643
1636
1641
1636
1641
1638
1638
1636
1641
1642
1641
1645
1643
1641
1644
1643
1641
1641
1641
1641
1643
1643
1645
1649
1645
1649
1649
1650
1649
1645
1650
1650
1651
1649
1645
1645
1645
1650
1650
1651
1649
1649
1649
1649
1645
1640
1641
1640
1641
1643
1642
1642
1641
1641
1636
1637
1632
1635
1635
1636
1640
1635
1634
1631
1635
1632
1643
1643
1641
1642
1643
1645
1642
1641
1640
1641
1636
1636
1637
1637
1640
1637
1641
1641
1641
1638
1636
1634
1630
1636
1630
1619
1595
1564
1503
1456
1388
1326
1302
1280
1294
1354
1435
1507
1559
1591
1617
1631
1643
1651
1660
1668
1669
1669
1672
1670
1676
1673
1675
1674
1674
1677
1681
1677
1679
1681
1685
1685
1681
1685
1686
1685
1681
1685
1686
1683
1688
1688
1692
1687
1692
1688
1693
1692
1690
1688
1683
1683
1687
1687
1687
1683
1675
1674
1674
1674
1666
1660
1657
1659
1654
1649
1648
1641
1637
1632
1640
1631
1635
1627
1635
1631
1635
1631
1634
1631
1635
1640
1635
1634
1631
1632
1636
1637
1634
1637
1636
1636
1632
1631
1631
1631
1632
1635
1638
1636
1640
1638
1643
1645
1644
1641
1640
1641
1640
1643
1641
1644
1644
1645
1645
1641
1643
1641
1645
1645
1644
1641
1641
1643
1641
1645
1644
1643
1640
1641
1642
1642
1644
1641
1643
1632
1635
1637
1631
1624
1631
1630
1677
1698
1673
1659
1653
1650
1645
1645
1641
1643
1640
1641
1638
1636
1634
1636
1638
1636
1638
1632
1636
1635
1638
1635
1641
1636
1637
1641
1635
1632
1630
1621
1603
1556
1508
1454
1388
1343
1302
1274
1274
1330
1397
1480
1541
1577
1603
1624
1641
1653
1656
1664
1668
1667
1669
1674
1676
1672
1674
1673
1676
1681
1681
1681
1682
1685
1683
1679
1679
1677
1686
1683
1681
1685
1692
1687
1688
1692
1693
1693
1688
1692
1693
1692
1693
1690
1693
1688
1687
1688
1687
1680
1679
1677
1675
1670
1669
1667
1664
1655
1655
1642
1642
1636
1638
1635
1638
1634
1631
1632
1634
1641
1630
1631
1629
1631
1629
1632
1630
1631
1628
1631
1630
1635
1631
1634
1631
1632
1634
1635
1636
1630
1635
1627
1632
1630
1631
1630
1635
1635
1636
1636
1632
1636
1635
1641
1635
1638
1637
1642
1642
1641
1645
1642
1641
1641
1641
1641
1640
1642
1641
1638
1634
1640
1638
1635
1636
1640
1638
1634
1637
1636
1635
1629
1625
1624
1627
1628
1631
1631
1629
1627
1625
1630
1630
1631
1630
1632
1631
1631
1640
1631
1631
1636
1631
1630
1629
1631
1631
1631
1631
1631
1630
1627
1630
1627
1624
1621
1624
1623
1624
1604
1573
1532
1477
1406
1363
1315
1276
1267
1313
1385
1459
1520
1558
1586
1605
1627
1638
1638
1649
1655
1656
1660
1660
1659
1663
1662
1668
1669
1664
1664
1666
1666
1666
1669
1669
1673
1673
1670
1675
1674
1676
1679
1680
1677
1676
1681
1679
1680
1680
1683
1686
1683
1681
1679
1687
1681
1679
1676
1674
1669
1674
1669
1661
1659
1654
1653
1645
1651
1644
1643
1631
1636
1630
1629
1622
1625
1624
1624
1622
1622
1623
1625
1627
1630
1624
1625
1627
1627
1623
1572
1592
1604
1611
1616
1621
1617
1618
1622
1624
1627
1628
1627
1630
1630
1627
1630
1630
1627
1631
1635
1634
1632
1640
1636
1640
1631
1636
1640
1636
1638
1641
1643
1636
1635
1636
1638
1637
1638
1636
1635
1638
1636
1640
1632
1630
1629
1635
1632
1634
1631
1634
1631
1631
1631
1624
1621
1625
1625
1629
1628
1631
1630
1629
1627
1629
1627
1627
1628
1630
1630
1631
1631
1630
1629
1631
1631
1631
1627
1624
1631
1630
1631
1629
1631
1627
1631
1627
1627
1619
1612
1593
1556
1511
1460
1390
1345
1299
1283
1279
1345
1411
1481
1535
1570
1592
1611
1627
1638
1642
1650
1655
1654
1657
1660
1660
1662
1660
1661
1662
1660
1663
1666
1666
1669
1670
1669
1672
1662
1668
1670
1672
1673
1677
1674
1668
1675
1676
1673
1673
1674
1676
1681
1681
1680
1679
1679
1679
1676
1669
1664
1664
1667
1668
1668
1666
1660
1654
1644
1643
1638
1638
1630
1634
1629
1629
1623
1623
1618
1623
1624
1624
1619
1618
1621
1622
1623
1623
1619
1622
1624
1624
1618
1624
1621
1623
1622
1624
1622
1625
1623
1624
1625
1625
1627
1627
1625
1630
1627
1624
1630
1627
1630
1631
1632
1628
1630
1630
1632
1637
1635
1635
1634
1638
1636
1641
1636
1635
1635
1634
1631
1630
1630
1632
1635
1635
1635
1636
1632
1634
1631
1631
1630
1630
1630
1634
1632
1631
1627
1624
1624
1621
1623
1627
1627
1628
1630
1632
1630
1631
1629
1629
1625
1634
1627
1627
1625
1631
1631
1630
1625
1630
1629
1627
1630
1630
1629
1627
1629
1630
1631
1629
1630
1629
1627
1627
1619
1596
1564
1530
1464
1409
1343
1309
1262
1294
1346
1421
1492
1545
1579
1610
1623
1631
1643
1648
1656
1663
1642
1651
1650
1656
1663
1668
1667
1668
1668
1668
1674
1674
1669
1672
1670
1674
1677
1677
1680
1680
1681
1681
1685
1680
1674
1677
1680
1682
1681
1685
1685
1685
1687
1687
1686
1682
1681
1679
1681
1679
1669
1667
1661
1657
1660
1655
1655
1648
1649
1645
1642
1636
1632
1631
1630
1627
1629
1629
1631
1631
1631
1631
1630
1625
1627
1631
1631
1632
1632
1631
1629
1631
1625
1629
1624
1624
1627
1635
1635
1635
1631
1631
1628
1634
1630
1631
1631
1635
1635
1635
1640
1635
1637
1635
1634
1635
1635
1636
1641
1637
1635
1638
1636
1641
1641
1640
1643
1636
1636
1635
1636
1631
1636
1634
1632
1629
1630
1630
1635
1632
1635
1637
1631
1623
1619
1622
1621
1622
1623
1624
1625
1630
1631
1630
1628
1630
1622
1624
1629
1631
1627
1631
1631
1634
1627
1627
1623
1628
1627
1634
1630
1630
1627
1627
1629
1630
1630
1622
1623
1622
1617
1598
1565
1513
1468
1398
1332
1289
1248
1255
1308
1389
1473
1530
1570
1593
1617
1635
1649
1651
1660
1662
1668
1664
1664
1661
1664
1666
1667
1669
1664
1664
1669
1669
1672
1673
1670
1673
1670
1677
1674
1673
1674
1675
1681
1679
1679
1679
1680
1681
1680
1683
1682
1681
1681
1681
1677
1679
1677
1675
1675
1679
1674
1668
1662
1659
1663
1657
1648
1649
1643
1641
1636
1638
1630
1631
1629
1630
1622
1622
1625
1628
1622
1630
1627
1627
1622
1624
1623
1630
1624
1623
1623
1634
1629
1635
1629
1629
1622
1625
1625
1629
1627
1634
1635
1634
1635
1631
1635
1631
1631
1630
1631
1631
1635
1635
1641
1641
1638
1635
1635
1641
1638
1641
1636
1638
1637
1640
1637
1641
1641
1634
1637
1638
1637
1634
1635
1631
1632
1631
1635
1634
1631
1629
1630
1627
1601
1599
1611
1619
1624
1624
1627
1630
1630
1630
1628
1630
1624
1631
1631
1631
1627
1631
1628
1629
1629
1630
1629
1629
1629
1630
1627
1631
1631
1632
1631
1634
1630
1624
1619
1624
1618
1597
1551
1515
1461
1392
1333
1300
1262
1270
1328
1398
1479
1535
1577
1602
1621
1631
1638
1645
1645
1651
1660
1664
1666
1668
1663
1668
1669
1664
1668
1663
1662
1668
1668
1664
1668
1669
1669
1680
1677
1676
1673
1673
1677
1679
1680
1675
1677
1681
1680
1677
1681
1680
1681
1682
1687
1681
1679
1674
1669
1668
1667
1663
1662
1659
1660
1654
1656
1647
1638
1640
1634
1630
1625
1623
1621
1618
1621
1624
1619
1619
1617
1622
1624
1629
1627
1625
1622
1622
1621
1621
1621
1622
1624
1624
1622
1623
1617
1619
1618
1622
1617
1624
1621
1630
1622
1624
1622
1624
1624
1631
1630
1631
1631
1634
1636
1634
1636
1634
1632
1629
1635
1631
1631
1631
1636
1636
1638
1636
1635
1635
1635
1632
1632
1635
1627
1631
1627
1634
1625
1629
1623
1627
1627
1625
1624
1624
1616
1618
1612
1618
1617
1615
1616
1622
1623
1624
1623
1622
1619
1623
1623
1623
1622
1622
1621
1624
1621
1622
1617
1623
1625
1627
1623
1624
1622
1623
1622
1624
1617
1618
1622
1625
1623
1622
1616
1596
1566
1514
1456
1397
1338
1282
1254
1270
1321
1382
1456
1521
1561
1584
1606
1624
1632
1642
1647
1654
1655
1651
1656
1660
1662
1663
1661
1662
1663
1661
1668
1664
1662
1664
1668
1664
1674
1669
1674
1673
1676
1676
1673
1673
1674
1677
1677
1679
1677
1674
1674
1681
1679
1676
1677
1677
1675
1674
1672
1673
1670
1669
1664
1662
1655
1645
1642
1645
1640
1640
1635
1635
1631
1624
1623
1628
1612
1612
1617
1622
1621
1622
1619
1622
1622
1622
1623
1624
1621
1624
1623
1624
1621
1624
1618
1624
1622
1621
1621
1622
1621
1627
1624
1624
1624
1625
1628
1630
1624
1630
1630
1635
1630
1632
1630
1635
1630
1640
1638
1638
1635
1631
1635
1630
1634
1629
1632
1635
1640
1632
1636
1631
1632
1630
1634
1630
1630
1625
1631
1630
1632
1631
1629
1631
1630
1630
1623
1622
1621
1621
1622
1619
1616
1614
1618
1621
1624
1623
1623
1622
1625
1622
1624
1621
1622
1623
1624
1622
1625
1623
1624
1624
1627
1627
1625
1627
1627
1627
1624
1630
1625
1623
1624
1622
1622
1621
1611
1586
1558
1527
1475
1404
1348
1302
1275
1275
1340
1406
1470
1527
1564
1590
1610
1622
1632
1641
1647
1650
1649
1653
1651
1655
1659
1659
1660
1660
1659
1660
1653
1659
1661
1663
1669
1669
1668
1664
1664
1667
1669
1669
1669
1673
1676
1675
1679
1676
1673
1670
1674
1668
1675
1673
1670
1676
1679
1673
1674
1669
1664
1662
1657
1655
1651
1649
1645
1641
1640
1631
1630
1624
1625
1619
1624
1621
1622
1617
1623
1624
1623
1618
1621
1622
1622
1618
1619
1616
1621
1621
1623
1624
1625
1616
1623
1622
1623
1623
1623
1619
1623
1621
1630
1627
1630
1630
1631
1630
1635
1629
1630
1631
1631
1630
1631
1634
1631
1637
1635
1638
1636
1635
1635
1638
1631
1634
1636
1635
1637
1632
1632
1636
1635
1630
1637
1630
1634
1630
1635
1631
1629
1635
1630
1629
1623
1630
1631
1630
1630
1625
1628
1622
1621
1616
1617
1617
1621
1625
1630
1630
1624
1630
1627
1629
1629
1625
1621
1624
1630
1635
1627
1631
1631
1632
1630
1631
1631
1630
1631
1631
1630
1630
1627
1630
1630
1630
1629
1628
1612
1595
1577
1507
1453
1399
1344
1302
1289
1294
1344
1414
1489
1544
1578
1603
1621
1637
1649
1654
1655
1659
1660
1662
1660
1664
1664
1663
1668
1672
1674
1675
1672
1673
1675
1675
1675
1676
1673
1674
1679
1682
1680
1680
1687
1682
1680
1683
1688
1682
1682
1688
1689
1689
1690
1688
1683
1688
1685
1681
1677
1675
1677
1679
1673
1663
1660
1655
1650
1651
1649
1645
1641
1636
1635
1637
1630
1630
1627
1630
1627
1630
1628
1624
1622
1625
1628
1630
1627
1631
1632
1629
1630
1627
1625
1625
1628
1628
1630
1629
1631
1634
1635
1635
1635
1634
1632
1631
1635
1631
1631
1632
1638
1641
1637
1638
1632
1636
1636
1638
1634
1635
1636
1638
1641
1641
1640
1641
1634
1638
1640
1638
1635
1637
1636
1638
1636
1635
1629
1631
1630
1634
1635
1630
1627
1631
1635
1631
1631
1631
1631
1624
1625
1622
1622
1619
1624
1625
1629
1629
1629
1625
1631
1632
1634
1630
1627
1627
1634
1634
1630
1631
1632
1632
1631
1635
1634
1632
1631
1634
1631
1631
1630
1629
1628
1630
1630
1624
1621
1612
1589
1550
1511
1444
1373
1319
1280
1256
1275
1350
1435
1508
1557
1590
1606
1631
1641
1647
1651
1659
1660
1664
1668
1669
1670
1663
1668
1674
1673
1673
1673
1669
1669
1673
1679
1677
1674
1681
1679
1679
1679
1679
1676
1682
1687
1690
1688
1692
1688
1688
1688
1689
1683
1688
1688
1688
1687
1686
1683
1676
1673
1673
1670
1668
1661
1660
1659
1650
1649
1643
1643
1636
1640
1636
1637
1635
1631
1631
1631
1632
1629
1630
1627
1637
1631
1636
1631
1632
1635
1636
1634
1632
1634
1631
1635
1640
1636
1636
1641
1635
1637
1638
1640
1635
1641
1641
1641
1644
1636
1688
1679
1669
1657
1653
1648
1648
1647
1643
1645
1643
1643
1645
1648
1648
1645
1645
1642
1648
1645
1641
1641
1640
1641
1640
1641
1632
1640
1637
1640
1636
1637
1635
1634
1631
1632
1631
1634
1635
1635
1636
1638
1636
1631
1636
1635
1636
1635
1635
1632
1635
1636
1636
1635
1635
1641
1636
1641
1641
1641
1636
1635
1631
1631
1636
1632
1635
1636
1638
1632
1632
1618
1588
1556
1502
1464
1397
1333
1290
1275
1290
1364
1427
1494
1546
1579
1602
1627
1640
1645
1655
1660
1662
1667
1672
1668
1673
1670
1674
1673
1669
1674
1674
1673
1676
1677
1673
1677
1677
1680
1679
1679
1677
1680
1680
1682
1681
1686
1687
1688
1688
1693
1688
1687
1688
1687
1687
1683
1683
1687
1687
1679
1673
1672
1668
1668
1664
1662
1659
1653
1650
1643
1642
1637
1635
1634
1631
1631
1629
1631
1631
1632
1630
1630
1627
1625
1627
1634
1630
1632
1634
1630
1627
1631
1636
1631
1635
1631
1631
1631
1630
1630
1635
1635
1638
1634
1635
1631
1631
1635
1641
1642
1637
1640
1640
1640
1635
1635
1636
1637
1642
1642
1645
1641
1644
1643
1648
1643
1640
1642
1641
1640
1640
1641
1638
1635
1640
1641
1640
1638
1636
1636
1636
1637
1635
1634
1625
1632
1635
1638
1635
1635
1631
1631
1629
1628
1624
1622
1624
1625
1631
1627
1629
1630
1628
1627
1634
1630
1631
1630
1638
1636
1636
1635
1634
1638
1634
1631
1631
1631
1627
1631
1634
1637
1634
1632
1631
1634
1636
1631
1629
1621
1602
1567
1527
1492
1428
1366
1318
1289
1283
1343
1403
1476
1532
1573
1595
1614
1628
1641
1655
1659
1662
1663
1664
1670
1673
1670
1669
1673
1673
1674
1674
1669
1669
1673
1676
1679
1677
1673
1654
1666
1673
1675
1676
1677
1679
1683
1681
1685
1680
1683
1687
1687
1683
1682
1683
1686
1681
1683
1683
1677
1673
1677
1667
1664
1663
1659
1657
1654
1653
1642
1643
1641
1640
1637
1634
1634
1625
1631
1627
1635
1632
1631
1630
1635
1634
1631
1624
1627
1625
1630
1629
1632
1629
1631
1631
1632
1634
1630
1634
1631
1634
1630
1635
1631
1631
1632
1636
1632
1634
1629
1635
1635
1635
1635
1640
1636
1636
1645
1641
1642
1635
1642
1643
1641
1642
1643
1641
1641
1642
1641
1644
1643
1640
1641
1643
1642
1635
1641
1636
1638
1635
1642
1636
1641
1641
1636
1636
1635
1630
1629
1630
1631
1634
1623
1625
1624
1624
1625
1631
1629
1631
1631
1631
1631
1632
1630
1635
1638
1635
1642
1638
1634
1630
1635
1631
1638
1632
1635
1635
1631
1630
1630
1631
1632
1635
1636
1630
1630
1630
1624
1619
1593
1551
1509
1460
1393
1341
1305
1276
1285
1345
1423
1493
1546
1582
1602
1627
1636
1649
1650
1654
1662
1668
1664
1669
1673
1669
1672
1673
1669
1672
1673
1672
1676
1674
1673
1673
1679
1676
1674
1679
1679
1677
1680
1686
1681
1685
1686
1681
1681
1688
1687
1683
1685
1688
1692
1687
1685
1682
1680
1676
1675
1670
1675
1669
1667
1668
1666
1657
1655
1649
1649
1648
1641
1636
1635
1636
1631
1635
1631
1629
1627
1628
1624
1629
1629
1630
1629
1634
1634
1636
1635
1635
1636
1638
1635
1636
1636
1631
1636
1635
1637
1632
1636
1641
1641
1640
1640
1643
1635
1640
1636
1638
1641
1643
1641
1644
1650
1643
1645
1643
1643
1644
1643
1643
1642
1648
1645
1650
1645
1641
1642
1641
1643
1643
1645
1642
1645
1644
1644
1643
1641
1642
1637
1641
1635
1635
1627
1617
1623
1630
1624
1629
1631
1636
1636
1640
1638
1635
1636
1636
1640
1634
1636
1638
1637
1636
1640
1638
1640
1637
1636
1641
1640
1638
1635
1636
1637
1637
1635
1635
1635
1632
1634
1624
1603
1570
1516
1469
1403
1335
1276
1245
1268
1326
1403
1485
1544
1584
1608
1630
1647
1649
1654
1661
1668
1674
1674
1669
1674
1675
1676
1676
1677
1673
1677
1681
1681
1679
1683
1682
1679
1680
1681
1681
1681
1682
1686
1692
1689
1690
1685
1688
1696
1692
1688
1693
1690
1692
1692
1688
1689
1689
1687
1686
1681
1677
1674
1669
1669
1668
1662
1657
1654
1655
1651
1648
1642
1640
1638
1635
1636
1635
1635
1631
1636
1631
1630
1627
1631
1630
1631
1635
1634
1630
1627
1634
1634
1631
1631
1636
1631
1632
1635
1636
1635
1630
1631
1634
1632
1631
1631
1630
1630
1630
1632
1634
1635
1636
1640
1644
1641
1640
1640
1640
1638
1637
1640
1638
1641
1642
1644
1644
1642
1641
1641
1635
1640
1640
1635
1641
1636
1635
1632
1636
1638
1636
1635
1630
1627
1624
1627
1630
1631
1628
1630
1624
1627
1625
1631
1631
1634
1632
1636
1636
1634
1632
1632
1636
1634
1631
1630
1630
1628
1631
1632
1635
1635
1634
1638
1632
1635
1630
1631
1627
1630
1616
1593
1559
1511
1457
1389
1345
1290
1260
1256
1328
1402
1480
1533
1569
1595
1617
1635
1644
1651
1655
1660
1663
1662
1668
1669
1669
1669
1673
1668
1673
1673
1673
1674
1680
1677
1676
1679
1679
1679
1679
1675
1681
1681
1689
1683
1680
1683
1687
1688
1690
1687
1687
1687
1690
1690
1688
1688
1687
1682
1682
1683
1676
1668
1668
1663
1664
1663
1656
1655
1645
1651
1640
1641
1630
1635
1632
1632
1631
1634
1617
1624
1622
1628
1627
1628
1627
1625
1629
1627
1634
1628
1631
1625
1636
1631
1630
1630
1631
1630
1634
1628
1631
1631
1634
1634
1640
1636
1635
1640
1631
1632
1631
1635
1635
1643
1635
1641
1643
1642
1644
1645
1643
1638
1637
1642
1643
1648
1641
1641
1638
1641
1640
1641
1638
1640
1641
1640
1641
1636
1634
1635
1636
1634
1635
1630
1628
1630
1625
1624
1630
1628
1634
1628
1635
1635
1630
1628
1631
1632
1631
1630
1629
1630
1631
1632
1634
1636
1632
1636
1631
1636
1630
1636
1631
1631
1631
1635
1635
1630
1630
1630
1631
1621
1603
1574
1530
1488
1421
1382
1322
1289
1273
1319
1385
1454
1520
1559
1586
1612
1625
1631
1643
1645
1655
1657
1655
1659
1660
1662
1667
1668
1664
1666
1664
1669
1668
1664
1664
1669
1672
1669
1674
1670
1673
1677
1676
1674
1674
1674
1676
1679
1680
1679
1683
1681
1679
1680
1687
1681
1681
1682
1681
1680
1674
1673
1666
1663
1660
1660
1656
1649
1650
1645
1643
1635
1635
1632
1631
1627
1631
1630
1624
1624
1624
1623
1629
1629
1627
1630
1631
1629
1623
1630
1621
1627
1622
1628
1622
1627
1627
1630
1627
1630
1627
1627
1624
1630
1624
1630
1631
1631
1634
1632
1635
1634
1635
1635
1640
1632
1636
1636
1638
1640
1640
1641
1638
1636
1635
1642
1641
1641
1641
1641
1643
1640
1640
1636
1631
1632
1640
1640
1635
1632
1631
1631
1631
1630
1629
1625
1627
1632
1631
1635
1629
1631
1632
1632
1634
1632
1631
1631
1634
1635
1634
1629
1630
1630
1632
1630
1636
1636
1632
1636
1638
1636
1631
1630
1634
1634
1631
1631
1627
1619
1592
1547
1505
1453
1399
1348
1309
1298
1301
1356
1425
1492
1546
1577
1601
1618
1634
1645
1634
1645
1651
1655
1660
1663
1660
1663
1664
1666
1669
1670
1669
1669
1669
1673
1679
1679
1681
1676
1676
1679
1677
1679
1677
1681
1679
1682
1685
1682
1685
1683
1687
1686
1686
1686
1688
1683
1685
1687
1683
1677
1679
1674
1679
1674
1669
1664
1662
1655
1659
1649
1647
1641
1641
1636
1636
1632
1632
1631
1635
1635
1636
1636
1630
1632
1631
1634
1629
1631
1634
1632
1635
1637
1631
1631
1631
1631
1635
1631
1635
1631
1630
1631
1636
1631
1632
1631
1638
1636
1640
1636
1640
1640
1640
1642
1638
1641
1632
1641
1641
1642
1643
1645
1645
1645
1649
1645
1643
1638
1641
1642
1640
1640
1640
1641
1638
1641
1640
1637
1635
1632
1634
1631
1629
1625
1627
1624
1630
1629
1630
1630
1635
1637
1640
1635
1636
1632
1632
1635
1636
1634
1631
1637
1636
1635
1632
1631
1635
1631
1634
1631
1635
1631
1631
1631
1635
1631
1631
1631
1630
1612
1589
1558
1511
1450
1385
1319
1286
1264
1296
1371
1447
1518
1563
1591
1618
1636
1645
1650
1659
1662
1663
1666
1667
1672
1669
1669
1673
1668
1667
1670
1669
1673
1674
1674
1669
1676
1677
1674
1680
1682
1679
1677
1686
1687
1686
1683
1688
1687
1683
1682
1686
1687
1685
1688
1687
1686
1680
1680
1681
1679
1682
1679
1674
1669
1666
1668
1660
1651
1647
1645
1645
1643
1641
1635
1630
1631
1631
1634
1630
1631
1632
1635
1636
1635
1632
1632
1632
1637
1632
1631
1629
1634
1636
1637
1638
1635
1635
1635
1638
1634
1631
1630
1636
1636
1636
1635
1637
1640
1637
1642
1643
1640
1636
1640
1643
1643
1643
1643
1645
1641
1647
1645
1643
1641
1644
1647
1640
1643
1640
1643
1643
1647
1645
1645
1648
1644
1649
1695
1693
1669
1657
1645
1640
1636
1635
1631
1635
1636
1637
1640
1636
1635
1634
1636
1640
1638
1634
1635
1637
1638
1640
1636
1638
1640
1641
1638
1638
1638
1638
1636
1640
1642
1632
1635
1636
1638
1636
1635
1624
1609
1574
1525
1464
1414
1353
1299
1261
1276
1321
1399
1480
1538
1579
1608
1624
1640
1649
1655
1662
1666
1672
1673
1673
1675
1680
1677
1674
1674
1677
1679
1679
1677
1679
1677
1681
1680
1679
1677
1685
1686
1687
1687
1690
1690
1689
1688
1693
1689
1688
1688
1692
1692
1689
1692
1690
1689
1688
1687
1687
1683
1675
1669
1668
1663
1662
1662
1662
1660
1655
1651
1643
1641
1638
1640
1634
1634
1635
1630
1631
1634
1630
1627
1631
1631
1635
1630
1631
1631
1631
1631
1634
1631
1630
1631
1635
1636
1636
1631
1631
1636
1635
1635
1638
1630
1631
1632
1636
1636
1641
1642
1640
1641
1640
1642
1641
1641
1640
1642
1645
1642
1643
1641
1643
1643
1644
1641
1641
1642
1640
1640
1635
1643
1635
1636
1637
1635
1632
1630
1631
1631
1631
1630
1627
1631
1635
1632
1636
1635
1641
1640
1631
1638
1638
1631
1627
1634
1631
1635
1631
1637
1636
1635
1636
1631
1631
1630
1632
1631
1630
1630
1631
1630
1631
1624
1621
1596
1563
1522
1477
1408
1340
1290
1264
1264
1332
1399
1475
1532
1573
1598
1619
1629
1641
1647
1655
1666
1661
1660
1667
1667
1668
1673
1669
1669
1672
1672
1672
1673
1674
1674
1675
1675
1674
1677
1676
1677
1679
1683
1686
1681
1682
1683
1683
1687
1688
1683
1688
1690
1693
1687
1694
1689
1687
1685
1683
1681
1676
1674
1669
1668
1662
1657
1655
1650
1650
1649
1644
1641
1636
1635
1636
1635
1630
1631
1631
1619
1625
1627
1624
1630
1632
1632
1630
1629
1627
1630
1627
1630
1628
1630
1628
1631
1632
1632
1630
1631
1631
1631
1630
1634
1634
1635
1638
1642
1644
1641
1643
1641
1640
1641
1641
1642
1640
1643
1654
1649
1645
1642
1645
1645
1649
1645
1645
1648
1642
1645
1643
1642
1643
1648
1643
1642
1637
1635
1631
1629
1630
1631
1634
1631
1637
1640
1641
1638
1637
1635
1635
1635
1637
1640
1636
1640
1640
1640
1638
1637
1636
1635
1636
1636
1635
1634
1636
1638
1641
1637
1638
1641
1636
1631
1634
1631
1612
1579
1537
1486
1435
1371
1324
1288
1276
1321
1385
1451
1512
1558
1590
1608
1627
1637
1643
1654
1659
1668
1666
1667
1664
1669
1674
1673
1669
1667
1668
1669
1670
1674
1673
1672
1675
1677
1676
1679
1679
1679
1679
1681
1679
1677
1683
1681
1683
1681
1686
1687
1681
1687
1687
1681
1675
1679
1679
1681
1679
1674
1669
1674
1669
1664
1657
1650
1649
1644
1647
1643
1637
1636
1632
1634
1630
1632
1631
1630
1627
1631
1628
1630
1627
1631
1630
1632
1630
1631
1631
1630
1630
1635
1635
1630
1629
1630
1630
1623
1630
1630
1632
1634
1632
1632
1634
1636
1635
1636
1637
1640
1638
1641
1640
1641
1640
1635
1643
1641
1644
1645
1644
1645
1641
1641
1641
1640
1635
1640
1641
1641
1642
1638
1643
1638
1640
1640
1641
1634
1634
1632
1634
1630
1625
1629
1627
1631
1632
1635
1634
1634
1631
1636
1635
1636
1635
1640
1640
1636
1635
1632
1634
1632
1640
1636
1641
1636
1637
1642
1641
1640
1634
1635
1637
1637
1635
1632
1629
1621
1597
1560
1518
1456
1401
1339
1312
1293
1327
1384
1448
1516
1558
1593
1610
1630
1643
1654
1662
1667
1668
1673
1670
1669
1674
1675
1669
1673
1674
1674
1679
1653
1650
1674
1676
1674
1677
1677
1679
1681
1688
1681
1683
1690
1692
1689
1692
1694
1693
1688
1694
1695
1693
1689
1688
1695
1694
1688
1688
1687
1681
1677
1681
1676
1673
1669
1666
1664
1657
1656
1650
1653
1649
1649
1647
1640
1637
1636
1638
1636
1637
1636
1636
1636
1637
1640
1636
1640
1637
1643
1638
1640
1640
1637
1638
1638
1641
1636
1636
1638
1641
1642
1643
1645
1641
1643
1645
1645
1641
1643
1641
1644
1647
1645
1649
1651
1650
1650
1650
1650
1643
1648
1654
1653
1650
1643
1645
1648
1647
1649
1645
1649
1644
1648
1643
1645
1649
1645
1645
1641
1641
1632
1634
1630
1635
1635
1635
1634
1636
1636
1635
1634
1632
1632
1637
1640
1641
1642
1641
1641
1641
1641
1643
1640
1638
1636
1638
1641
1643
1641
1640
1641
1637
1640
1630
1632
1635
1631
1630
1623
1595
1560
1524
1479
1410
1352
1293
1272
1280
1351
1431
1506
1553
1588
1617
1632
1645
1651
1659
1664
1667
1668
1669
1669
1669
1676
1679
1677
1679
1680
1679
1674
1676
1674
1679
1679
1681
1682
1687
1683
1683
1681
1683
1688
1687
1687
1692
1692
1688
1689
1688
1692
1688
1692
1692
1688
1683
1688
1692
1681
1681
1679
1676
1670
1666
1662
1662
1659
1654
1655
1653
1649
1643
1640
1640
1640
1636
1636
1641
1636
1635
1635
1638
1636
1638
1635
1638
1638
1638
1640
1638
1640
1640
1636
1631
1640
1636
1642
1643
1642
1643
1641
1643
1642
1644
1641
1641
1641
1644
1648
1643
1645
1643
1648
1645
1648
1647
1645
1653
1656
1653
1650
1645
1649
1650
1649
1653
1659
1653
1647
1648
1647
1641
1641
1643
1643
1642
1641
1641
1641
1640
1641
1643
1640
1632
1617
1627
1631
1638
1641
1641
1643
1642
1645
1641
1641
1640
1643
1643
1645
1648
1647
1648
1640
1644
1644
1641
1643
1648
1643
1641
1640
1640
1637
1637
1625
1597
1565
1512
1453
1395
1320
1279
1253
1281
1353
1435
1516
1564
1593
1619
1640
1649
1659
1662
1668
1673
1673
1675
1679
1677
1680
1679
1677
1675
1679
1680
1681
1683
1683
1682
1683
1688
1692
1688
1688
1689
1688
1688
1693
1693
1693
1689
1692
1696
1692
1693
1692
1693
1693
1698
1700
1698
1692
1688
1686
1687
1675
1676
1670
1668
1669
1663
1660
1653
1649
1648
1648
1641
1636
1640
1636
1636
1631
1632
1634
1632
1635
1640
1641
1635
1636
1631
1635
1632
1635
1630
1636
1631
1641
1640
1636
1631
1635
1638
1632
1636
1635
1636
1634
1636
1632
1635
1632
1638
1642
1641
1642
1644
1645
1641
1641
1645
1641
1648
1640
1647
1642
1641
1640
1640
1641
1640
1645
1644
1645
1643
1641
1640
1641
1641
1640
1640
1637
1635
1632
1631
1630
1631
1638
1635
1636
1631
1635
1630
1641
1632
1636
1635
1641
1637
1636
1640
1640
1641
1640
1637
1632
1636
1635
1632
1636
1637
1635
1634
1638
1636
1635
1636
1635
1636
1631
1622
1593
1546
1498
1436
1374
1343
1292
1275
1301
1363
1437
1503
1553
1582
1604
1624
1636
1649
1653
1660
1669
1672
1675
1673
1670
1673
1669
1670
1674
1675
1677
1675
1680
1680
1679
1677
1682
1683
1681
1682
1685
1683
1686
1685
1686
1688
1688
1687
1688
1693
1692
1692
1692
1692
1693
1692
1688
1686
1683
1681
1677
1676
1675
1674
1673
1668
1666
1660
1659
1654
1650
1650
1640
1635
1636
1636
1632
1638
1636
1635
1636
1638
1640
1636
1637
1635
1641
1638
1640
1641
1636
1638
1638
1698
1688
1668
1659
1657
1647
1645
1643
1641
1641
1637
1641
1638
1640
1640
1641
1645
1648
1649
1645
1650
1648
1650
1650
1648
1651
1651
1659
1655
1651
1651
1649
1649
1648
1645
1645
1649
1653
1650
1648
1649
1649
1648
1648
1654
1651
1645
1642
1641
1638
1637
1637
1635
1631
1636
1640
1637
1638
1638
1638
1638
1640
1641
1641
1641
1643
1645
1641
1645
1641
1640
1642
1642
1643
1642
1640
1636
1642
1641
1640
1638
1635
1638
1640
1640
1634
1636
1628
1619
1592
1551
1501
1432
1369
1328
1286
1267
1315
1379
1454
1520
1570
1593
1612
1631
1640
1651
1662
1662
1661
1670
1664
1666
1670
1669
1672
1679
1676
1675
1674
1676
1673
1677
1677
1679
1677
1679
1681
1683
1681
1682
1683
1689
1688
1682
1687
1683
1683
1687
1693
1688
1688
1688
1690
1692
1685
1686
1683
1683
1680
1679
1669
1664
1664
1663
1659
1654
1653
1650
1643
1643
1645
1641
1638
1636
1635
1635
1635
1634
1631
1630
1632
1637
1634
1634
1631
1634
1634
1631
1635
1636
1638
1632
1635
1636
1635
1631
1630
1634
1632
1635
1640
1641
1636
1640
1640
1635
1634
1634
1641
1638
1641
1636
1641
1641
1649
1648
1641
1641
1641
1644
1642
1643
1642
1641
1641
1641
1649
1645
1641
1641
1641
1645
1643
1643
1634
1636
1631
1635
1635
1635
1629
1635
1638
1635
1636
1636
1637
1632
1635
1636
1641
1635
1634
1644
1641
1640
1638
1643
1640
1642
1640
1640
1638
1636
1640
1641
1637
1637
1640
1638
1641
1638
1637
1636
1632
1614
1588
1540
1494
1435
1373
1330
1302
1289
1341
1402
1470
1531
1572
1598
1618
1636
1645
1657
1660
1662
1668
1669
1667
1668
1668
1673
1677
1679
1673
1677
1676
1583
1611
1640
1649
1659
1664
1672
1679
1681
1685
1683
1680
1682
1686
1686
1687
1690
1688
1693
1688
1686
1686
1688
1688
1688
1688
1688
1686
1682
1676
1674
1674
1668
1668
1664
1660
1659
1650
1649
1650
1641
1640
1636
1635
1631
1636
1636
1635
1634
1631
1631
1636
1636
1636
1636
1635
1637
1636
1636
1636
1635
1634
1634
1632
1635
1635
1638
1636
1640
1637
1638
1640
1637
1641
1641
1638
1636
1640
1643
1643
1644
1643
1645
1641
1645
1643
1649
1644
1643
1645
1643
1645
1644
1645
1647
1648
1650
1650
1645
1642
1644
1642
1640
1643
1638
1642
1638
1641
1634
1632
1630
1630
1630
1631
1634
1634
1635
1635
1638
1632
1635
1630
1634
1636
1636
1638
1638
1636
1637
1637
1636
1638
1630
1636
1631
1635
1628
1632
1635
1632
1636
1641
1638
1631
1630
1623
1624
1605
1558
1515
1468
1406
1351
1300
1281
1285
1351
1425
1494
1550
1582
1605
1631
1642
1653
1655
1655
1664
1668
1673
1672
1673
1670
1669
1676
1670
1669
1670
1672
1673
1679
1677
1676
1679
1680
1679
1679
1680
1679
1683
1687
1683
1680
1680
1687
1683
1688
1688
1683
1687
1688
1688
1687
1681
1681
1679
1674
1673
1670
1666
1673
1666
1663
1660
1654
1650
1648
1645
1643
1640
1635
1635
1634
1629
1631
1625
1629
1630
1634
1631
1634
1632
1632
1629
1631
1631
1629
1627
1627
1631
1637
1635
1632
1636
1632
1635
1635
1634
1629
1631
1635
1632
1635
1632
1640
1640
1644
1643
1645
1642
1641
1642
1643
1641
1641
1644
1641
1641
1641
1641
1636
1637
1641
1640
1644
1640
1641
1641
1638
1638
1636
1632
1627
1628
1631
1635
1635
1637
1635
1641
1637
1640
1635
1636
1632
1635
1632
1631
1635
1632
1636
1638
1642
1640
1640
1636
1636
1634
1631
1660
1681
1663
1653
1649
1645
1644
1638
1630
1612
1574
1524
1479
1428
1357
1296
1262
1256
1292
1365
1450
1522
1561
1593
1617
1636
1645
1647
1651
1660
1661
1664
1666
1667
1672
1674
1673
1677
1675
1675
1676
1676
1677
1677
1676
1679
1681
1682
1679
1685
1689
1685
1681
1686
1688
1683
1687
1687
1687
1687
1687
1688
1688
1689
1688
1692
1687
1682
1677
1676
1674
1673
1669
1667
1660
1655
1654
1649
1643
1641
1642
1636
1635
1631
1635
1630
1631
1627
1630
1624
1628
1630
1630
1629
1630
1630
1631
1629
1627
1623
1624
1624
1627
1631
1627
1627
1627
1634
1635
1637
1630
1631
1631
1631
1631
1631
1630
1634
1632
1630
1631
1631
1632
1634
1636
1636
1636
1634
1631
1635
1636
1632
1634
1631
1631
1635
1635
1636
1635
1631
1632
1635
1635
1634
1630
1624
1623
1624
1621
1622
1621
1624
1630
1631
1630
1631
1629
1627
1630
1629
1629
1628
1628
1629
1630
1629
1630
1629
1630
1630
1631
1627
1625
1624
1625
1624
1627
1623
1629
1625
1628
1628
1622
1611
1597
1560
1528
1462
1412
1344
1308
1262
1256
1309
1370
1449
1513
1559
1583
1605
1624
1631
1643
1644
1650
1654
1653
1660
1664
1662
1661
1660
1660
1664
1668
1663
1669
1668
1666
1672
1668
1664
1669
1673
1673
1679
1679
1675
1679
1679
1677
1679
1679
1679
1681
1683
1679
1683
1681
1680
1677
1676
1675
1673
1669
1664
1667
1662
1655
1653
1650
1653
1649
1644
1640
1632
1631
1629
1631
1625
1624
1622
1618
1622
1624
1622
1622
1624
1627
1629
1624
1623
1627
1624
1627
1627
1627
1624
1628
1627
1631
1624
1628
1627
1628
1625
1629
1623
1627
1623
1630
1623
1619
1624
1627
1631
1632
1634
1635
1635
1637
1641
1640
1640
1637
1640
1637
1638
1640
1636
1638
1630
1636
1636
1632
1630
1636
1632
1638
1635
1635
1628
1625
1621
1622
1622
1618
1615
1622
1624
1627
1624
1627
1622
1623
1623
1630
1623
1627
1631
1630
1629
1631
1629
1624
1627
1631
1627
1627
1624
1629
1630
1632
1629
1628
1624
1624
1624
1629
1624
1621
1603
1577
1551
1509
1445
1378
1328
1293
1275
1295
1359
1422
1492
1537
1577
1598
1615
1625
1635
1642
1643
1649
1653
1654
1659
1659
1660
1660
1659
1661
1662
1661
1660
1655
1662
1663
1667
1664
1666
1668
1669
1673
1673
1669
1669
1670
1673
1676
1675
1674
1674
1676
1681
1679
1674
1669
1674
1677
1673
1670
1668
1669
1666
1660
1657
1645
1645
1640
1641
1640
1637
1631
1631
1629
1624
1623
1624
1617
1616
1617
1622
1624
1621
1623
1624
1621
1621
1621
1619
1622
1622
1623
1622
1621
1622
1622
1624
1627
1627
1624
1622
1623
1622
1625
1624
1622
1624
1628
1624
1629
1629
1631
1631
1635
1630
1632
1629
1635
1631
1635
1632
1634
1630
1635
1636
1636
1640
1635
1638
1636
1640
1632
1631
1628
1623
1624
1628
1625
1624
1624
1627
1624
1624
1623
1621
1622
1621
1624
1622
1622
1623
1627
1624
1630
1624
1624
1622
1622
1624
1625
1619
1627
1627
1629
1624
1628
1630
1631
1629
1630
1628
1630
1627
1625
1630
1625
1627
1623
1618
1603
1567
1535
1481
1436
1370
1328
1296
1292
1316
1379
1450
1516
1559
1586
1608
1627
1638
1643
1651
1651
1660
1659
1660
1660
1660
1657
1664
1664
1666
1669
1664
1669
1669
1676
1672
1672
1667
1670
1674
1677
1676
1676
1673
1681
1679
1679
1679
1679
1677
1679
1686
1681
1682
1687
1687
1680
1679
1690
1706
1696
1683
1676
1679
1670
1667
1664
1654
1645
1636
1638
1632
1632
1631
1631
1623
1629
1622
1629
1623
1623
1624
1629
1624
1628
1624
1625
1623
1630
1631
1631
1625
1630
1627
1631
1629
1632
1627
1627
1630
1630
1627
1630
1629
1630
1634
1635
1632
1631
1635
1634
1637
1636
1636
1636
1635
1634
1637
1640
1640
1638
1635
1643
1640
1641
1641
1641
1642
1642
1641
1636
1636
1635
1638
1636
1636
1635
1635
1632
1630
1631
1627
1623
1621
1622
1625
1624
1624
1629
1631
1630
1631
1629
1625
1629
1627
1630
1629
1628
1622
1631
1629
1630
1624
1624
1624
1630
1631
1632
1627
1627
1625
1631
1630
1630
1628
1624
1627
1619
1601
1553
1511
1454
1408
1354
1274
1255
1268
1332
1401
1481
1540
1577
1603
1622
1632
1649
1650
1654
1655
1657
1657
1662
1662
1662
1664
1664
1663
1667
1673
1668
1673
1669
1668
1668
1672
1673
1676
1677
1677
1674
1679
1679
1680
1679
1683
1683
1688
1687
1680
1681
1682
1682
1686
1683
1679
1679
1676
1677
1676
1669
1668
1667
1662
1655
1655
1645
1640
1642
1636
1638
1635
1631
1628
1630
1627
1630
1624
1625
1621
1623
1617
1625
1622
1627
1624
1627
1623
1630
1627
1625
1628
1632
1627
1622
1629
1630
1629
1629
1634
1630
1636
1630
1634
1625
1630
1630
1635
1636
1636
1635
1634
1632
1634
1640
1640
1640
1637
1642
1641
1640
1640
1634
1636
1631
1636
1636
1641
1636
1637
1640
1643
1641
1637
1636
1631
1631
1629
1632
1622
1627
1629
1629
1627
1630
1631
1631
1630
1635
1631
1634
1627
1630
1630
1631
1631
1631
1630
1636
1635
1631
1632
1629
1631
1630
1634
1629
1631
1630
1631
1631
1634
1629
1627
1617
1606
1586
1578
1516
1447
1383
1331
1283
1260
1300
1360
1445
1515
1559
1584
1612
1630
1638
1645
1651
1654
1663
1664
1663
1663
1661
1669
1669
1672
1672
1673
1668
1675
1674
1669
1669
1672
1668
1673
1674
1674
1673
1679
1679
1682
1683
1680
1683
1687
1687
1685
1687
1685
1679
1683
1680
1688
1685
1687
1683
1681
1675
1668
1666
1660
1660
1656
1654
1653
1641
1643
1640
1641
1635
1635
1630
1625
1628
1628
1627
1624
1621
1625
1627
1627
1623
1627
1624
1623
1622
1625
1623
1621
1619
1625
1623
1625
1622
1623
1627
1630
1630
1629
1629
1629
1631
1629
1630
1624
1624
1624
1630
1630
1631
1627
1631
1631
1636
1631
1635
1638
1636
1638
1637
1634
1631
1636
1635
1636
1631
1630
1632
1635
1630
1631
1635
1631
1630
1630
1634
1629
1628
1622
1627
1619
1621
1617
1624
1621
1630
1627
1625
1623
1625
1619
1625
1622
1625
1629
1631
1630
1631
1629
1625
1625
1624
1627
1630
1629
1627
1627
1630
1631
1630
1624
1624
1624
1622
1624
1623
1617
1602
1567
1522
1480
1429
1361
1308
1270
1272
1312
1371
1438
1506
1551
1582
1599
1617
1629
1640
1645
1645
1650
1650
1653
1655
1657
1662
1662
1661
1661
1662
1660
1662
1660
1662
1663
1664
1672
1672
1673
1674
1675
1675
1674
1670
1673
1676
1675
1677
1677
1679
1680
1681
1683
1675
1675
1677
1674
1675
1674
1669
1669
1667
1664
1661
1656
1649
1649
1641
1643
1638
1635
1627
1630
1625
1627
1622
1624
1622
1624
1622
1627
1625
1623
1621
1623
1622
1624
1623
1624
1625
1627
1624
1627
1623
1624
1622
1628
1627
1627
1625
1627
1628
1628
1630
1631
1627
1629
1629
1635
1631
1632
1631
1635
1635
1630
1632
1636
1635
1635
1611
1589
1608
1614
1622
1624
1630
1630
1635
1636
1640
1642
1636
1638
1636
1635
1629
1631
1628
1627
1624
1631
1634
1630
1627
1630
1630
1631
1631
1630
1625
1623
1624
1624
1622
1619
1621
1622
1627
1629
1624
1624
1624
1624
1623
1627
1624
1624
1624
1628
1630
1631
1630
1630
1627
1628
1627
1628
1625
1623
1622
1629
1627
1627
1629
1628
1629
1625
1622
1615
1597
1572
1539
1499
1425
1360
1315
1276
1277
1322
1380
1445
1514
1553
1584
1604
1621
1631
1636
1645
1650
1654
1659
1661
1662
1659
1657
1657
1659
1662
1663
1662
1663
1660
1662
1668
1669
1667
1674
1672
1668
1672
1670
1673
1672
1675
1674
1676
1674
1675
1677
1681
1677
1680
1680
1683
1677
1676
1673
1666
1667
1666
1662
1662
1662
1659
1654
1650
1649
1640
1638
1631
1634
1623
1624
1619
1622
1618
1622
1621
1624
1621
1623
1621
1628
1622
1624
1619
1618
1621
1623
1622
1622
1622
1624
1624
1630
1627
1630
1624
1623
1624
1629
1629
1629
1630
1632
1630
1630
1629
1630
1634
1632
1635
1632
1635
1634
1636
1640
1643
1640
1635
1638
1631
1640
1636
1636
1635
1638
1635
1636
1636
1630
1631
1635
1634
1630
1634
1624
1631
1631
1635
1630
1631
1631
1631
1627
1630
1628
1627
1631
1634
1634
1627
1624
1624
1621
1622
1624
1622
1623
1624
1627
1625
1629
1624
1631
1629
1631
1630
1632
1624
1631
1634
1635
1635
1634
1636
1632
1635
1630
1631
1630
1632
1630
1634
1630
1634
1627
1631
1624
1617
1593
1545
1499
1438
1395
1340
1286
1272
1289
1346
1422
1498
1550
1578
1602
1631
1634
1645
1649
1657
1662
1666
1668
1673
1664
1667
1669
1673
1669
1668
1669
1673
1673
1672
1673
1674
1674
1680
1685
1687
1690
1682
1685
1685
1687
1682
1682
1688
1686
1687
1687
1688
1688
1687
1687
1685
1680
1679
1679
1674
1676
1673
1668
1668
1667
1663
1662
1660
1655
1645
1642
1636
1637
1631
1630
1635
1632
1634
1631
1634
1629
1629
1629
1629
1625
1631
1627
1636
1627
1632
1631
1635
1622
1636
1631
1631
1631
1636
1635
1634
1634
1631
1635
1630
1636
1631
1637
1632
1640
1636
1637
1635
1638
1640
1640
1640
1640
1638
1632
1640
1640
1644
1641
1643
1641
1641
1641
1641
1637
1634
1640
1636
1640
1634
1636
1636
1638
1638
1635
1634
1630
1630
1630
1634
1631
1628
1632
1635
1629
1627
1625
1624
1622
1624
1622
1624
1624
1627
1632
1631
1631
1628
1631
1629
1631
1629
1630
1628
1632
1630
1631
1630
1631
1627
1627
1627
1630
1630
1627
1629
1630
1631
1627
1622
1622
1624
1621
1612
1592
1544
1499
1443
1382
1340
1286
1264
1272
1335
1414
1489
1543
1573
1603
1621
1634
1643
1649
1660
1666
1664
1669
1667
1664
1663
1663
1664
1668
1668
1668
1669
1664
1668
1670
1669
1672
1674
1674
1676
1677
1677
1674
1676
1677
1677
1675
1677
1681
1682
1686
1683
1681
1682
1680
1679
1675
1677
1672
1674
1673
1669
1667
1669
1667
1661
1651
1650
1648
1644
1641
1641
1640
1630
1630
1627
1630
1629
1629
1624
1630
1627
1631
1631
1630
1629
1631
1629
1629
1625
1627
1629
1627
1630
1631
1631
1627
1630
1630
1634
1629
1630
1630
1634
1628
1631
1631
1631
1635
1636
1640
1636
1640
1635
1640
1636
1641
1640
1641
1638
1641
1643
1638
1641
1640
1640
1636
1643
1640
1638
1635
1635
1638
1636
1641
1635
1636
1631
1635
1624
1627
1625
1629
1627
1632
1629
1630
1630
1632
1629
1628
1629
1630
1630
1632
1631
1630
1631
1632
1635
1631
1635
1631
1635
1634
1635
1630
1634
1629
1627
1630
1630
1630
1630
1629
1629
1629
1612
1573
1532
1494
1430
1376
1332
1286
1256
1305
1374
1444
1511
1556
1586
1608
1627
1640
1645
1651
1659
1664
1660
1668
1668
1669
1673
1674
1669
1670
1669
1674
1675
1677
1674
1673
1679
1682
1676
1676
1674
1674
1679
1680
1681
1683
1687
1683
1686
1692
1692
1687
1687
1686
1685
1687
1683
1682
1681
1683
1682
1676
1674
1674
1668
1668
1660
1659
1650
1648
1645
1643
1641
1635
1634
1631
1636
1635
1636
1630
1631
1630
1630
1630
1630
1623
1627
1624
1625
1629
1630
1629
1628
1630
1634
1634
1632
1630
1629
1631
1628
1629
1625
1630
1630
1632
1630
1635
1631
1632
1636
1631
1635
1631
1637
1635
1641
1641
1640
1643
1641
1643
1643
1642
1638
1642
1643
1638
1640
1638
1638
1634
1640
1640
1636
1635
1634
1636
1638
1641
1636
1636
1635
1632
1625
1627
1617
1621
1622
1632
1634
1632
1635
1631
1631
1629
1630
1631
1635
1630
1634
1627
1631
1630
1634
1632
1636
1634
1631
1630
1630
1631
1635
1631
1631
1631
1634
1635
1630
1630
1628
1622
1601
1565
1527
1475
1418
1369
1306
1290
1283
1330
1396
1460
1526
1564
1592
1611
1629
1641
1649
1654
1657
1655
1660
1661
1664
1664
1662
1669
1669
1668
1669
1673
1673
1673
1673
1673
1673
1673
1674
1676
1681
1679
1677
1679
1681
1680
1683
1682
1681
1687
1692
1688
1682
1685
1688
1687
1683
1686
1682
1679
1681
1676
1677
1674
1668
1664
1659
1654
1657
1649
1648
1642
1649
1642
1642
1635
1635
1631
1631
1630
1631
1630
1629
1631
1635
1632
1634
1636
1582
1561
1586
1603
1611
1621
1621
1630
1627
1631
1625
1631
1632
1635
1632
1635
1635
1634
1636
1636
1638
1636
1641
1641
1641
1640
1636
1641
1638
1643
1641
1643
1643
1645
1650
1649
1648
1642
1645
1642
1642
1643
1645
1647
1649
1650
1644
1640
1636
1637
1636
1640
1642
1641
1637
1636
1636
1631
1634
1627
1631
1632
1637
1640
1643
1641
1636
1641
1638
1640
1635
1637
1635
1636
1637
1640
1638
1636
1637
1638
1641
1640
1644
1636
1641
1638
1641
1642
1636
1638
1636
1636
1630
1623
1597
1556
1530
1463
1409
1352
1305
1286
1306
1367
1432
1502
1554
1584
1612
1627
1637
1650
1660
1660
1663
1664
1666
1669
1664
1668
1669
1670
1672
1674
1674
1673
1673
1677
1679
1677
1676
1677
1677
1675
1679
1681
1681
1680
1683
1683
1688
1687
1687
1683
1688
1693
1695
1690
1692
1686
1682
1682
1686
1683
1680
1677
1676
1677
1673
1667
1663
1660
1659
1655
1648
1648
1643
1642
1640
1641
1634
1635
1635
1638
1636
1636
1638
1635
1638
1636
1638
1634
1631
1636
1635
1635
1636
1640
1636
1641
1640
1638
1635
1631
1631
1641
1636
1634
1638
1637
1638
1638
1640
1640
1641
1642
1643
1645
1640
1642
1642
1641
1644
1644
1645
1642
1643
1645
1649
1650
1645
1648
1645
1644
1649
1650
1643
1641
1647
1644
1648
1645
1641
1641
1638
1640
1640
1641
1638
1640
1636
1632
1634
1631
1634
1636
1635
1636
1640
1636
1637
1641
1642
1637
1634
1635
1636
1641
1640
1640
1640
1637
1640
1636
1638
1640
1643
1640
1643
1641
1641
1637
1640
1641
1641
1641
1634
1636
1619
1588
1553
1505
1437
1369
1315
1272
1238
1289
1363
1445
1519
1571
1593
1619
1635
1647
1656
1662
1664
1669
1672
1674
1679
1670
1673
1645
1660
1669
1672
1670
1674
1680
1677
1676
1680
1682
1683
1683
1687
1686
1687
1690
1690
1688
1688
1693
1690
1692
1695
1696
1692
1692
1693
1698
1694
1692
1693
1689
1688
1683
1682
1679
1675
1674
1669
1669
1664
1660
1655
1650
1650
1645
1645
1641
1641
1640
1641
1640
1636
1641
1641
1640
1640
1641
1640
1636
1638
1641
1638
1636
1640
1640
1641
1637
1641
1635
1636
1634
1640
1641
1638
1640
1640
1642
1638
1643
1638
1641
1643
1643
1648
1645
1648
1648
1647
1645
1645
1648
1643
1643
1643
1645
1645
1641
1643
1643
1650
1649
1648
1645
1643
1643
1643
1642
1640
1642
1638
1636
1631
1631
1627
1631
1629
1636
1640
1631
1637
1635
1638
1640
1637
1640
1636
1632
1634
1640
1638
1638
1638
1640
1637
1641
1634
1636
1635
1632
1640
1640
1635
1632
1640
1638
1636
1632
1627
1612
1584
1544
1498
1441
1385
1321
1289
1268
1299
1367
1441
1511
1560
1583
1611
1624
1640
1656
1660
1668
1669
1666
1673
1673
1669
1669
1673
1676
1674
1676
1673
1670
1674
1672
1673
1677
1679
1675
1681
1682
1681
1681
1681
1681
1681
1685
1685
1679
1681
1682
1688
1683
1686
1689
1692
1688
1686
1687
1680
1677
1675
1675
1673
1669
1663
1664
1660
1655
1654
1649
1645
1640
1643
1640
1635
1630
1635
1631
1631
1627
1630
1630
1630
1630
1631
1631
1630
1636
1635
1637
1636
1640
1634
1635
1634
1635
1635
1631
1632
1636
1636
1631
1631
1631
1631
1631
1636
1635
1635
1635
1641
1642
1636
1637
1640
1644
1643
1642
1644
1645
1643
1643
1645
1641
1641
1641
1641
1643
1642
1648
1642
1644
1640
1641
1640
1641
1638
1638
1637
1635
1634
1630
1631
1628
1631
1632
1638
1636
1638
1627
1635
1635
1635
1634
1635
1636
1638
1640
1635
1637
1636
1640
1635
1636
1634
1638
1638
1637
1636
1632
1631
1631
1636
1631
1635
1627
1631
1630
1616
1586
1546
1492
1442
1380
1335
1289
1268
1295
1364
1443
1508
1554
1584
1606
1627
1640
1645
1651
1656
1663
1666
1668
1668
1664
1667
1669
1668
1669
1669
1672
1673
1674
1676
1676
1674
1674
1679
1681
1676
1677
1677
1683
1682
1682
1681
1681
1682
1687
1683
1681
1687
1683
1685
1682
1682
1680
1681
1679
1677
1680
1674
1666
1663
1660
1660
1653
1649
1643
1641
1640
1635
1632
1630
1630
1627
1630
1629
1630
1628
1627
1627
1631
1627
1627
1619
1622
1618
1624
1622
1625
1625
1627
1624
1630
1624
1630
1627
1630
1625
1628
1627
1625
1630
1627
1630
1628
1629
1630
1634
1631
1631
1629
1636
1636
1636
1636
1641
1636
1636
1638
1638
1640
1641
1637
1637
1640
1644
1640
1638
1636
1636
1631
1631
1629
1631
1630
1635
1630
1632
1632
1635
1631
1631
1630
1624
1621
1618
1617
1621
1622
1621
1627
1630
1629
1623
1624
1622
1623
1621
1625
1627
1623
1625
1630
1631
1631
1625
1625
1624
1625
1624
1630
1629
1629
1624
1630
1627
1628
1617
1624
1619
1617
1593
1556
1524
1475
1427
1374
1308
1280
1276
1328
1393
1463
1522
1563
1586
1608
1623
1630
1638
1649
1650
1655
1660
1656
1659
1661
1660
1664
1663
1662
1661
1663
1663
1668
1664
1668
1668
1668
1673
1673
1673
1673
1675
1670
1675
1677
1676
1676
1679
1679
1681
1679
1679
1679
1683
1680
1676
1674
1674
1675
1676
1670
1667
1668
1663
1663
1659
1649
1649
1641
1641
1641
1641
1630
1631
1627
1631
1628
1629
1622
1623
1621
1628
1630
1634
1630
1631
1628
1622
1625
1627
1627
1624
1628
1628
1623
1623
1627
1631
1631
1629
1623
1628
1629
1630
1634
1634
1630
1629
1636
1635
1632
1635
1637
1636
1637
1640
1636
1640
1638
1645
1643
1640
1643
1641
1642
1641
1643
1640
1640
1638
1641
1640
1637
1636
1640
1636
1631
1636
1634
1632
1631
1635
1636
1641
1631
1629
1628
1627
1624
1627
1625
1631
1631
1634
1630
1630
1627
1631
1624
1630
1636
1634
1636
1632
1640
1631
1632
1629
1634
1631
1635
1630
1631
1630
1632
1631
1635
1630
1631
1630
1624
1624
1612
1579
1537
1494
1451
1380
1321
1281
1268
1302
1374
1450
1516
1558
1592
1611
1631
1641
1644
1655
1656
1656
1660
1656
1659
1664
1663
1669
1669
1664
1666
1669
1672
1672
1668
1667
1669
1673
1676
1674
1674
1670
1679
1677
1676
1676
1679
1677
1681
1680
1683
1682
1683
1688
1687
1686
1685
1680
1676
1674
1675
1674
1669
1668
1668
1664
1659
1653
1653
1645
1645
1642
1641
1631
1632
1629
1631
1625
1628
1631
1631
1628
1630
1631
1632
1630
1628
1630
1627
1630
1624
1627
1629
1631
1629
1634
1625
1630
1629
1636
1629
1630
1630
1638
1634
1632
1636
1634
1634
1635
1640
1638
1636
1635
1636
1643
1638
1640
1635
1640
1641
1648
1644
1643
1643
1643
1643
1643
1641
1641
1640
1648
1643
1641
1638
1643
1644
1640
1640
1636
1636
1630
1632
1627
1630
1625
1629
1631
1638
1635
1636
1636
1634
1636
1636
1636
1640
1640
1635
1640
1638
1636
1635
1638
1640
1641
1642
1636
1638
1636
1641
1640
1635
1635
1641
1642
1638
1640
1634
1624
1598
1559
1502
1442
1376
1328
1289
1266
1270
1337
1416
1499
1560
1593
1616
1636
1649
1653
1660
1667
1674
1673
1674
1674
1677
1641
1651
1664
1669
1669
1674
1673
1677
1677
1683
1686
1681
1682
1685
1688
1688
1690
1688
1693
1693
1693
1692
1693
1688
1690
1694
1696
1695
1696
1696
1693
1694
1696
1695
1690
1687
1680
1681
1679
1670
1669
1667
1662
1660
1656
1655
1650
1645
1647
1642
1641
1636
1637
1635
1637
1640
1640
1636
1638
1640
1642
1643
1640
1641
1637
1640
1635
1637
1635
1636
1636
1636
1635
1635
1641
1643
1643
1641
1643
1641
1645
1645
1645
1645
1640
1643
1643
1643
1644
1641
1649
1647
1650
1645
1647
1648
1645
1649
1648
1650
1643
1649
1647
1649
1653
1649
1645
1645
1643
1642
1641
1644
1641
1638
1638
1641
1638
1635
1635
1636
1635
1636
1636
1638
1636
1636
1640
1634
1632
1632
1637
1641
1641
1640
1636
1638
1635
1641
1638
1635
1635
1636
1638
1637
1642
1640
1641
1638
1644
1641
1641
1636
1635
1636
1627
1602
1563
1512
1456
1398
1340
1294
1264
1277
1335
1408
1485
1539
1570
1599
1623
1640
1645
1654
1657
1664
1672
1669
1669
1673
1677
1679
1675
1676
1677
1677
1677
1679
1674
1673
1680
1677
1677
1681
1685
1681
1687
1687
1690
1687
1685
1688
1689
1689
1693
1693
1693
1690
1692
1692
1692
1687
1687
1683
1687
1681
1677
1677
1674
1673
1673
1664
1660
1660
1655
1655
1653
1650
1642
1636
1635
1635
1634
1632
1634
1631
1631
1632
1634
1636
1636
1635
1638
1641
1640
1636
1635
1635
1637
1636
1637
1635
1635
1632
1636
1632
1632
1637
1638
1641
1641
1641
1638
1640
1641
1645
1644
1650
1650
1649
1650
1649
1647
1647
1648
1648
1648
1650
1649
1649
1649
1649
1650
1645
1651
1650
1654
1660
1657
1659
1654
1653
1654
1649
1648
1647
1650
1649
1650
1642
1631
1707
1682
1672
1656
1650
1654
1650
1647
1643
1645
1641
1641
1640
1641
1640
1637
1636
1638
1638
1637
1645
1642
1640
1641
1640
1636
1635
1624
1616
1592
1550
1506
1445
1390
1348
1313
1283
1313
1374
1445
1505
1552
1579
1603
1624
1638
1649
1660
1660
1662
1664
1672
1675
1677
1670
1677
1674
1676
1682
1680
1674
1681
1680
1680
1680
1683
1685
1682
1688
1688
1688
1689
1683
1687
1683
1689
1692
1690
1692
1696
1695
1694
1698
1692
1693
1692
1693
1690
1687
1682
1681
1679
1679
1673
1667
1668
1661
1657
1655
1650
1649
1641
1643
1641
1641
1637
1636
1640
1640
1641
1640
1642
1640
1640
1637
1641
1636
1636
1636
1636
1636
1634
1636
1635
1641
1641
1645
1635
1636
1638
1636
1637
1631
1636
1638
1642
1645
1653
1648
1645
1650
1645
1644
1645
1644
1648
1648
1649
1648
1648
1649
1649
1654
1653
1649
1649
1649
1649
1650
1649
1650
1648
1650
1649
1650
1644
1643
1644
1642
1645
1642
1644
1642
1643
1645
1649
1645
1640
1641
1641
1640
1643
1642
1643
1636
1640
1636
1632
1627
1630
1631
1631
1635
1635
1635
1631
1635
1635
1641
1636
1640
1641
1638
1641
1640
1642
1632
1641
1641
1643
1641
1640
1643
1638
1641
1640
1640
1638
1640
1643
1641
1643
1632
1631
1605
1570
1528
1464
1411
1351
1318
1294
1308
1359
1428
1494
1550
1584
1609
1631
1641
1654
1663
1663
1664
1668
1669
1669
1677
1675
1676
1675
1677
1676
1679
1677
1677
1683
1682
1682
1682
1687
1688
1687
1687
1688
1686
1688
1690
1693
1694
1695
1693
1693
1698
1696
1698
1696
1690
1692
1690
1693
1688
1687
1687
1686
1681
1677
1673
1676
1669
1672
1668
1660
1653
1647
1644
1645
1648
1642
1635
1643
1643
1645
1640
1637
1636
1640
1636
1638
1638
1636
1641
1643
1645
1643
1643
1643
1640
1642
1643
1643
1640
1640
1636
1641
1641
1640
1645
1645
1645
1642
1647
1645
1643
1649
1650
1654
1650
1654
1654
1655
1654
1653
1655
1656
1654
1662
1655
1655
1651
1653
1656
1657
1659
1659
1655
1654
1654
1654
1650
1651
1653
1650
1650
1648
1647
1649
1645
1649
1643
1642
1636
1638
1636
1636
1640
1638
1641
1641
1642
1641
1641
1641
1642
1645
1643
1643
1637
1640
1645
1643
1642
1643
1648
1643
1645
1645
1640
1642
1640
1645
1641
1645
1645
1643
1641
1642
1642
1628
1601
1570
1533
1480
1436
1357
1308
1275
1296
1360
1436
1511
1563
1593
1617
1636
1649
1656
1667
1668
1672
1677
1676
1676
1675
1674
1679
1681
1679
1681
1679
1683
1676
1679
1679
1683
1683
1686
1687
1687
1688
1692
1696
1695
1689
1693
1692
1692
1690
1696
1693
1696
1693
1699
1695
1693
1692
1694
1688
1681
1681
1680
1679
1676
1677
1672
1669
1667
1661
1657
1650
1645
1644
1644
1645
1642
1643
1635
1641
1636
1636
1635
1636
1635
1634
1635
1637
1638
1632
1641
1636
1641
1641
1641
1638
1640
1644
1640
1643
1641
1643
1643
1644
1645
1641
1645
1643
1649
1648
1644
1645
1648
1651
1654
1654
1650
1648
1650
1650
1650
1654
1649
1649
1649
1653
1650
1649
1648
1643
1648
1645
1645
1645
1641
1644
1643
1643
1643
1641
1641
1641
1641
1636
1638
1631
1631
1630
1630
1627
1627
1627
1634
1634
1635
1632
1631
1638
1638
1641
1638
1640
1636
1640
1643
1642
1644
1641
1641
1640
1642
1643
1640
1638
1640
1638
1636
1641
1637
1643
1641
1642
1637
1624
1597
1556
1501
1450
1384
1326
1390
1345
1351
1397
1466
1530
1574
1604
1625
1641
1655
1655
1664
1670
1673
1670
1673
1673
1680
1683
1679
1677
1682
1685
1681
1683
1687
1687
1683
1683
1688
1687
1687
1687
1688
1694
1694
1694
1695
1698
1696
1698
1695
1695
1695
1700
1702
1699
1700
1701
1696
1694
1693
1696
1687
1681
1681
1676
1675
1674
1670
1669
1667
1663
1662
1654
1650
1647
1649
1643
1637
1638
1636
1636
1636
1636
1634
1636
1636
1641
1642
1644
1643
1643
1643
1640
1640
1638
1640
1641
1641
1642
1644
1641
1640
1640
1640
1640
1638
1638
1640
1642
1645
1642
1644
1642
1645
1648
1648
1649
1645
1644
1648
1650
1650
1645
1644
1642
1649
1648
1644
1645
1645
1648
1647
1643
1640
1640
1640
1640
1643
1641
1641
1640
1641
1641
1640
1631
1630
1629
1627
1630
1630
1634
1625
1631
1630
1635
1631
1636
1636
1640
1640
1640
1637
1632
1636
1640
1640
1635
1636
1640
1638
1637
1637
1641
1635
1632
1635
1636
1634
1631
1631
1632
1627
1612
1578
1537
1498
1432
1370
1327
1285
1264
1301
1371
1445
1511
1556
1585
1606
1629
1640
1644
1654
1660
1662
1662
1667
1664
1668
1664
1668
1672
1668
1668
1673
1674
1673
1673
1673
1676
1679
1679
1679
1679
1677
1680
1682
1681
1679
1680
1688
1688
1690
1687
1692
1685
1688
1688
1692
1687
1687
1683
1685
1680
1679
1670
1669
1669
1668
1668
1660
1656
1654
1650
1643
1641
1641
1638
1636
1635
1636
1632
1631
1635
1630
1631
1629
1630
1627
1627
1629
1632
1631
1627
1631
1635
1631
1636
1634
1634
1630
1635
1638
1636
1636
1632
1636
1635
1637
1637
1637
1636
1641
1642
1644
1642
1640
1641
1643
1645
1645
1644
1645
1645
1654
1650
1650
1643
1642
1642
1641
1643
1641
1642
1641
1645
1645
1643
1644
1643
1645
1643
1643
1642
1642
1638
1641
1643
1638
1636
1635
1635
1635
1636
1631
1632
1632
1631
1631
1631
1630
1630
1638
1638
1640
1636
1640
1636
1641
1640
1640
1636
1637
1640
1638
1640
1635
1636
1635
1637
1635
1636
1635
1638
1637
1640
1640
1636
1630
1619
1593
1556
1518
1450
1392
1345
1299
1290
1300
1373
1435
1500
1551
1585
1603
1622
1636
1643
1655
1655
1657
1660
1660
1668
1673
1673
1669
1669
1669
1673
1673
1666
1673
1672
1673
1677
1677
1674
1677
1676
1676
1674
1676
1677
1680
1682
1681
1679
1681
1683
1679
1681
1681
1685
1685
1686
1681
1680
1679
1674
1669
1670
1670
1668
1664
1660
1656
1654
1648
1643
1640
1640
1635
1634
1631
1632
1625
1629
1628
1630
1625
1628
1624
1624
1625
1629
1624
1622
1627
1631
1625
1625
1624
1627
1630
1631
1635
1632
1630
1628
1635
1630
1634
1630
1631
1630
1632
1630
1631
1632
1631
1636
1635
1640
1634
1636
1638
1642
1640
1638
1638
1634
1635
1634
1641
1641
1641
1642
1641
1640
1634
1630
1630
1632
1630
1634
1634
1635
1631
1631
1632
1634
1627
1631
1631
1631
1625
1621
1622
1622
1622
1622
1624
1622
1624
1627
1629
1625
1636
1627
1631
1630
1635
1630
1635
1629
1638
1640
1635
1634
1631
1632
1631
1631
1630
1636
1631
1628
1625
1631
1629
1630
1624
1627
1616
1595
1560
1519
1454
1398
1351
1302
1264
1292
1360
1429
1502
1554
1585
1608
1622
1634
1645
1649
1655
1662
1662
1664
1664
1663
1668
1673
1668
1669
1664
1667
1672
1675
1673
1674
1673
1677
1679
1677
1676
1679
1679
1679
1683
1680
1683
1683
1685
1679
1682
1687
1686
1681
1682
1692
1682
1679
1679
1674
1676
1676
1669
1668
1661
1659
1659
1655
1653
1645
1645
1638
1641
1640
1635
1630
1631
1631
1629
1627
1624
1625
1627
1624
1630
1631
1627
1630
1627
1632
1629
1631
1630
1631
1632
1636
1634
1634
1625
1631
1630
1632
1635
1640
1638
1636
1636
1636
1636
1632
1635
1635
1636
1630
1637
1641
1648
1642
1640
1643
1643
1641
1640
1641
1637
1638
1640
1641
1641
1638
1637
1640
1637
1640
1640
1636
1638
1636
1634
1627
1631
1629
1630
1631
1631
1630
1627
1624
1623
1630
1624
1625
1627
1631
1625
1630
1630
1632
1630
1631
1631
1631
1628
1635
1631
1634
1636
1630
1634
1629
1630
1627
1635
1629
1628
1627
1636
1632
1632
1627
1628
1623
1624
1612
1591
1548
1513
1466
1404
1338
1298
1253
1262
1335
1409
1492
1548
1579
1606
1622
1636
1642
1642
1655
1660
1663
1662
1660
1664
1664
1664
1667
1663
1668
1669
1669
1674
1674
1669
1673
1673
1674
1669
1673
1679
1677
1677
1677
1680
1680
1681
1682
1682
1687
1687
1681
1680
1683
1683
1683
1680
1675
1679
1674
1673
1669
1670
1663
1662
1660
1654
1651
1641
1641
1632
1637
1636
1632
1632
1628
1631
1630
1631
1623
1624
1629
1631
1627
1631
1624
1629
1624
1630
1622
1625
1624
1630
1627
1630
1630
1631
1629
1630
1631
1634
1630
1629
1631
1634
1634
1627
1635
1629
1635
1630
1631
1629
1630
1631
1635
1638
1641
1636
1640
1641
1643
1643
1641
1637
1638
1636
1635
1635
1632
1631
1636
1635
1635
1630
1635
1634
1640
1631
1631
1627
1625
1623
1625
1622
1623
1627
1627
1630
1631
1630
1629
1631
1634
1636
1635
1635
1630
1631
1630
1635
1627
1629
1629
1635
1632
1636
1632
1635
1631
1631
1623
1630
1631
1631
1632
1630
1632
1625
1604
1578
1533
1479
1428
1370
1319
1275
1267
1294
1361
1431
1500
1546
1574
1602
1623
1635
1643
1645
1651
1654
1656
1656
1659
1662
1662
1663
1666
1668
1669
1668
1664
1667
1669
1672
1674
1677
1670
1673
1677
1677
1679
1677
1677
1683
1686
1680
1683
1682
1680
1679
1680
1680
1680
1676
1680
1681
1681
1680
1674
1669
1669
1668
1668
1660
1659
1654
1645
1645
1640
1637
1631
1631
1630
1630
1619
1624
1622
1625
1624
1629
1621
1623
1621
1624
1624
1625
1625
1627
1624
1629
1627
1625
1621
1622
1618
1624
1623
1622
1622
1630
1625
1625
1623
1629
1628
1630
1628
1631
1627
1629
1629
1629
1631
1630
1631
1629
1634
1635
1640
1634
1632
1629
1636
1629
1634
1630
1628
1629
1630
1631
1627
1630
1629
1628
1627
1629
1625
1630
1623
1627
1621
1623
1617
1621
1619
1621
1617
1619
1622
1623
1623
1624
1623
1621
1622
1624
1624
1625
1623
1629
1625
1625
1624
1627
1621
1622
1627
1624
1622
1624
1623
1627
1624
1630
1627
1622
1622
1622
1622
1619
1611
1596
1560
1512
1468
1406
1352
1288
1272
1272
1324
1382
1451
1513
1556
1582
1603
1616
1624
1634
1642
1649
1649
1649
1651
1650
1655
1654
1654
1657
1659
1660
1662
1659
1661
1662
1664
1663
1669
1668
1669
1667
1669
1668
1668
1668
1669
1669
1673
1673
1673
1674
1676
1675
1677
1674
1672
1676
1669
1672
1667
1666
1664
1663
1661
1660
1655
1654
1649
1644
1645
1638
1638
1627
1628
1622
1623
1621
1622
1621
1622
1622
1624
1624
1622
1622
1621
1622
1624
1621
1622
1623
1623
1621
1622
1622
1625
1622
1623
1622
1622
1621
1624
1624
1622
1623
1624
1624
1627
1627
1643
1624
1631
1630
1637
1634
1631
1627
1631
1631
1634
1634
1635
1635
1631
1632
1632
1630
1634
1636
1630
1634
1630
1631
1630
1631
1629
1628
1624
1630
1630
1634
1630
1629
1618
1616
1611
1615
1612
1616
1615
1617
1621
1625
1630
1630
1623
1622
1622
1624
1624
1627
1624
1623
1623
1622
1622
1622
1622
1623
1624
1624
1624
1622
1622
1624
1625
1624
1625
1622
1622
1618
1612
1593
1556
1513
1469
1408
1345
1299
1264
1275
1337
1408
1475
1533
1564
1588
1611
1622
1632
1636
1645
1648
1651
1651
1650
1654
1657
1653
1659
1653
1655
1656
1659
1664
1661
1659
1660
1660
1660
1663
1664
1667
1664
1668
1668
1669
1668
1667
1672
1673
1673
1673
1673
1672
1668
1668
1673
1672
1669
1673
1669
1673
1668
1662
1660
1655
1650
1644
1640
1638
1634
1632
1632
1631
1627
1630
1624
1624
1617
1617
1615
1617
1617
1621
1617
1617
1621
1621
1622
1622
1622
1621
1622
1624
1623
1624
1619
1621
1624
1624
1622
1623
1621
1622
1623
1622
1622
1623
1622
1627
1630
1630
1629
1630
1629
1631
1632
1635
1636
1630
1632
1630
1630
1627
1630
1628
1629
1631
1635
1627
1631
1629
1636
1635
1634
1631
1630
1629
1624
1625
1625
1623
1623
1628
1627
1629
1622
1621
1614
1615
1618
1617
1617
1622
1622
1625
1624
1624
1625
1625
1624
1628
1625
1629
1624
1631
1625
1630
1624
1624
1616
1624
1621
1628
1624
1627
1624
1629
1625
1630
1623
1624
1623
1622
1612
1582
1548
1496
1460
1386
1330
1294
1277
1294
1359
1430
1505
1548
1580
1602
1621
1634
1643
1654
1655
1657
1662
1662
1660
1664
1663
1662
1659
1660
1664
1664
1663
1664
1667
1668
1673
1668
1668
1669
1673
1676
1674
1677
1674
1679
1676
1676
1677
1676
1674
1679
1680
1679
1676
1675
1674
1674
1669
1670
1670
1663
1664
1667
1664
1660
1650
1650
1649
1643
1638
1636
1635
1627
1622
1624
1628
1627
1622
1622
1623
1624
1625
1623
1619
1622
1622
1622
1622
1625
1623
1629
1627
1630
1630
1627
1629
1627
1625
1624
1624
1621
1627
1627
1629
1622
1629
1629
1634
1631
1631
1630
1631
1630
1632
1631
1632
1629
1631
1632
1640
1636
1634
1638
1635
1634
1631
1632
1630
1631
1631
1635
1630
1629
1623
1631
1630
1629
1628
1625
1622
1622
1622
1621
1617
1621
1621
1625
1619
1622
1619
1623
1624
1631
1627
1627
1623
1627
1629
1627
1624
1624
1627
1625
1630
1629
1625
1622
1622
1627
1627
1621
1624
1622
1627
1622
1622
1617
1595
1577
1540
1492
1441
1374
1308
1264
1261
1287
1358
1427
1500
1553
1582
1603
1616
1631
1641
1643
1653
1653
1650
1651
1656
1660
1659
1660
1661
1660
1660
1664
1664
1664
1666
1664
1668
1666
1668
1667
1667
1669
1673
1673
1673
1670
1674
1676
1681
1677
1675
1675
1677
1677
1677
1672
1669
1673
1674
1674
1670
1669
1660
1659
1654
1654
1649
1643
1643
1641
1636
1631
1631
1629
1629
1624
1624
1623
1623
1621
1625
1618
1621
1619
1622
1618
1621
1617
1622
1617
1623
1621
1622
1621
1622
1622
1624
1624
1627
1621
1622
1618
1619
1624
1627
1624
1628
1629
1631
1627
1631
1624
1628
1621
1631
1624
1630
1632
1636
1635
1635
1631
1631
1631
1629
1631
1631
1631
1625
1627
1628
1631
1630
1631
1630
1632
1625
1624
1618
1618
1618
1622
1622
1624
1623
1630
1625
1631
1631
1631
1627
1624
1623
1629
1627
1628
1628
1624
1624
1628
1623
1630
1627
1630
1627
1630
1621
1631
1606
1616
1619
1622
1621
1621
1621
1611
1586
1548
1509
1449
1399
1339
1293
1247
1269
1324
1398
1469
1527
1561
1592
1612
1624
1635
1637
1641
1650
1654
1654
1655
1660
1661
1659
1663
1662
1662
1664
1664
1667
1667
1664
1668
1668
1668
1672
1669
1670
1669
1672
1677
1681
1673
1677
1682
1681
1677
1679
1673
1677
1680
1674
1676
1674
1674
1674
1674
1673
1669
1663
1662
1662
1657
1651
1648
1643
1636
1638
1635
1631
1625
1625
1624
1622
1622
1623
1622
1621
1623
1625
1624
1627
1624
1621
1622
1623
1624
1624
1622
1624
1627
1625
1624
1621
1618
1617
1622
1624
1624
1622
1622
1629
1630
1627
1630
1625
1631
1627
1631
1629
1630
1630
1635
1635
1640
1636
1635
1634
1631
1634
1631
1632
1631
1636
1634
1632
1631
1632
1630
1634
1631
1635
1631
1631
1631
1631
1623
1624
1624
1616
1619
1621
1622
1624
1624
1629
1630
1627
1627
1625
1625
1627
1631
1631
1630
1624
1625
1627
1625
1623
1624
1624
1630
1627
1629
1627
1627
1627
1629
1630
1625
1624
1624
1622
1616
1593
1560
1518
1466
1403
1345
1305
1275
1288
1347
1409
1479
1532
1567
1592
1616
1627
1635
1643
1648
1655
1657
1655
1661
1655
1656
1659
1659
1663
1669
1664
1668
1666
1662
1662
1668
1664
1669
1669
1669
1673
1674
1676
1679
1674
1676
1676
1677
1674
1679
1681
1680
1679
1683
1681
1677
1674
1674
1670
1673
1673
1667
1666
1656
1661
1654
1655
1650
1649
1645
1641
1641
1634
1631
1630
1627
1630
1628
1624
1624
1622
1624
1623
1623
1624
1625
1628
1631
1630
1631
1630
1631
1631
1635
1629
1625
1627
1629
1630
1632
1635
1631
1631
1630
1635
1630
1631
1629
1634
1636
1638
1638
1635
1582
1603
1619
1623
1631
1635
1637
1641
1641
1641
1635
1640
1641
1642
1640
1641
1635
1641
1641
1640
1640
1636
1640
1640
1640
1634
1631
1627
1629
1625
1632
1632
1634
1631
1631
1636
1631
1634
1631
1637
1630
1638
1632
1636
1635
1638
1635
1643
1638
1641
1643
1640
1640
1636
1632
1631
1636
1634
1640
1635
1636
1635
1635
1624
1605
1567
1525
1473
1430
1363
1311
1289
1290
1346
1412
1487
1545
1580
1603
1625
1638
1645
1648
1651
1662
1662
1664
1664
1673
1672
1673
1670
1673
1673
1674
1673
1674
1670
1673
1674
1674
1675
1679
1680
1679
1683
1681
1682
1683
1683
1677
1679
1682
1687
1689
1688
1689
1688
1683
1686
1685
1683
1683
1679
1679
1677
1672
1662
1663
1659
1655
1656
1653
1650
1644
1641
1638
1636
1635
1636
1637
1636
1634
1624
1628
1629
1631
1631
1631
1631
1635
1635
1636
1631
1630
1630
1630
1631
1630
1632
1631
1638
1634
1640
1635
1634
1635
1637
1635
1636
1641
1634
1638
1641
1641
1641
1640
1643
1640
1645
1641
1642
1640
1641
1643
1643
1643
1641
1648
1645
1645
1645
1643
1641
1636
1636
1640
1636
1634
1635
1636
1630
1632
1625
1630
1627
1632
1635
1635
1630
1632
1636
1636
1636
1632
1634
1634
1637
1637
1640
1635
1635
1641
1636
1635
1635
1635
1631
1634
1634
1640
1635
1638
1637
1640
1634
1627
1625
1624
1604
1572
1537
1472
1406
1339
1279
1249
1249
1321
1395
1477
1537
1578
1598
1618
1635
1645
1653
1659
1659
1664
1667
1672
1669
1673
1668
1673
1673
1673
1669
1672
1669
1673
1679
1673
1673
1675
1680
1683
1687
1683
1685
1683
1687
1686
1688
1689
1687
1688
1692
1690
1682
1686
1690
1692
1689
1686
1681
1679
1677
1659
1651
1654
1650
1654
1656
1655
1655
1650
1643
1643
1642
1644
1637
1634
1630
1631
1630
1631
1627
1631
1631
1635
1636
1636
1632
1630
1632
1630
1630
1627
1631
1630
1631
1631
1640
1636
1637
1632
1638
1638
1636
1636
1640
1641
1641
1640
1640
1641
1640
1642
1644
1643
1647
1648
1642
1643
1642
1641
1640
1641
1641
1644
1645
1645
1645
1642
1642
1644
1640
1640
1641
1638
1634
1630
1630
1627
1628
1627
1635
1636
1641
1640
1638
1636
1634
1630
1630
1631
1630
1631
1631
1636
1635
1640
1640
1636
1632
1632
1635
1634
1634
1632
1632
1630
1635
1632
1632
1629
1632
1630
1622
1593
1553
1499
1454
1392
1346
1281
1255
1274
1341
1416
1488
1545
1576
1601
1624
1636
1641
1645
1647
1656
1659
1660
1662
1667
1667
1669
1669
1668
1667
1664
1668
1669
1669
1670
1673
1673
1672
1680
1674
1674
1676
1677
1680
1681
1680
1679
1683
1686
1682
1686
1687
1686
1688
1686
1688
1683
1679
1679
1674
1673
1674
1668
1663
1663
1660
1653
1649
1645
1645
1641
1640
1635
1635
1631
1632
1630
1630
1624
1623
1624
1631
1628
1629
1631
1630
1630
1631
1635
1628
1627
1624
1630
1627
1624
1624
1630
1630
1636
1635
1631
1630
1630
1631
1635
1635
1631
1632
1631
1635
1636
1635
1635
1636
1637
1638
1641
1640
1642
1641
1643
1645
1641
1640
1640
1642
1638
1641
1638
1640
1635
1640
1641
1637
1640
1632
1638
1632
1630
1624
1630
1627
1628
1624
1631
1632
1634
1632
1636
1635
1631
1636
1631
1636
1636
1641
1635
1640
1632
1636
1636
1632
1631
1631
1637
1638
1638
1635
1636
1635
1635
1635
1638
1632
1636
1631
1627
1606
1574
1521
1479
1411
1359
1300
1269
1262
1324
1398
1461
1518
1563
1592
1616
1632
1640
1650
1654
1661
1663
1661
1667
1666
1664
1673
1669
1672
1669
1670
1673
1673
1674
1675
1677
1676
1677
1687
1688
1681
1682
1686
1690
1683
1681
1683
1682
1687
1689
1688
1687
1688
1688
1687
1687
1688
1689
1686
1686
1686
1681
1674
1668
1669
1663
1663
1662
1655
1655
1651
1649
1647
1636
1632
1630
1634
1630
1630
1631
1634
1634
1642
1638
1635
1631
1630
1631
1632
1630
1630
1631
1629
1630
1629
1630
1630
1630
1632
1640
1634
1632
1632
1640
1636
1640
1635
1635
1640
1643
1643
1641
1641
1641
1645
1644
1642
1641
1640
1643
1643
1642
1647
1644
1642
1644
1647
1644
1648
1645
1642
1645
1642
1641
1637
1636
1640
1641
1641
1635
1640
1632
1632
1627
1630
1624
1627
1624
1630
1630
1634
1634
1635
1635
1637
1640
1631
1631
1635
1640
1635
1632
1635
1636
1634
1632
1636
1636
1632
1634
1640
1638
1640
1640
1636
1636
1632
1635
1630
1623
1610
1579
1551
1492
1445
1365
1319
1274
1264
1294
1366
1449
1522
1564
1593
1616
1631
1650
1655
1659
1662
1662
1660
1667
1667
1668
1668
1669
1669
1669
1669
1673
1673
1669
1668
1676
1676
1674
1673
1680
1677
1682
1682
1679
1679
1686
1687
1685
1694
1688
1687
1686
1681
1685
1687
1682
1686
1687
1680
1679
1675
1670
1677
1674
1672
1667
1660
1656
1654
1649
1645
1641
1641
1640
1640
1635
1632
1628
1629
1629
1631
1634
1631
1634
1631
1635
1631
1631
1631
1631
1631
1635
1631
1631
1635
1638
1634
1634
1635
1631
1630
1630
1636
1635
1638
1631
1641
1641
1638
1635
1637
1641
1640
1641
1641
1641
1640
1643
1645
1648
1648
1645
1649
1644
1642
1640
1641
1641
1641
1642
1642
1642
1630
1637
1640
1641
1641
1640
1636
1634
1634
1631
1627
1624
1630
1630
1638
1636
1638
1636
1635
1638
1636
1634
1636
1641
1637
1636
1636
1636
1634
1632
1640
1638
1640
1640
1642
1641
1638
1631
1636
1636
1635
1631
1632
1634
1631
1630
1618
1589
1541
1502
1451
1383
1331
1300
1286
1314
1377
1448
1518
1559
1586
1609
1631
1643
1651
1655
1660
1663
1667
1667
1664
1668
1669
1672
1670
1673
1670
1672
1674
1672
1673
1674
1675
1674
1679
1675
1677
1681
1679
1675
1680
1679
1681
1685
1682
1683
1688
1688
1683
1680
1680
1682
1687
1681
1680
1681
1679
1673
1664
1662
1659
1659
1657
1654
1651
1645
1645
1644
1641
1635
1635
1635
1631
1629
1631
1623
1623
1624
1625
1628
1627
1629
1628
1635
1635
1632
1631
1627
1627
1629
1627
1627
1631
1631
1630
1630
1636
1635
1631
1630
1632
1638
1631
1634
1635
1638
1635
1638
1638
1636
1636
1643
1645
1643
1645
1643
1645
1641
1644
1641
1638
1641
1640
1649
1644
1643
1641
1641
1643
1640
1641
1640
1636
1634
1638
1640
1635
1635
1632
1632
1631
1631
1628
1624
1623
1631
1630
1631
1630
1632
1630
1631
1631
1631
1632
1631
1635
1636
1636
1635
1636
1635
1635
1634
1631
1632
1632
1636
1634
1635
1631
1636
1631
1634
1634
1635
1632
1629
1617
1603
1565
1512
1466
1411
1365
1314
1294
1299
1346
1412
1482
1537
1567
1597
1618
1636
1648
1650
1659
1660
1660
1662
1664
1667
1669
1667
1674
1674
1673
1668
1672
1669
1676
1676
1674
1673
1679
1681
1679
1679
1679
1680
1680
1682
1680
1681
1687
1690
1689
1690
1690
1685
1683
1688
1686
1687
1683
1680
1679
1685
1677
1670
1667
1667
1664
1664
1660
1656
1649
1628
1578
1597
1611
1617
1622
1623
1629
1631
1635
1632
1632
1634
1635
1634
1631
1630
1631
1635
1632
1635
1635
1636
1637
1635
1635
1634
1636
1640
1640
1640
1640
1635
1638
1637
1640
1640
1641
1640
1642
1641
1641
1645
1641
1643
1641
1648
1645
1648
1649
1649
1650
1648
1649
1644
1649
1653
1648
1650
1642
1643
1643
1640
1641
1634
1641
1640
1641
1638
1640
1632
1630
1629
1630
1630
1630
1629
1631
1634
1636
1636
1634
1638
1635
1640
1635
1635
1631
1635
1636
1634
1636
1635
1636
1634
1636
1638
1638
1635
1636
1642
1641
1640
1636
1635
1632
1634
1630
1622
1603
1572
1530
1490
1428
1356
1322
1293
1302
1359
1419
1487
1541
1579
1603
1622
1636
1643
1649
1650
1662
1663
1660
1662
1661
1663
1662
1668
1664
1668
1669
1673
1677
1674
1668
1674
1673
1674
1674
1677
1677
1679
1683
1681
1676
1681
1686
1685
1685
1685
1683
1683
1688
1687
1683
1686
1685
1685
1683
1683
1675
1674
1673
1668
1669
1666
1660
1657
1650
1649
1644
1641
1641
1638
1636
1636
1636
1631
1630
1631
1632
1631
1631
1624
1630
1629
1631
1631
1632
1632
1635
1635
1632
1631
1631
1634
1631
1636
1631
1636
1631
1632
1635
1636
1640
1636
1636
1642
1642
1641
1638
1640
1640
1643
1643
1645
1648
1644
1650
1650
1653
1650
1650
1650
1643
1650
1649
1649
1645
1643
1647
1648
1649
1649
1648
1649
1649
1650
1641
1640
1636
1640
1636
1635
1631
1635
1636
1638
1641
1640
1642
1643
1643
1641
1640
1644
1641
1642
1641
1643
1641
1641
1641
1644
1648
1643
1643
1640
1643
1641
1642
1641
1642
1643
1643
1645
1641
1638
1636
1627
1602
1560
1526
1464
1402
1347
1299
1275
1285
1363
1436
1511
1563
1647
1649
1659
1668
1673
1673
1669
1672
1675
1674
1674
1673
1679
1679
1679
1680
1681
1677
1674
1679
1677
1679
1685
1685
1682
1688
1695
1694
1688
1692
1692
1689
1689
1689
1695
1693
1692
1698
1698
1692
1692
1696
1694
1693
1692
1692
1690
1687
1686
1682
1679
1673
1669
1668
1664
1662
1659
1650
1650
1649
1644
1645
1643
1643
1641
1640
1638
1637
1635
1641
1643
1643
1645
1638
1638
1636
1640
1635
1636
1635
1640
1640
1642
1644
1641
1644
1643
1645
1637
1642
1640
1642
1641
1645
1647
1644
1644
1643
1645
1647
1644
1649
1650
1649
1651
1649
1650
1644
1649
1649
1647
1649
1642
1645
1645
1645
1648
1641
1643
1641
1644
1640
1636
1631
1631
1635
1636
1641
1641
1641
1638
1640
1635
1635
1638
1637
1643
1642
1644
1642
1641
1636
1638
1642
1641
1640
1640
1641
1641
1640
1642
1642
1644
1640
1641
1640
1636
1634
1635
1627
1611
1582
1526
1487
1436
1373
1320
1263
1257
1308
1385
1463
1530
1571
1606
1625
1640
1651
1650
1655
1662
1663
1668
1669
1668
1674
1681
1679
1673
1674
1673
1670
1676
1673
1676
1679
1677
1677
1681
1681
1681
1680
1681
1686
1687
1683
1686
1687
1689
1692
1692
1692
1688
1692
1692
1693
1689
1687
1686
1682
1679
1677
1672
1673
1672
1668
1668
1660
1655
1654
1650
1650
1644
1641
1638
1638
1640
1635
1631
1627
1631
1632
1636
1635
1640
1636
1636
1638
1637
1635
1634
1636
1632
1636
1635
1641
1638
1642
1638
1643
1636
1632
1636
1640
1643
1640
1644
1641
1643
1638
1642
1644
1640
1643
1642
1647
1645
1647
1650
1650
1651
1648
1649
1645
1644
1648
1650
1651
1649
1645
1643
1642
1641
1641
1640
1638
1641
1640
1636
1615
1631
1631
1636
1642
1641
1641
1641
1641
1640
1641
1634
1636
1638
1640
1641
1635
1635
1635
1638
1638
1641
1636
1640
1641
1640
1641
1640
1640
1638
1641
1643
1640
1637
1631
1621
1591
1553
1502
1436
1374
1319
1290
1280
1311
1369
1440
1512
1560
1584
1612
1629
1641
1654
1656
1659
1664
1663
1669
1674
1669
1672
1669
1668
1674
1676
1672
1674
1669
1679
1679
1681
1675
1679
1680
1679
1679
1680
1683
1685
1685
1688
1683
1688
1685
1685
1682
1687
1690
1687
1687
1690
1688
1682
1679
1679
1677
1676
1674
1668
1667
1662
1660
1660
1650
1647
1644
1645
1636
1636
1635
1630
1630
1630
1629
1629
1630
1630
1631
1634
1635
1634
1631
1630
1632
1631
1630
1629
1631
1630
1627
1629
1630
1630
1631
1634
1631
1634
1630
1631
1634
1632
1631
1635
1635
1634
1636
1638
1641
1643
1645
1648
1649
1645
1641
1640
1638
1640
1642
1645
1643
1640
1640
1648
1648
1643
1642
1640
1632
1630
1632
1630
1630
1630
1631
1638
1638
1637
1635
1637
1636
1635
1636
1635
1635
1634
1638
1635
1640
1636
1638
1640
1636
1636
1631
1637
1634
1634
1632
1635
1631
1631
1632
1631
1630
1632
1627
1615
1582
1546
1493
1436
1376
1313
1294
1272
1315
1379
1454
1521
1565
1592
1611
1627
1636
1645
1654
1655
1657
1662
1663
1669
1668
1669
1669
1673
1672
1672
1669
1669
1670
1674
1676
1675
1676
1674
1677
1677
1679
1676
1677
1682
1685
1687
1687
1686
1688
1687
1682
1681
1683
1685
1685
1683
1687
1683
1677
1672
1675
1673
1673
1664
1663
1660
1654
1655
1649
1643
1641
1641
1641
1642
1636
1637
1634
1628
1632
1630
1629
1630
1634
1629
1635
1630
1632
1631
1632
1631
1631
1629
1631
1598
1560
1588
1605
1611
1617
1624
1629
1631
1632
1635
1638
1640
1640
1636
1636
1637
1640
1640
1640
1638
1640
1641
1642
1645
1643
1644
1643
1642
1642
1643
1642
1643
1647
1643
1645
1641
1641
1637
1636
1640
1637
1636
1634
1630
1630
1630
1631
1632
1632
1637
1637
1637
1638
1641
1636
1641
1640
1640
1636
1637
1635
1636
1635
1635
1640
1636
1641
1636
1640
1636
1638
1635
1641
1636
1636
1631
1630
1630
1629
1623
1598
1554
1521
1474
1418
1357
1315
1285
1286
1351
1419
1485
1543
1574
1603
1622
1631
1644
1649
1656
1664
1664
1666
1662
1660
1666
1667
1664
1667
1667
1669
1672
1673
1669
1672
1673
1674
1677
1670
1672
1675
1679
1679
1681
1679
1681
1679
1681
1680
1681
1681
1680
1679
1683
1681
1681
1680
1679
1676
1677
1673
1669
1667
1664
1666
1660
1651
1649
1649
1645
1648
1640
1637
1636
1632
1631
1631
1630
1631
1629
1629
1634
1632
1632
1631
1636
1631
1631
1630
1631
1630
1634
1630
1636
1635
1634
1627
1630
1634
1631
1630
1631
1634
1632
1635
1634
1636
1635
1640
1640
1638
1640
1636
1643
1643
1647
1643
1643
1641
1641
1643
1641
1642
1642
1642
1641
1643
1645
1641
1643
1638
1644
1644
1641
1645
1641
1640
1638
1636
1630
1631
1634
1632
1631
1635
1636
1635
1637
1636
1643
1635
1638
1638
1641
1638
1641
1641
1640
1643
1637
1642
1637
1640
1640
1643
1641
1640
1640
1638
1638
1636
1636
1635
1631
1631
1631
1603
1563
1518
1462
1396
1334
1294
1261
1289
1363
1441
1516
1558
1593
1614
1632
1648
1660
1659
1668
1668
1670
1674
1673
1667
1674
1672
1677
1680
1679
1677
1680
1682
1681
1681
1680
1681
1685
1683
1682
1687
1681
1676
1677
1682
1688
1687
1687
1693
1695
1690
1687
1689
1693
1698
1692
1698
1692
1688
1683
1683
1679
1674
1673
1668
1667
1664
1664
1659
1654
1654
1650
1644
1641
1641
1641
1638
1641
1642
1641
1637
1643
1643
1642
1643
1643
1643
1641
1642
1641
1641
1640
1642
1649
1643
1642
1640
1643
1643
1643
1645
1650
1648
1644
1650
1650
1647
1643
1644
1648
1643
1648
1649
1648
1650
1650
1659
1650
1651
1654
1654
1659
1659
1655
1650
1645
1650
1649
1647
1645
1648
1649
1641
1643
1638
1640
1636
1641
1641
1645
1644
1644
1650
1650
1648
1645
1642
1642
1643
1645
1645
1647
1642
1644
1644
1638
1641
1641
1642
1643
1643
1644
1643
1645
1644
1648
1643
1640
1636
1631
1615
1583
1535
1487
1431
1359
1296
1262
1272
1324
1399
1483
1541
1584
1604
1627
1644
1654
1655
1662
1667
1673
1674
1677
1677
1677
1674
1677
1676
1680
1681
1677
1679
1686
1688
1687
1687
1683
1687
1692
1688
1688
1687
1687
1692
1693
1695
1693
1692
1692
1693
1692
1692
1694
1693
1693
1692
1690
1682
1686
1681
1675
1679
1673
1664
1670
1662
1659
1654
1650
1645
1643
1643
1642
1641
1638
1636
1636
1631
1634
1632
1632
1632
1638
1640
1636
1638
1636
1637
1638
1641
1637
1643
1641
1642
1642
1640
1638
1631
1638
1641
1644
1642
1641
1643
1643
1649
1645
1645
1645
1645
1650
1649
1649
1650
1651
1653
1649
1650
1648
1649
1653
1651
1655
1654
1654
1650
1648
1648
1647
1648
1649
1645
1645
1642
1643
1640
1641
1641
1641
1642
1642
1645
1642
1648
1645
1645
1643
1643
1645
1641
1645
1645
1650
1645
1649
1651
1645
1645
1645
1648
1649
1645
1650
1647
1651
1651
1650
1649
1636
1644
1630
1625
1592
1541
1493
1451
1389
1346
1302
1302
1347
1414
1485
1541
1578
1608
1630
1642
1654
1659
1664
1668
1673
1674
1676
1676
1679
1682
1681
1681
1681
1681
1681
1685
1688
1687
1687
1686
1688
1689
1690
1693
1692
1690
1692
1693
1696
1693
1695
1699
1699
1698
1701
1698
1699
1700
1699
1702
1693
1687
1688
1688
1679
1682
1680
1673
1675
1674
1663
1660
1653
1650
1650
1648
1644
1642
1643
1643
1644
1641
1640
1635
1642
1644
1643
1642
1641
1642
1641
1642
1645
1641
1643
1640
1643
1641
1641
1640
1640
1642
1641
1643
1640
1641
1641
1645
1649
1642
1653
1648
1653
1649
1650
1650
1645
1647
1649
1650
1650
1650
1657
1655
1659
1656
1654
1650
1649
1650
1654
1650
1649
1642
1649
1648
1642
1642
1644
1645
1643
1642
1638
1634
1632
1636
1641
1640
1641
1636
1643
1643
1645
1642
1641
1640
1641
1641
1641
1636
1641
1640
1644
1643
1643
1640
1635
1645
1645
1649
1641
1642
1640
1640
1643
1641
1640
1631
1624
1602
1552
1511
1456
1395
1341
1294
1276
1295
1369
1443
1511
1556
1584
1608
1627
1640
1649
1659
1656
1663
1669
1669
1668
1669
1668
1668
1672
1672
1669
1674
1673
1677
1677
1679
1676
1676
1680
1681
1683
1683
1687
1681
1681
1686
1687
1688
1687
1688
1692
1688
1690
1687
1685
1687
1688
1687
1685
1683
1681
1676
1674
1674
1669
1664
1660
1655
1657
1653
1651
1644
1645
1643
1641
1635
1635
1631
1631
1631
1630
1630
1635
1637
1634
1635
1631
1635
1634
1635
1632
1640
1638
1636
1636
1636
1631
1630
1630
1631
1632
1631
1638
1635
1636
1638
1645
1641
1638
1643
1644
1642
1642
1649
1649
1643
1642
1643
1649
1645
1648
1648
1645
1650
1644
1705
1690
1677
1667
1656
1649
1643
1648
1645
1642
1641
1641
1632
1635
1632
1635
1637
1636
1642
1636
1636
1636
1641
1636
1640
1640
1641
1640
1643
1642
1642
1638
1640
1637
1636
1636
1637
1643
1641
1644
1643
1638
1641
1641
1641
1636
1635
1635
1635
1612
1578
1544
1502
1443
1386
1321
1283
1283
1346
1411
1485
1537
1579
1602
1627
1642
1649
1650
1654
1659
1669
1672
1670
1673
1669
1674
1674
1676
1669
1674
1674
1674
1677
1679
1675
1675
1683
1683
1680
1680
1680
1683
1685
1685
1685
1686
1686
1688
1687
1688
1689
1688
1687
1690
1688
1683
1682
1680
1679
1683
1679
1673
1672
1669
1664
1664
1656
1650
1645
1648
1649
1641
1636
1636
1635
1635
1640
1635
1634
1631
1634
1635
1634
1634
1630
1631
1631
1631
1631
1636
1631
1634
1632
1636
1630
1634
1631
1634
1632
1634
1636
1634
1641
1637
1636
1636
1637
1640
1636
1638
1636
1637
1638
1640
1641
1643
1642
1644
1648
1641
1644
1643
1643
1645
1641
1645
1641
1640
1635
1641
1638
1640
1641
1638
1640
1631
1638
1629
1630
1630
1635
1629
1638
1636
1635
1630
1628
1632
1634
1636
1631
1635
1636
1638
1630
1635
1632
1629
1629
1631
1636
1630
1634
1634
1641
1640
1635
1634
1632
1629
1631
1628
1623
1606
1578
1533
1483
1428
1343
1299
1263
1269
1319
1384
1461
1530
1567
1595
1617
1631
1640
1649
1650
1659
1664
1666
1667
1669
1668
1669
1670
1667
1667
1664
1668
1673
1672
1672
1673
1674
1674
1677
1674
1679
1676
1681
1681
1675
1681
1683
1687
1683
1687
1681
1688
1690
1688
1685
1686
1685
1680
1679
1676
1672
1675
1674
1668
1667
1659
1655
1654
1653
1653
1644
1643
1635
1637
1630
1632
1627
1618
1625
1632
1630
1630
1630
1630
1629
1631
1629
1627
1624
1623
1629
1631
1636
1631
1631
1631
1630
1627
1627
1627
1628
1625
1632
1631
1631
1627
1632
1636
1640
1635
1640
1640
1636
1638
1638
1638
1632
1640
1641
1645
1636
1638
1637
1641
1640
1642
1643
1634
1641
1631
1631
1630
1627
1625
1630
1631
1636
1636
1635
1631
1634
1632
1630
1630
1629
1629
1629
1630
1631
1628
1629
1631
1631
1631
1630
1631
1629
1630
1628
1630
1627
1625
1624
1631
1629
1629
1624
1619
1597
1572
1535
1485
1411
1343
1300
1264
1251
1307
1384
1451
1516
1554
1586
1605
1624
1636
1642
1649
1654
1654
1656
1656
1660
1660
1659
1659
1662
1661
1663
1664
1667
1672
1668
1664
1668
1668
1664
1669
1668
1670
1674
1673
1677
1676
1677
1673
1674
1676
1674
1674
1676
1674
1675
1675
1676
1670
1669
1664
1664
1664
1662
1659
1649
1650
1649
1640
1638
1630
1631
1627
1627
1625
1624
1621
1622
1622
1624
1621
1622
1621
1622
1618
1624
1624
1624
1623
1629
1622
1622
1615
1617
1616
1618
1619
1619
1619
1622
1621
1624
1623
1622
1623
1628
1625
1630
1622
1627
1622
1623
1627
1631
1625
1624
1631
1631
1634
1630
1631
1628
1631
1627
1631
1628
1631
1630
1631
1629
1629
1625
1635
1629
1630
1630
1628
1622
1617
1621
1617
1619
1618
1621
1627
1623
1629
1624
1627
1627
1627
1623
1619
1621
1621
1624
1627
1629
1628
1623
1622
1625
1625
1622
1619
1622
1621
1624
1624
1625
1628
1627
1624
1627
1618
1614
1602
1570
1534
1488
1431
1351
1307
1270
1257
1302
1367
1441
1507
1553
1579
1599
1617
1627
1640
1642
1645
1649
1647
1654
1656
1660
1657
1659
1659
1660
1660
1662
1662
1664
1663
1612
1630
1643
1649
1654
1659
1660
1669
1666
1668
1673
1669
1669
1670
1672
1673
1674
1673
1674
1672
1669
1666
1672
1667
1664
1662
1660
1657
1654
1650
1645
1641
1641
1640
1638
1635
1632
1627
1623
1622
1622
1621
1617
1619
1621
1619
1617
1621
1619
1622
1621
1625
1622
1627
1627
1629
1627
1624
1619
1622
1621
1624
1621
1624
1618
1622
1623
1625
1617
1614
1617
1624
1621
1627
1625
1627
1625
1630
1634
1634
1630
1630
1631
1631
1629
1631
1634
1630
1632
1631
1635
1629
1630
1628
1631
1622
1630
1627
1634
1628
1635
1629
1624
1618
1619
1622
1624
1624
1625
1622
1619
1617
1616
1610
1612
1611
1616
1615
1617
1616
1622
1622
1625
1623
1622
1619
1621
1619
1622
1622
1622
1618
1618
1621
1622
1617
1619
1619
1622
1619
1621
1617
1622
1621
1621
1621
1617
1617
1611
1598
1567
1519
1485
1415
1354
1316
1279
1267
1318
1384
1456
1518
1556
1579
1601
1619
1627
1635
1635
1644
1650
1650
1653
1649
1644
1653
1650
1654
1655
1655
1655
1659
1657
1657
1659
1660
1655
1659
1660
1659
1660
1662
1663
1669
1668
1668
1664
1667
1668
1667
1668
1663
1672
1669
1663
1667
1662
1659
1662
1660
1661
1657
1650
1651
1643
1642
1636
1636
1629
1630
1623
1628
1622
1619
1619
1622
1616
1614
1614
1616
1612
1617
1616
1622
1617
1622
1621
1622
1621
1622
1622
1621
1621
1621
1618
1617
1617
1616
1621
1621
1622
1622
1622
1621
1624
1623
1619
1617
1623
1625
1624
1624
1624
1625
1630
1630
1631
1632
1631
1632
1631
1634
1631
1632
1629
1631
1630
1632
1629
1629
1630
1631
1631
1635
1631
1632
1631
1629
1627
1624
1625
1623
1628
1624
1625
1624
1623
1619
1615
1619
1623
1627
1624
1628
1627
1627
1624
1625
1623
1624
1627
1627
1623
1625
1629
1631
1625
1622
1627
1621
1624
1625
1624
1623
1624
1628
1627
1623
1623
1624
1630
1625
1627
1622
1617
1603
1573
1545
1499
1449
1393
1334
1293
1293
1332
1390
1456
1521
1559
1586
1606
1629
1635
1641
1649
1653
1654
1655
1657
1662
1664
1659
1662
1660
1663
1668
1662
1662
1659
1659
1668
1668
1668
1666
1672
1669
1673
1677
1669
1670
1673
1674
1676
1676
1675
1679
1681
1681
1677
1673
1672
1672
1673
1670
1672
1667
1663
1668
1663
1660
1649
1645
1645
1641
1641
1635
1635
1627
1627
1625
1624
1621
1621
1622
1624
1621
1624
1619
1622
1619
1625
1623
1627
1622
1627
1623
1625
1622
1623
1623
1624
1622
1622
1621
1622
1622
1624
1623
1627
1622
1623
1628
1631
1629
1625
1631
1631
1636
1634
1634
1631
1632
1635
1635
1638
1635
1631
1631
1636
1631
1635
1631
1632
1630
1635
1632
1635
1634
1635
1635
1634
1634
1630
1629
1629
1631
1630
1624
1619
1622
1621
1619
1618
1622
1624
1627
1627
1630
1624
1622
1622
1627
1624
1623
1624
1623
1622
1624
1624
1625
1627
1628
1627
1625
1627
1622
1624
1625
1629
1624
1629
1624
1623
1624
1627
1625
1617
1590
1551
1508
1455
1389
1330
1281
1263
1283
1351
1418
1495
1550
1578
1602
1616
1631
1641
1648
1654
1657
1654
1654
1655
1660
1662
1664
1664
1668
1664
1667
1669
1669
1664
1664
1667
1668
1673
1675
1673
1676
1677
1680
1679
1675
1677
1679
1683
1679
1688
1682
1682
1683
1685
1680
1681
1681
1677
1679
1673
1673
1673
1670
1667
1664
1660
1656
1651
1649
1650
1643
1641
1636
1638
1635
1635
1631
1630
1630
1624
1632
1629
1631
1630
1660
1643
1640
1638
1640
1636
1641
1638
1640
1634
1632
1630
1632
1631
1630
1630
1627
1636
1635
1637
1631
1636
1634
1636
1636
1638
1641
1642
1645
1645
1642
1636
1635
1637
1638
1641
1642
1643
1641
1641
1641
1641
1636
1640
1641
1640
1638
1635
1640
1636
1640
1635
1636
1635
1636
1636
1640
1635
1630
1629
1624
1624
1623
1627
1625
1625
1628
1628
1627
1629
1630
1631
1631
1634
1629
1631
1632
1634
1632
1629
1624
1627
1631
1627
1630
1631
1630
1630
1632
1634
1635
1630
1630
1627
1625
1623
1617
1596
1556
1524
1467
1408
1332
1285
1261
1281
1327
1404
1480
1537
1565
1593
1612
1624
1637
1644
1654
1656
1659
1664
1661
1662
1663
1657
1659
1660
1662
1664
1670
1664
1664
1668
1667
1667
1669
1663
1669
1672
1669
1670
1670
1669
1676
1677
1675
1675
1679
1675
1677
1679
1677
1679
1677
1673
1673
1672
1664
1666
1664
1659
1660
1655
1651
1650
1645
1649
1641
1636
1631
1629
1625
1627
1628
1622
1619
1622
1621
1622
1624
1623
1623
1622
1621
1624
1622
1622
1621
1622
1622
1624
1622
1624
1622
1624
1625
1627
1623
1627
1628
1625
1629
1629
1625
1622
1622
1623
1631
1627
1631
1630
1637
1632
1632
1635
1634
1634
1634
1635
1632
1634
1631
1635
1632
1635
1632
1631
1625
1630
1630
1631
1631
1630
1635
1634
1634
1629
1630
1627
1631
1631
1630
1624
1625
1624
1628
1619
1624
1622
1624
1624
1629
1624
1622
1624
1623
1623
1625
1627
1625
1627
1627
1630
1631
1630
1629
1630
1630
1627
1627
1627
1628
1631
1625
1629
1627
1628
1624
1629
1622
1624
1621
1605
1579
1532
1475
1416
1357
1315
1285
1285
1314
1384
1455
1516
1558
1579
1603
1622
1635
1644
1631
1644
1650
1654
1659
1659
1662
1663
1660
1663
1662
1662
1666
1664
1663
1668
1663
1667
1669
1669
1670
1672
1667
1672
1673
1673
1679
1674
1674
1677
1679
1676
1679
1683
1683
1680
1680
1679
1675
1677
1670
1669
1667
1661
1664
1660
1660
1657
1655
1655
1648
1643
1640
1636
1631
1631
1624
1622
1621
1625
1625
1627
1625
1625
1627
1624
1631
1624
1619
1624
1625
1627
1623
1627
1623
1627
1624
1627
1622
1621
1621
1627
1627
1623
1623
1624
1625
1624
1627
1629
1629
1625
1632
1635
1634
1628
1634
1631
1635
1635
1640
1634
1631
1632
1635
1635
1636
1635
1634
1635
1631
1635
1631
1634
1631
1635
1630
1629
1622
1625
1628
1629
1624
1631
1629
1627
1627
1629
1630
1624
1625
1627
1627
1622
1624
1623
1627
1622
1625
1621
1619
1615
1616
1615
1612
1616
1617
1617
1622
1624
1623
1621
1623
1623
1627
1627
1623
1622
1619
1618
1622
1623
1619
1622
1622
1627
1627
1625
1623
1623
1623
1624
1627
1622
1622
1624
1622
1619
1604
1582
1539
1487
1436
1383
1321
1279
1263
1300
1352
1419
1488
1537
1571
1595
1617
1627
1631
1636
1643
1642
1645
1645
1650
1654
1654
1659
1659
1657
1657
1660
1660
1660
1662
1667
1663
1667
1668
1667
1662
1668
1668
1673
1672
1668
1669
1674
1672
1673
1676
1669
1669
1675
1673
1669
1669
1672
1674
1675
1673
1669
1663
1659
1660
1657
1651
1650
1643
1643
1636
1638
1630
1630
1624
1624
1622
1622
1622
1624
1622
1623
1622
1621
1622
1623
1623
1627
1625
1622
1623
1624
1625
1628
1622
1625
1622
1625
1624
1631
1623
1630
1624
1630
1629
1630
1624
1631
1630
1631
1632
1631
1630
1630
1636
1636
1640
1635
1640
1641
1641
1637
1640
1559
1574
1598
1614
1622
1625
1629
1632
1637
1638
1636
1632
1636
1637
1635
1635
1631
1634
1630
1631
1629
1630
1629
1631
1631
1638
1635
1635
1632
1634
1631
1627
1628
1625
1623
1624
1631
1630
1630
1625
1629
1621
1619
1619
1621
1622
1625
1627
1631
1627
1627
1630
1631
1630
1631
1630
1630
1630
1636
1632
1638
1632
1634
1631
1635
1631
1630
1630
1630
1632
1631
1629
1624
1629
1628
1624
1617
1593
1551
1513
1468
1403
1346
1287
1262
1294
1357
1425
1499
1546
1577
1602
1624
1635
1640
1649
1654
1659
1662
1663
1660
1664
1663
1663
1667
1663
1664
1668
1669
1669
1669
1669
1674
1672
1674
1676
1673
1669
1677
1679
1677
1679
1680
1677
1679
1682
1677
1680
1677
1681
1680
1681
1679
1674
1679
1674
1673
1673
1668
1661
1664
1664
1660
1656
1653
1650
1644
1643
1641
1636
1631
1631
1632
1629
1630
1629
1631
1630
1625
1623
1629
1625
1628
1624
1624
1622
1625
1627
1634
1634
1631
1631
1631
1631
1631
1631
1629
1630
1628
1634
1631
1631
1630
1632
1629
1631
1630
1631
1635
1636
1642
1638
1635
1635
1636
1637
1636
1637
1636
1640
1636
1641
1640
1640
1636
1636
1636
1635
1636
1635
1637
1631
1637
1635
1638
1627
1634
1634
1636
1636
1630
1635
1627
1630
1622
1627
1618
1622
1622
1625
1627
1632
1631
1631
1627
1632
1631
1634
1631
1631
1634
1634
1635
1631
1635
1630
1632
1632
1635
1631
1632
1631
1634
1629
1635
1635
1634
1632
1630
1629
1622
1612
1586
1551
1498
1427
1361
1309
1283
1253
1303
1370
1454
1526
1567
1588
1611
1634
1643
1650
1656
1660
1663
1667
1669
1676
1669
1668
1669
1672
1670
1677
1677
1673
1673
1674
1676
1675
1674
1679
1673
1676
1679
1679
1683
1683
1688
1687
1687
1685
1686
1686
1687
1693
1692
1689
1683
1690
1688
1682
1680
1679
1679
1674
1669
1666
1663
1663
1662
1663
1659
1651
1649
1648
1643
1636
1637
1632
1634
1632
1640
1640
1640
1637
1641
1638
1638
1636
1631
1632
1632
1634
1631
1634
1635
1638
1641
1641
1640
1641
1640
1636
1640
1636
1638
1630
1636
1636
1640
1636
1641
1641
1641
1641
1641
1642
1637
1640
1640
1641
1641
1641
1642
1641
1643
1642
1644
1642
1641
1644
1641
1641
1640
1644
1640
1637
1640
1640
1643
1640
1641
1640
1638
1637
1638
1640
1636
1635
1630
1627
1624
1623
1624
1628
1627
1635
1636
1634
1630
1634
1634
1632
1636
1634
1634
1627
1630
1631
1636
1632
1635
1631
1637
1636
1631
1631
1630
1631
1628
1632
1627
1635
1635
1636
1630
1634
1622
1602
1567
1535
1473
1410
1343
1298
1270
1280
1332
1397
1469
1530
1567
1597
1621
1632
1643
1650
1655
1657
1662
1663
1663
1663
1669
1667
1669
1673
1673
1669
1673
1673
1669
1670
1673
1674
1679
1673
1673
1676
1677
1680
1681
1680
1679
1683
1687
1683
1676
1683
1681
1679
1681
1688
1680
1682
1683
1683
1677
1676
1669
1669
1668
1668
1664
1660
1654
1655
1648
1648
1642
1637
1638
1637
1636
1632
1638
1630
1630
1627
1629
1625
1627
1625
1631
1630
1631
1631
1635
1631
1631
1630
1629
1630
1630
1632
1635
1635
1631
1640
1635
1634
1631
1630
1629
1631
1631
1631
1635
1635
1641
1640
1643
1643
1644
1640
1638
1642
1641
1644
1643
1645
1648
1645
1648
1643
1643
1636
1643
1641
1641
1642
1638
1641
1642
1643
1642
1643
1641
1640
1641
1640
1636
1635
1636
1635
1636
1635
1635
1629
1629
1625
1634
1634
1635
1636
1640
1640
1636
1635
1632
1635
1634
1635
1629
1631
1634
1636
1636
1640
1636
1635
1635
1634
1636
1630
1635
1631
1640
1636
1636
1635
1635
1631
1635
1632
1622
1595
1567
1530
1485
1414
1352
1308
1261
1287
1343
1406
1480
1537
1577
1601
1622
1631
1645
1654
1654
1663
1664
1661
1660
1664
1667
1668
1672
1673
1674
1669
1673
1675
1673
1670
1676
1672
1673
1679
1679
1679
1681
1685
1685
1681
1681
1683
1682
1681
1681
1683
1685
1685
1679
1683
1688
1683
1682
1681
1680
1674
1674
1670
1668
1667
1663
1657
1659
1654
1657
1648
1643
1642
1644
1641
1638
1635
1629
1630
1627
1631
1630
1630
1625
1631
1630
1637
1628
1631
1629
1631
1628
1632
1629
1627
1624
1630
1631
1631
1631
1630
1636
1636
1642
1640
1636
1638
1640
1641
1638
1643
1640
1642
1643
1645
1643
1642
1643
1642
1645
1645
1642
1645
1641
1644
1641
1643
1638
1640
1641
1642
1642
1643
1643
1641
1637
1641
1638
1631
1634
1634
1636
1640
1632
1632
1631
1630
1622
1622
1603
1577
1548
1511
1466
1412
1346
1308
1287
1321
1370
1436
1499
1539
1572
1592
1615
1624
1632
1643
1649
1653
1655
1657
1659
1661
1662
1663
1663
1664
1669
1666
1668
1668
1672
1669
1673
1673
1672
1670
1674
1679
1680
1682
1681
1680
1681
1679
1681
1681
1680
1680
1687
1688
1688
1683
1682
1680
1679
1685
1676
1673
1673
1669
1668
1666
1660
1655
1654
1650
1649
1643
1643
1635
1641
1640
1641
1635
1636
1631
1635
1635
1634
1631
1635
1636
1635
1641
1634
1637
1634
1635
1631
1634
1630
1635
1636
1638
1640
1637
1641
1641
1641
1641
1641
1641
1636
1643
1641
1643
1641
1642
1641
1641
1645
1642
1635
1635
1640
1635
1640
1636
1640
1640
1641
1643
1644
1643
1641
1640
1643
1644
1640
1641
1636
1638
1640
1638
1637
1632
1638
1641
1641
1636
1636
1638
1636
1641
1638
1638
1631
1638
1636
1640
1637
1636
1641
1643
1644
1641
1640
1632
1637
1635
1640
1638
1641
1641
1640
1641
1640
1641
1636
1632
1632
1636
1636
1635
1635
1636
1638
1636
1634
1635
1640
1636
1641
1637
1636
1630
1636
1638
1638
1636
1635
1632
1627
1627
1627
1629
1625
1631
1631
1637
1631
1632
1632
1632
1634
1634
1634
1631
1634
1635
1638
1635
1636
1636
1637
1636
1636
1635
1634
1635
1638
1641
1637
1637
1636
1640
1634
1629
1605
1579
1540
1500
1449
1374
1319
1280
1277
1307
1374
1447
1521
1565
1593
1621
1636
1642
1653
1654
1660
1664
1662
1664
1668
1669
1672
1674
1669
1670
1672
1673
1675
1677
1673
1677
1681
1683
1682
1680
1681
1687
1683
1681
1681
1682
1686
1683
1686
1683
1687
1685
1688
1690
1688
1683
1688
1687
1686
1682
1681
1677
1674
1673
1669
1667
1662
1661
1660
1659
1650
1654
1649
1642
1641
1640
1641
1636
1634
1631
1636
1631
1632
1632
1630
1635
1635
1634
1630
1632
1630
1635
1631
1636
1632
1632
1638
1640
1642
1637
1638
1635
1641
1636
1636
1638
1637
1640
1642
1643
1642
1641
1644
1643
1649
1642
1648
1645
1649
1650
1650
1650
1647
1649
1650
1650
1654
1649
1650
1650
1643
1650
1645
1650
1644
1649
1649
1642
1645
1645
1650
1650
1649
1645
1640
1641
1644
1648
1645
1643
1638
1638
1636
1632
1636
1631
1634
1636
1643
1641
1643
1642
1641
1641
1641
1641
1641
1640
1644
1650
1645
1643
1648
1643
1647
1644
1644
1642
1644
1641
1644
1647
1644
1643
1659
1702
1679
1664
1654
1645
1624
1595
1544
1498
1427
1358
1305
1274
1260
1324
1391
1475
1540
1579
1602
1622
1641
1649
1659
1662
1664
1668
1673
1677
1677
1679
1681
1679
1677
1679
1679
1681
1681
1679
1681
1692
1682
1680
1683
1687
1692
1688
1690
1692
1688
1688
1692
1692
1692
1695
1696
1698
1693
1693
1694
1692
1692
1693
1688
1688
1681
1681
1679
1675
1670
1673
1670
1666
1663
1660
1657
1654
1654
1651
1645
1642
1637
1636
1638
1638
1637
1636
1641
1636
1642
1637
1640
1637
1641
1640
1641
1641
1640
1640
1638
1641
1638
1636
1641
1641
1641
1642
1641
1636
1635
1635
1636
1636
1636
1637
1641
1645
1648
1649
1647
1642
1643
1642
1645
1641
1642
1648
1650
1649
1645
1647
1641
1641
1643
1641
1641
1638
1640
1641
1643
1642
1640
1640
1638
1642
1637
1640
1643
1650
1649
1643
1645
1641
1641
1636
1636
1638
1636
1638
1640
1641
1641
1641
1637
1635
1635
1638
1640
1638
1638
1635
1637
1636
1637
1638
1641
1638
1636
1640
1638
1635
1630
1635
1634
1637
1631
1634
1635
1632
1635
1630
1615
1586
1546
1498
1441
1369
1320
1299
1282
1315
1373
1443
1506
1548
1577
1605
1622
1632
1644
1651
1657
1662
1660
1661
1666
1663
1673
1670
1668
1672
1673
1674
1673
1670
1669
1673
1676
1679
1675
1679
1681
1683
1680
1677
1681
1685
1687
1688
1687
1690
1686
1682
1685
1687
1687
1687
1687
1687
1688
1685
1683
1676
1672
1673
1669
1668
1662
1661
1662
1657
1660
1654
1645
1636
1636
1636
1635
1636
1634
1631
1630
1635
1632
1637
1631
1636
1635
1642
1635
1634
1635
1636
1637
1636
1635
1631
1636
1636
1635
1631
1635
1635
1638
1642
1638
1640
1635
1637
1635
1611
1625
1632
1634
1640
1641
1640
1643
1645
1644
1649
1653
1643
1642
1645
1643
1645
1644
1649
1647
1643
1644
1645
1645
1636
1640
1638
1640
1638
1640
1641
1641
1643
1643
1645
1640
1638
1640
1642
1638
1641
1640
1638
1640
1638
1640
1634
1635
1635
1640
1636
1641
1638
1638
1632
1631
1629
1628
1629
1630
1634
1635
1640
1638
1640
1632
1635
1635
1634
1631
1632
1634
1635
1632
1638
1638
1638
1641
1641
1640
1635
1634
1632
1635
1631
1634
1631
1635
1630
1630
1627
1619
1602
1574
1534
1489
1424
1347
1305
1279
1280
1320
1391
1461
1526
1565
1592
1612
1625
1636
1648
1654
1655
1655
1655
1660
1667
1663
1661
1660
1662
1664
1669
1672
1670
1668
1668
1674
1668
1663
1669
1672
1673
1675
1679
1668
1677
1679
1674
1681
1680
1675
1679
1686
1680
1679
1682
1677
1676
1677
1676
1677
1673
1675
1669
1672
1664
1663
1657
1648
1649
1643
1643
1636
1635
1632
1631
1629
1628
1629
1631
1631
1632
1631
1627
1627
1627
1631
1627
1630
1629
1630
1629
1631
1629
1624
1623
1629
1629
1625
1622
1621
1625
1630
1634
1631
1629
1628
1632
1630
1634
1627
1628
1630
1632
1631
1634
1634
1632
1640
1637
1641
1635
1642
1640
1640
1636
1635
1635
1635
1637
1641
1641
1641
1641
1642
1641
1641
1634
1635
1631
1631
1627
1635
1632
1637
1636
1636
1637
1634
1623
1628
1630
1627
1629
1628
1631
1630
1632
1628
1635
1630
1630
1630
1635
1638
1638
1635
1632
1634
1631
1635
1635
1634
1632
1636
1636
1638
1635
1632
1635
1634
1634
1634
1635
1631
1631
1623
1604
1577
1530
1498
1443
1379
1309
1295
1285
1347
1408
1483
1537
1576
1602
1621
1634
1643
1654
1660
1660
1660
1669
1662
1664
1668
1669
1670
1668
1669
1675
1673
1670
1674
1670
1676
1676
1677
1677
1679
1679
1676
1677
1675
1679
1679
1681
1682
1687
1692
1687
1687
1688
1687
1688
1686
1686
1686
1683
1682
1679
1674
1674
1669
1669
1669
1659
1660
1655
1654
1657
1650
1645
1638
1640
1636
1640
1636
1637
1635
1632
1630
1635
1631
1631
1634
1635
1632
1636
1638
1634
1636
1634
1640
1634
1634
1632
1640
1637
1636
1636
1636
1634
1635
1640
1637
1640
1636
1640
1643
1641
1641
1636
1641
1640
1643
1641
1641
1643
1640
1649
1645
1644
1648
1649
1648
1645
1645
1642
1643
1642
1643
1641
1640
1641
1640
1640
1640
1642
1637
1641
1643
1640
1640
1635
1636
1640
1636
1641
1638
1635
1630
1630
1627
1628
1625
1627
1630
1631
1625
1632
1631
1635
1635
1635
1629
1629
1635
1632
1636
1636
1644
1636
1638
1635
1637
1640
1638
1636
1636
1640
1636
1637
1635
1636
1636
1635
1635
1625
1601
1574
1541
1498
1432
1363
1314
1264
1263
1327
1395
1475
1537
1577
1598
1621
1636
1643
1654
1660
1663
1668
1667
1668
1669
1669
1663
1669
1673
1670
1673
1674
1673
1674
1675
1674
1674
1675
1676
1677
1676
1676
1680
1683
1683
1687
1682
1688
1688
1681
1688
1689
1688
1692
1693
1692
1688
1688
1688
1688
1679
1679
1677
1677
1676
1673
1667
1661
1657
1657
1657
1650
1648
1642
1644
1640
1641
1635
1632
1635
1638
1637
1635
1638
1635
1635
1634
1636
1632
1635
1630
1636
1636
1636
1640
1634
1636
1636
1640
1634
1640
1636
1637
1641
1641
1638
1640
1641
1636
1640
1637
1638
1640
1641
1650
1649
1645
1648
1650
1649
1649
1648
1645
1650
1648
1650
1649
1645
1645
1645
1647
1643
1645
1686
1680
1674
1667
1661
1654
1650
1644
1645
1642
1641
1641
1636
1637
1636
1631
1624
1625
1627
1636
1635
1635
1632
1635
1631
1635
1635
1635
1635
1635
1641
1643
1643
1641
1642
1641
1640
1641
1636
1638
1636
1641
1640
1644
1641
1644
1640
1638
1640
1640
1635
1629
1621
1602
1553
1507
1448
1388
1333
1294
1272
1293
1357
1431
1503
1558
1579
1606
1624
1638
1650
1654
1661
1668
1669
1673
1673
1668
1669
1673
1673
1675
1677
1676
1677
1674
1680
1676
1676
1677
1681
1681
1683
1681
1686
1686
1686
1681
1683
1686
1685
1687
1688
1693
1690
1692
1688
1688
1687
1688
1682
1682
1680
1681
1674
1674
1670
1666
1669
1662
1660
1651
1649
1648
1642
1648
1643
1641
1636
1634
1632
1634
1630
1631
1636
1631
1638
1631
1630
1630
1630
1631
1635
1636
1634
1631
1632
1636
1634
1630
1631
1635
1634
1637
1636
1636
1631
1632
1640
1636
1637
1631
1640
1638
1641
1641
1641
1641
1640
1647
1642
1645
1642
1644
1642
1648
1649
1645
1644
1647
1645
1643
1640
1643
1637
1640
1638
1644
1641
1642
1637
1641
1642
1641
1642
1641
1641
1635
1636
1629
1630
1623
1625
1631
1634
1636
1636
1635
1630
1635
1630
1634
1628
1632
1631
1638
1635
1636
1640
1640
1638
1636
1636
1631
1635
1636
1635
1635
1634
1634
1635
1635
1636
1635
1630
1632
1627
1603
1574
1530
1473
1417
1356
1319
1273
1275
1337
1397
1479
1537
1572
1593
1615
1635
1636
1648
1651
1654
1662
1662
1663
1663
1664
1673
1676
1673
1670
1674
1669
1673
1674
1674
1673
1674
1676
1679
1681
1682
1680
1683
1683
1680
1685
1681
1677
1681
1683
1687
1688
1688
1688
1690
1689
1688
1686
1683
1687
1683
1680
1677
1669
1666
1666
1662
1659
1654
1654
1649
1649
1649
1642
1642
1638
1640
1635
1636
1631
1630
1630
1635
1634
1635
1636
1635
1635
1630
1635
1631
1638
1632
1636
1635
1640
1631
1632
1634
1634
1634
1636
1638
1638
1641
1642
1641
1635
1640
1640
1641
1641
1641
1641
1642
1650
1645
1649
1650
1649
1649
1647
1649
1647
1648
1645
1647
1649
1649
1650
1645
1650
1650
1648
1648
1641
1643
1640
1643
1641
1640
1641
1643
1643
1637
1641
1638
1640
1636
1636
1636
1636
1631
1631
1630
1631
1632
1631
1636
1635
1638
1636
1638
1636
1637
1635
1636
1638
1640
1640
1636
1638
1638
1640
1638
1637
1641
1640
1640
1638
1635
1635
1638
1641
1637
1641
1636
1641
1636
1622
1592
1551
1502
1460
1392
1359
1295
1289
1319
1384
1454
1512
1559
1586
1608
1627
1642
1648
1650
1655
1660
1664
1664
1668
1670
1669
1673
1677
1668
1668
1673
1676
1679
1681
1681
1677
1677
1677
1674
1677
1677
1679
1682
1683
1683
1688
1692
1688
1687
1688
1689
1683
1681
1690
1688
1688
1686
1686
1687
1682
1677
1676
1673
1670
1669
1663
1663
1654
1655
1655
1653
1650
1648
1645
1637
1637
1635
1632
1631
1634
1636
1634
1636
1635
1635
1635
1640
1636
1636
1635
1635
1636
1637
1640
1636
1636
1635
1640
1640
1641
1637
1635
1637
1640
1641
1641
1641
1641
1642
1643
1642
1644
1638
1645
1647
1650
1650
1653
1654
1650
1654
1654
1650
1651
1649
1651
1659
1654
1650
1649
1650
1642
1653
1653
1645
1649
1645
1645
1642
1645
1650
1644
1644
1643
1643
1636
1637
1641
1644
1642
1641
1643
1640
1643
1635
1642
1641
1644
1645
1644
1645
1649
1650
1648
1649
1648
1642
1642
1641
1644
1650
1638
1645
1645
1644
1643
1649
1645
1645
1640
1638
1632
1624
1588
1556
1511
1454
1396
1328
1301
1294
1347
1411
1489
1545
1583
1609
1631
1641
1653
1660
1660
1663
1670
1674
1673
1673
1677
1681
1683
1682
1679
1679
1679
1680
1683
1683
1687
1688
1692
1692
1689
1688
1688
1689
1690
1696
1696
1694
1696
1699
1700
1696
1694
1699
1699
1699
1700
1698
1696
1694
1694
1693
1687
1679
1679
1681
1674
1677
1674
1664
1662
1659
1655
1651
1648
1649
1648
1649
1645
1645
1642
1641
1645
1644
1648
1643
1643
1638
1641
1642
1641
1648
1643
1643
1643
1645
1641
1640
1641
1643
1643
1641
1643
1644
1648
1647
1650
1649
1645
1648
1648
1648
1650
1648
1645
1644
1645
1650
1645
1650
1651
1657
1659
1655
1655
1654
1650
1649
1653
1649
1645
1647
1653
1645
1645
1645
1645
1644
1650
1653
1647
1645
1638
1641
1640
1635
1635
1636
1641
1643
1645
1649
1642
1641
1644
1648
1641
1643
1637
1641
1642
1644
1643
1640
1642
1645
1649
1643
1643
1645
1642
1643
1641
1642
1640
1636
1640
1635
1640
1630
1609
1579
1530
1488
1422
1350
1290
1267
1268
1321
1391
1475
1537
1574
1603
1627
1642
1649
1657
1662
1672
1668
1668
1669
1672
1674
1679
1673
1677
1677
1679
1681
1679
1677
1682
1681
1687
1683
1686
1688
1687
1688
1692
1693
1693
1689
1692
1693
1688
1688
1690
1695
1695
1696
1696
1690
1692
1693
1695
1692
1688
1688
1683
1679
1673
1673
1664
1664
1667
1660
1659
1655
1650
1644
1643
1648
1647
1647
1641
1643
1643
1643
1640
1636
1638
1638
1638
1638
1640
1640
1643
1645
1642
1641
1636
1638
1637
1640
1640
1638
1637
1645
1648
1650
1645
1641
1643
1642
1643
1649
1696
1673
1664
1662
1662
1659
1654
1650
1651
1650
1653
1647
1651
1650
1653
1649
1650
1650
1648
1650
1649
1650
1650
1650
1649
1649
1650
1641
1636
1634
1630
1631
1631
1636
1637
1642
1641
1645
1645
1643
1641
1643
1642
1641
1638
1636
1640
1640
1641
1645
1642
1645
1645
1648
1642
1641
1642
1641
1640
1641
1645
1641
1641
1640
1640
1636
1634
1615
1580
1543
1496
1423
1357
1309
1275
1248
1312
1378
1459
1521
1565
1592
1621
1632
1643
1653
1657
1662
1663
1661
1664
1668
1668
1673
1674
1672
1673
1674
1674
1669
1670
1676
1676
1673
1674
1673
1677
1677
1682
1686
1687
1682
1683
1681
1680
1683
1687
1681
1687
1689
1688
1687
1685
1687
1687
1681
1681
1683
1674
1673
1672
1669
1663
1660
1657
1654
1653
1649
1643
1640
1636
1640
1640
1635
1632
1630
1630
1630
1630
1629
1630
1630
1625
1632
1632
1631
1631
1635
1634
1630
1630
1627
1629
1627
1629
1634
1632
1634
1631
1634
1631
1637
1632
1636
1632
1636
1635
1636
1634
1635
1641
1641
1645
1641
1641
1640
1642
1642
1640
1641
1636
1640
1640
1643
1638
1643
1641
1643
1641
1640
1636
1636
1638
1636
1638
1641
1640
1632
1631
1638
1634
1632
1631
1631
1630
1627
1625
1624
1622
1629
1628
1631
1629
1631
1630
1634
1635
1632
1631
1631
1632
1631
1632
1632
1632
1630
1635
1631
1631
1628
1635
1631
1634
1635
1636
1628
1631
1636
1635
1635
1630
1624
1614
1597
1566
1531
1476
1403
1356
1313
1283
1277
1327
1402
1475
1528
1565
1589
1614
1629
1641
1645
1644
1657
1660
1656
1659
1660
1661
1660
1659
1664
1666
1662
1662
1666
1669
1670
1670
1672
1673
1668
1673
1669
1668
1673
1675
1659
1713
1700
1693
1688
1686
1679
1679
1681
1681
1677
1679
1674
1675
1676
1669
1667
1669
1662
1664
1660
1659
1657
1650
1650
1641
1640
1632
1631
1632
1631
1627
1627
1623
1623
1622
1616
1623
1625
1625
1629
1625
1628
1627
1629
1625
1629
1623
1622
1624
1623
1624
1627
1622
1623
1622
1627
1623
1625
1622
1630
1625
1627
1625
1631
1625
1627
1630
1632
1631
1635
1632
1636
1638
1637
1638
1632
1635
1636
1636
1627
1636
1630
1636
1631
1631
1631
1631
1629
1634
1635
1631
1635
1630
1634
1625
1631
1624
1622
1622
1628
1623
1624
1624
1622
1621
1621
1614
1616
1614
1615
1618
1621
1621
1619
1621
1624
1623
1625
1627
1624
1625
1627
1627
1627
1627
1630
1621
1624
1624
1623
1623
1623
1624
1630
1625
1622
1617
1624
1624
1623
1618
1608
1590
1541
1511
1470
1405
1356
1299
1285
1292
1354
1416
1483
1535
1565
1593
1608
1623
1631
1641
1649
1650
1655
1654
1653
1659
1657
1655
1655
1654
1659
1656
1660
1667
1663
1662
1663
1662
1664
1667
1664
1673
1673
1669
1668
1666
1668
1670
1673
1673
1674
1675
1677
1677
1679
1674
1674
1668
1664
1669
1667
1664
1664
1668
1660
1660
1653
1651
1645
1643
1641
1636
1634
1630
1630
1629
1627
1623
1624
1622
1624
1623
1624
1621
1624
1619
1622
1623
1624
1627
1624
1625
1623
1630
1629
1624
1623
1622
1629
1625
1624
1623
1627
1625
1631
1630
1631
1631
1632
1635
1634
1631
1634
1635
1636
1640
1638
1640
1638
1640
1641
1638
1640
1637
1640
1642
1643
1641
1641
1638
1636
1640
1640
1640
1638
1640
1636
1638
1635
1638
1635
1636
1641
1637
1641
1631
1640
1631
1638
1634
1635
1631
1634
1629
1631
1625
1625
1630
1635
1631
1631
1631
1631
1621
1624
1628
1628
1631
1631
1636
1631
1631
1630
1631
1631
1634
1634
1634
1631
1634
1632
1637
1637
1635
1635
1635
1636
1631
1630
1623
1619
1598
1554
1496
1449
1385
1340
1300
1285
1286
1354
1430
1503
1554
1586
1602
1630
1641
1649
1655
1660
1661
1664
1668
1669
1668
1667
1664
1667
1669
1669
1669
1669
1670
1673
1681
1679
1677
1674
1677
1679
1679
1677
1675
1681
1681
1682
1680
1683
1687
1686
1682
1682
1685
1681
1680
1681
1677
1688
1682
1681
1679
1679
1673
1673
1663
1662
1660
1655
1657
1650
1645
1644
1640
1640
1635
1632
1632
1636
1632
1635
1634
1630
1630
1636
1631
1631
1631
1630
1630
1632
1631
1629
1628
1629
1630
1629
1630
1624
1630
1627
1630
1630
1631
1629
1631
1634
1637
1635
1635
1635
1632
1634
1635
1637
1635
1636
1636
1635
1635
1636
1638
1642
1641
1640
1641
1637
1638
1638
1640
1641
1635
1636
1636
1637
1638
1640
1634
1631
1631
1640
1638
1631
1631
1627
1624
1624
1627
1623
1625
1629
1634
1631
1631
1631
1631
1630
1632
1631
1632
1631
1629
1630
1631
1635
1630
1631
1632
1634
1630
1631
1630
1631
1627
1631
1631
1636
1631
1635
1631
1629
1628
1624
1615
1591
1546
1500
1442
1370
1319
1268
1270
1280
1350
1428
1501
1554
1583
1603
1623
1638
1648
1645
1654
1653
1653
1659
1663
1664
1669
1663
1668
1668
1667
1663
1663
1664
1667
1668
1670
1673
1673
1673
1677
1680
1675
1674
1676
1679
1680
1681
1680
1679
1681
1683
1680
1680
1681
1680
1682
1686
1683
1677
1674
1674
1675
1674
1668
1664
1660
1659
1659
1653
1650
1644
1636
1638
1638
1635
1632
1632
1631
1631
1630
1628
1627
1625
1628
1634
1632
1634
1631
1631
1623
1682
1660
1650
1641
1640
1631
1641
1631
1634
1630
1634
1635
1635
1632
1631
1632
1636
1640
1634
1636
1640
1641
1631
1640
1638
1641
1638
1640
1644
1637
1636
1631
1636
1635
1640
1638
1641
1640
1644
1643
1640
1641
1636
1640
1636
1637
1635
1636
1632
1638
1636
1632
1631
1630
1624
1625
1622
1623
1627
1631
1634
1632
1635
1631
1631
1631
1631
1630
1631
1631
1631
1629
1634
1630
1630
1630
1635
1630
1631
1631
1630
1627
1631
1631
1631
1632
1629
1634
1630
1631
1625
1612
1586
1543
1503
1444
1390
1331
1289
1279
1295
1356
1423
1489
1541
1572
1601
1614
1628
1637
1645
1654
1659
1659
1655
1651
1656
1659
1663
1668
1662
1664
1668
1667
1668
1670
1664
1668
1668
1670
1673
1669
1672
1679
1676
1675
1674
1674
1673
1677
1679
1675
1673
1674
1677
1680
1676
1674
1673
1675
1673
1672
1668
1662
1662
1662
1663
1660
1654
1654
1645
1642
1638
1635
1631
1628
1631
1630
1629
1624
1627
1627
1628
1624
1624
1621
1622
1624
1629
1627
1625
1624
1629
1625
1628
1623
1621
1622
1623
1627
1629
1623
1625
1624
1624
1625
1624
1624
1624
1629
1634
1631
1630
1634
1631
1636
1634
1636
1632
1632
1631
1637
1640
1637
1641
1637
1641
1636
1635
1631
1635
1634
1635
1636
1635
1631
1634
1640
1636
1636
1631
1631
1630
1631
1631
1631
1628
1624
1624
1624
1624
1621
1621
1624
1625
1630
1625
1625
1624
1627
1629
1630
1630
1632
1631
1631
1631
1630
1629
1629
1630
1630
1627
1623
1630
1629
1630
1631
1630
1625
1627
1630
1631
1632
1630
1625
1612
1580
1540
1492
1436
1378
1332
1292
1280
1318
1378
1447
1508
1556
1586
1605
1622
1631
1641
1643
1645
1654
1657
1660
1643
1645
1654
1655
1659
1664
1661
1659
1662
1659
1663
1663
1664
1669
1669
1670
1673
1674
1673
1672
1669
1673
1676
1677
1672
1672
1674
1676
1676
1674
1674
1679
1680
1680
1677
1672
1668
1670
1669
1668
1661
1656
1654
1650
1649
1643
1641
1636
1635
1638
1635
1634
1628
1624
1624
1630
1625
1627
1624
1627
1623
1629
1624
1625
1625
1627
1627
1627
1622
1624
1622
1623
1627
1628
1627
1629
1627
1630
1623
1625
1627
1627
1622
1629
1627
1631
1627
1632
1631
1632
1631
1632
1635
1635
1635
1634
1637
1635
1636
1634
1634
1634
1636
1630
1634
1635
1634
1634
1631
1630
1630
1630
1625
1627
1629
1632
1630
1631
1629
1631
1629
1623
1624
1625
1622
1622
1621
1625
1623
1624
1622
1624
1623
1631
1629
1628
1627
1628
1627
1627
1627
1624
1627
1629
1631
1632
1631
1628
1630
1627
1627
1623
1624
1623
1627
1623
1622
1621
1610
1586
1546
1498
1445
1380
1320
1276
1293
1313
1380
1453
1515
1558
1582
1597
1617
1631
1643
1650
1650
1654
1654
1655
1656
1659
1659
1663
1662
1661
1662
1662
1663
1660
1663
1666
1662
1663
1668
1668
1669
1668
1673
1670
1669
1669
1673
1674
1675
1677
1676
1677
1677
1676
1673
1669
1669
1670
1673
1669
1668
1667
1668
1666
1662
1659
1650
1651
1648
1645
1637
1635
1634
1632
1634
1631
1627
1629
1632
1631
1635
1630
1625
1622
1623
1622
1624
1622
1624
1627
1629
1630
1630
1623
1624
1625
1625
1627
1627
1623
1624
1623
1630
1629
1632
1630
1632
1635
1632
1631
1631
1635
1634
1635
1634
1632
1635
1640
1638
1640
1636
1641
1641
1641
1638
1636
1635
1631
1635
1632
1640
1636
1640
1643
1641
1637
1641
1638
1632
1635
1636
1636
1632
1598
1570
1595
1611
1619
1622
1623
1627
1629
1629
1627
1623
1627
1629
1631
1625
1630
1627
1631
1635
1635
1631
1628
1628
1624
1629
1627
1628
1627
1629
1625
1629
1617
1608
1579
1540
1487
1429
1366
1314
1273
1279
1309
1371
1445
1511
1554
1584
1605
1622
1632
1642
1644
1654
1653
1654
1654
1656
1660
1661
1660
1664
1660
1668
1668
1668
1667
1667
1664
1672
1669
1672
1669
1673
1669
1673
1676
1674
1677
1675
1679
1680
1679
1673
1676
1679
1681
1679
1679
1674
1677
1677
1679
1674
1669
1669
1668
1664
1657
1657
1650
1650
1643
1641
1638
1634
1632
1635
1635
1634
1637
1630
1628
1629
1631
1624
1625
1624
1623
1628
1630
1628
1631
1624
1627
1625
1627
1621
1623
1624
1625
1625
1631
1630
1631
1630
1634
1634
1629
1630
1630
1630
1630
1629
1627
1634
1631
1631
1635
1636
1637
1640
1638
1635
1631
1630
1632
1634
1640
1640
1636
1634
1635
1632
1635
1637
1636
1634
1631
1634
1631
1630
1625
1629
1629
1630
1627
1624
1621
1621
1622
1624
1623
1622
1623
1624
1625
1624
1623
1627
1624
1624
1625
1627
1624
1623
1622
1624
1625
1623
1622
1623
1625
1627
1624
1624
1625
1624
1627
1629
1627
1623
1628
1624
1627
1621
1621
1605
1574
1544
1494
1435
1389
1325
1272
1261
1292
1353
1424
1498
1546
1577
1597
1618
1627
1636
1643
1649
1657
1655
1660
1662
1662
1662
1660
1660
1667
1662
1663
1660
1662
1663
1666
1672
1673
1666
1669
1669
1673
1673
1670
1673
1669
1672
1676
1674
1674
1674
1679
1681
1679
1675
1677
1679
1677
1676
1672
1664
1668
1668
1661
1660
1659
1657
1655
1650
1650
1645
1634
1634
1631
1627
1627
1627
1625
1623
1622
1624
1623
1616
1627
1625
1625
1627
1625
1624
1624
1623
1624
1624
1625
1622
1623
1624
1625
1623
1623
1624
1624
1622
1623
1624
1624
1629
1628
1632
1630
1630
1631
1631
1631
1632
1632
1631
1634
1631
1635
1635
1635
1630
1631
1630
1638
1637
1638
1636
1637
1635
1635
1635
1634
1635
1632
1634
1631
1631
1629
1631
1630
1629
1625
1622
1617
1622
1617
1624
1622
1623
1622
1629
1627
1630
1623
1627
1630
1630
1631
1631
1627
1627
1624
1629
1623
1625
1622
1629
1627
1629
1627
1625
1627
1627
1630
1628
1625
1625
1624
1624
1623
1619
1592
1560
1512
1488
1406
1328
1298
1266
1275
1340
1404
1468
1526
1563
1593
1612
1624
1638
1642
1647
1649
1653
1653
1651
1655
1662
1659
1659
1655
1659
1660
1660
1660
1662
1656
1659
1663
1667
1667
1664
1663
1667
1669
1673
1674
1673
1673
1675
1680
1674
1670
1672
1669
1674
1676
1672
1674
1673
1673
1674
1667
1664
1667
1660
1654
1654
1651
1649
1645
1644
1641
1640
1631
1630
1628
1624
1624
1622
1622
1622
1622
1623
1623
1624
1622
1627
1625
1625
1627
1624
1623
1622
1628
1624
1624
1616
1622
1624
1624
1624
1624
1622
1629
1622
1624
1624
1627
1623
1632
1634
1635
1630
1631
1630
1632
1634
1631
1635
1632
1641
1635
1636
1631
1634
1632
1637
1636
1635
1631
1636
1640
1640
1637
1631
1634
1630
1631
1630
1635
1630
1632
1635
1635
1634
1630
1629
1631
1634
1629
1631
1627
1629
1622
1628
1622
1621
1622
1624
1627
1631
1627
1631
1624
1630
1627
1632
1624
1628
1624
1631
1627
1631
1630
1631
1629
1631
1631
1629
1630
1630
1631
1630
1632
1628
1630
1627
1631
1629
1627
1619
1602
1573
1530
1492
1428
1360
1309
1295
1298
1346
1405
1480
1535
1570
1591
1616
1627
1637
1651
1650
1657
1659
1657
1662
1659
1656
1660
1659
1662
1667
1666
1672
1668
1667
1670
1672
1669
1668
1664
1668
1672
1675
1677
1679
1681
1677
1679
1675
1676
1677
1679
1679
1679
1677
1679
1680
1680
1679
1677
1676
1672
1669
1668
1667
1662
1655
1653
1649
1650
1642
1641
1636
1634
1634
1635
1634
1625
1624
1624
1627
1628
1625
1625
1630
1630
1630
1627
1630
1629
1628
1624
1630
1629
1624
1627
1629
1624
1629
1625
1629
1627
1631
1631
1635
1627
1630
1630
1629
1631
1630
1631
1634
1637
1635
1642
1637
1637
1635
1636
1640
1636
1637
1635
1638
1635
1637
1635
1635
1636
1638
1636
1636
1638
1636
1637
1638
1636
1631
1630
1627
1631
1625
1627
1629
1629
1630
1631
1634
1630
1628
1625
1631
1630
1630
1625
1628
1625
1623
1621
1624
1618
1622
1622
1623
1622
1624
1623
1624
1624
1631
1627
1631
1629
1636
1636
1634
1630
1631
1634
1631
1634
1627
1630
1629
1631
1627
1630
1630
1631
1630
1630
1631
1630
1627
1624
1617
1598
1563
1522
1466
1403
1363
1322
1294
1305
1361
1429
1494
1543
1569
1595
1615
1630
1641
1647
1650
1659
1660
1664
1666
1663
1667
1664
1667
1666
1666
1670
1669
1669
1668
1674
1673
1669
1673
1673
1677
1679
1680
1673
1681
1679
1679
1679
1680
1679
1685
1687
1683
1683
1688
1683
1685
1683
1683
1681
1677
1677
1673
1669
1669
1666
1667
1663
1662
1660
1654
1654
1649
1645
1642
1641
1636
1640
1635
1637
1638
1636
1638
1635
1636
1635
1635
1636
1638
1636
1632
1641
1636
1640
1636
1641
1641
1641
1640
1640
1641
1638
1643
1638
1636
1638
1643
1641
1643
1641
1645
1649
1648
1649
1647
1631
1630
1636
1642
1641
1643
1643
1647
1651
1654
1653
1644
1645
1650
1649
1649
1641
1645
1648
1645
1647
1643
1645
1645
1649
1649
1650
1645
1641
1645
1645
1647
1645
1643
1641
1641
1640
1638
1636
1635
1637
1636
1642
1641
1641
1640
1642
1643
1638
1641
1634
1641
1641
1645
1645
1650
1649
1650
1650
1643
1648
1635
1637
1640
1640
1638
1642
1641
1641
1647
1642
1637
1636
1627
1606
1572
1527
1477
1417
1360
1308
1290
1281
1347
1422
1502
1554
1585
1612
1631
1642
1649
1657
1662
1666
1670
1670
1673
1669
1675
1674
1681
1676
1675
1676
1677
1677
1674
1677
1677
1680
1679
1682
1682
1679
1686
1688
1686
1690
1694
1689
1692
1688
1692
1689
1690
1692
1692
1687
1693
1692
1692
1682
1681
1686
1680
1674
1674
1669
1672
1669
1666
1662
1656
1651
1655
1649
1649
1645
1643
1637
1641
1641
1637
1634
1636
1640
1638
1640
1637
1640
1636
1640
1635
1640
1634
1632
1635
1640
1641
1640
1641
1640
1636
1641
1644
1641
1635
1636
1636
1642
1638
1641
1642
1642
1650
1643
1644
1642
1644
1645
1645
1645
1648
1648
1647
1645
1649
1645
1644
1649
1645
1649
1648
1645
1643
1643
1644
1643
1648
1641
1641
1641
1642
1641
1643
1641
1641
1640
1632
1632
1630
1632
1630
1636
1635
1634
1635
1640
1638
1641
1641
1640
1643
1638
1643
1640
1636
1634
1637
1636
1643
1645
1642
1649
1643
1641
1643
1640
1640
1638
1641
1637
1645
1641
1638
1631
1625
1597
1559
1518
1450
1380
1338
1295
1275
1295
1365
1442
1511
1556
1586
1608
1631
1640
1649
1660
1662
1661
1668
1669
1676
1674
1673
1673
1674
1677
1676
1679
1676
1676
1682
1681
1679
1680
1680
1680
1683
1683
1681
1660
1673
1683
1687
1694
1693
1692
1689
1689
1686
1683
1688
1688
1688
1690
1688
1682
1683
1680
1672
1674
1675
1672
1668
1670
1662
1660
1649
1649
1649
1643
1645
1641
1641
1636
1640
1640
1641
1635
1635
1631
1636
1631
1635
1638
1635
1638
1636
1640
1640
1640
1641
1641
1641
1640
1641
1640
1637
1640
1640
1636
1642
1641
1642
1641
1641
1641
1636
1640
1640
1641
1640
1641
1644
1649
1650
1649
1649
1645
1648
1645
1645
1642
1641
1643
1643
1647
1641
1642
1641
1641
1644
1642
1641
1635
1640
1641
1643
1640
1635
1635
1630
1630
1630
1630
1631
1632
1634
1638
1635
1634
1630
1631
1631
1636
1640
1636
1638
1640
1642
1632
1635
1634
1636
1635
1638
1638
1640
1636
1635
1640
1637
1637
1634
1636
1630
1635
1630
1629
1617
1602
1571
1521
1483
1428
1361
1324
1295
1301
1338
1404
1479
1535
1571
1598
1616
1631
1640
1645
1650
1659
1657
1663
1662
1666
1669
1664
1667
1669
1669
1668
1667
1668
1669
1672
1674
1674
1674
1676
1674
1673
1674
1673
1679
1677
1676
1680
1681
1679
1679
1683
1680
1682
1680
1679
1675
1680
1679
1679
1677
1673
1672
1672
1664
1662
1659
1659
1655
1655
1655
1645
1640
1638
1636
1635
1631
1632
1630
1631
1627
1632
1635
1632
1627
1632
1634
1630
1631
1631
1636
1630
1637
1631
1631
1629
1632
1631
1635
1635
1636
1632
1636
1635
1634
1634
1634
1638
1635
1640
1636
1638
1637
1636
1640
1636
1641
1636
1648
1648
1642
1643
1643
1649
1644
1645
1642
1647
1648
1645
1644
1642
1641
1635
1641
1638
1637
1636
1640
1636
1637
1641
1643
1643
1636
1641
1636
1632
1630
1631
1627
1630
1630
1631
1635
1635
1634
1631
1636
1631
1635
1623
1687
1668
1660
1644
1645
1641
1642
1641
1638
1640
1640
1636
1636
1636
1635
1636
1636
1640
1636
1636
1637
1631
1631
1630
1610
1592
1550
1499
1460
1404
1353
1292
1289
1325
1390
1463
1521
1565
1592
1614
1636
1641
1649
1650
1655
1660
1662
1664
1666
1668
1672
1674
1673
1674
1673
1668
1670
1675
1675
1675
1674
1676
1680
1683
1673
1677
1681
1679
1682
1687
1680
1679
1688
1688
1683
1682
1686
1683
1685
1687
1686
1685
1681
1679
1674
1679
1677
1669
1669
1667
1660
1659
1655
1655
1649
1649
1645
1637
1636
1635
1640
1635
1634
1629
1634
1630
1635
1635
1635
1636
1635
1634
1635
1637
1631
1635
1630
1632
1631
1632
1628
1634
1632
1640
1638
1632
1627
1632
1636
1635
1636
1632
1637
1636
1638
1637
1636
1637
1641
1644
1641
1645
1642
1643
1645
1645
1649
1641
1648
1643
1649
1650
1649
1651
1643
1645
1645
1642
1644
1638
1644
1643
1642
1640
1643
1640
1641
1642
1645
1642
1640
1638
1631
1631
1630
1631
1628
1635
1634
1638
1635
1634
1635
1631
1636
1636
1637
1636
1638
1641
1641
1640
1640
1642
1640
1640
1641
1642
1640
1636
1638
1640
1637
1631
1636
1635
1631
1630
1631
1627
1614
1589
1559
1519
1461
1389
1333
1299
1282
1319
1385
1457
1524
1572
1598
1622
1631
1649
1650
1662
1663
1663
1663
1669
1672
1670
1673
1672
1670
1674
1676
1674
1676
1679
1677
1681
1681
1677
1679
1679
1677
1679
1685
1688
1688
1689
1692
1688
1692
1687
1686
1688
1690
1692
1688
1687
1687
1683
1685
1688
1687
1681
1681
1677
1676
1673
1668
1662
1660
1656
1655
1651
1650
1650
1649
1649
1641
1641
1641
1641
1641
1640
1637
1636
1641
1638
1643
1640
1640
1638
1636
1630
1632
1635
1635
1641
1641
1645
1641
1640
1640
1640
1640
1641
1643
1642
1645
1644
1644
1641
1640
1642
1644
1644
1643
1645
1648
1649
1650
1650
1647
1649
1650
1650
1648
1649
1647
1649
1644
1642
1653
1649
1649
1647
1645
1645
1645
1645
1641
1643
1638
1640
1636
1636
1635
1636
1638
1641
1640
1638
1640
1638
1640
1636
1640
1638
1642
1640
1644
1643
1641
1641
1641
1642
1642
1642
1638
1641
1643
1642
1641
1641
1640
1642
1643
1643
1642
1641
1640
1636
1628
1602
1560
1515
1464
1398
1340
1293
1261
1283
1350
1424
1506
1551
1586
1608
1631
1641
1650
1654
1660
1663
1667
1668
1666
1669
1674
1674
1674
1673
1669
1674
1679
1677
1676
1674
1677
1677
1681
1679
1680
1680
1683
1679
1675
1682
1680
1680
1686
1687
1683
1686
1686
1681
1686
1687
1685
1686
1687
1687
1680
1679
1679
1677
1668
1668
1667
1663
1660
1655
1659
1653
1654
1643
1643
1637
1640
1638
1641
1641
1635
1636
1638
1640
1637
1636
1635
1636
1632
1636
1635
1631
1631
1631
1631
1631
1635
1631
1635
1636
1640
1640
1638
1636
1637
1636
1635
1637
1632
1635
1638
1641
1643
1640
1640
1638
1641
1642
1641
1645
1641
1645
1645
1647
1642
1641
1643
1642
1644
1643
1645
1643
1642
1645
1638
1638
1637
1642
1640
1642
1640
1634
1635
1634
1630
1630
1634
1632
1642
1638
1641
1636
1635
1635
1635
1636
1640
1640
1632
1643
1641
1647
1638
1636
1631
1635
1631
1638
1636
1635
1640
1641
1645
1642
1638
1640
1640
1638
1636
1634
1621
1588
1546
1516
1460
1384
1319
1289
1286
1314
1383
1453
1512
1557
1586
1610
1624
1640
1649
1659
1661
1664
1667
1663
1668
1673
1673
1669
1668
1664
1667
1668
1666
1669
1672
1673
1677
1677
1676
1679
1681
1680
1681
1681
1679
1680
1683
1688
1683
1688
1686
1686
1687
1689
1688
1683
1682
1682
1687
1680
1679
1674
1676
1675
1673
1669
1664
1659
1655
1656
1660
1650
1648
1643
1636
1638
1634
1631
1629
1632
1628
1640
1636
1641
1631
1638
1635
1640
1634
1632
1635
1635
1635
1636
1638
1634
1636
1632
1634
1631
1631
1630
1635
1635
1634
1631
1635
1638
1643
1641
1637
1638
1636
1641
1638
1649
1642
1642
1645
1649
1649
1641
1643
1641
1642
1644
1645
1645
1644
1644
1647
1648
1644
1641
1644
1640
1641
1640
1640
1637
1635
1638
1641
1642
1632
1636
1631
1631
1627
1630
1627
1630
1630
1634
1635
1635
1634
1632
1635
1634
1636
1635
1634
1630
1635
1632
1636
1630
1634
1630
1635
1635
1631
1635
1635
1641
1636
1635
1634
1637
1635
1635
1630
1631
1622
1608
1572
1522
1475
1418
1359
1308
1290
1292
1348
1416
1483
1538
1572
1598
1616
1635
1645
1650
1654
1660
1655
1662
1662
1662
1664
1664
1668
1677
1667
1668
1668
1663
1668
1672
1673
1670
1673
1669
1677
1674
1676
1670
1677
1676
1679
1679
1682
1679
1681
1681
1683
1680
1680
1681
1677
1676
1680
1676
1673
1677
1674
1670
1669
1662
1659
1656
1651
1651
1650
1648
1645
1641
1638
1635
1631
1631
1634
1630
1630
1631
1631
1631
1635
1636
1641
1632
1635
1640
1638
1637
1636
1637
1630
1631
1630
1634
1631
1631
1635
1640
1641
1636
1640
1632
1635
1635
1637
1631
1636
1635
1642
1644
1643
1650
1649
1650
1649
1650
1645
1643
1645
1643
1649
1645
1645
1648
1644
1649
1648
1650
1643
1645
1648
1642
1641
1641
1642
1642
1642
1641
1640
1636
1636
1631
1668
1679
1660
1655
1650
1649
1643
1645
1641
1643
1642
1642
1641
1641
1642
1640
1644
1645
1643
1643
1640
1643
1636
1640
1640
1640
1641
1641
1644
1641
1642
1641
1640
1636
1627
1603
1567
1525
1483
1418
1378
1321
1285
1295
1366
1441
1503
1551
1586
1608
1631
1645
1654
1657
1662
1666
1669
1669
1668
1673
1673
1673
1670
1669
1672
1669
1672
1681
1681
1670
1674
1674
1674
1679
1679
1677
1679
1685
1687
1682
1680
1686
1687
1689
1688
1688
1687
1687
1686
1688
1688
1681
1680
1680
1681
1677
1673
1670
1672
1669
1673
1669
1662
1659
1653
1651
1642
1641
1640
1640
1641
1641
1638
1636
1634
1631
1638
1634
1634
1630
1635
1632
1636
1634
1636
1635
1637
1643
1636
1636
1634
1636
1635
1636
1635
1636
1636
1636
1640
1643
1640
1637
1641
1640
1638
1635
1641
1645
1643
1649
1647
1645
1645
1647
1647
1642
1645
1642
1645
1650
1653
1650
1644
1643
1641
1641
1641
1641
1645
1641
1645
1643
1649
1649
1641
1640
1638
1638
1635
1632
1631
1631
1630
1632
1636
1636
1636
1631
1636
1635
1638
1631
1636
1631
1635
1635
1635
1635
1637
1640
1643
1640
1641
1641
1640
1638
1640
1635
1636
1635
1636
1640
1641
1632
1634
1631
1625
1605
1552
1518
1470
1409
1357
1289
1263
1281
1351
1427
1506
1558
1589
1614
1631
1649
1654
1656
1660
1664
1669
1669
1672
1669
1673
1677
1679
1681
1677
1674
1679
1679
1675
1681
1681
1683
1680
1679
1682
1682
1683
1687
1686
1689
1695
1693
1690
1695
1692
1692
1688
1693
1692
1690
1694
1698
1692
1688
1693
1689
1682
1680
1676
1673
1673
1670
1667
1663
1659
1659
1659
1655
1650
1648
1645
1645
1645
1643
1643
1640
1636
1641
1679
1676
1668
1663
1657
1650
1645
1645
1642
1641
1641
1640
1641
1641
1641
1641
1645
1648
1643
1643
1643
1641
1645
1645
1644
1641
1648
1642
1649
1643
1648
1649
1649
1650
1650
1655
1654
1654
1655
1655
1650
1649
1649
1650
1650
1659
1654
1650
1649
1649
1644
1648
1653
1642
1647
1645
1645
1642
1640
1641
1641
1641
1637
1642
1641
1641
1643
1649
1645
1644
1645
1636
1641
1638
1641
1642
1643
1643
1643
1644
1645
1647
1642
1643
1643
1641
1644
1641
1643
1641
1647
1641
1643
1641
1641
1636
1621
1582
1534
1489
1432
1378
1328
1296
1280
1321
1390
1464
1528
1567
1590
1616
1635
1649
1653
1659
1669
1666
1669
1674
1669
1668
1668
1673
1672
1677
1673
1676
1677
1676
1673
1676
1676
1681
1680
1681
1681
1683
1686
1687
1681
1680
1681
1683
1683
1687
1688
1687
1687
1692
1692
1688
1683
1683
1688
1685
1683
1679
1677
1676
1673
1669
1669
1662
1656
1655
1657
1650
1645
1641
1635
1636
1636
1637
1635
1635
1635
1640
1638
1637
1640
1635
1637
1635
1636
1631
1635
1632
1634
1636
1632
1632
1635
1630
1632
1640
1636
1637
1635
1636
1635
1638
1638
1636
1636
1640
1642
1642
1644
1645
1645
1644
1643
1642
1642
1643
1645
1643
1650
1642
1643
1648
1653
1649
1648
1645
1642
1649
1647
1647
1644
1640
1638
1640
1636
1641
1641
1641
1640
1641
1635
1631
1629
1629
1631
1634
1632
1635
1635
1636
1636
1640
1643
1641
1641
1643
1645
1636
1640
1640
1641
1641
1640
1641
1636
1638
1640
1649
1643
1641
1638
1641
1636
1638
1640
1635
1635
1631
1627
1605
1563
1507
1475
1409
1347
1308
1274
1283
1352
1427
1494
1546
1574
1603
1627
1642
1650
1656
1659
1667
1664
1655
1660
1661
1662
1669
1673
1673
1674
1669
1674
1679
1679
1676
1677
1677
1677
1677
1679
1677
1681
1679
1679
1687
1688
1687
1688
1686
1692
1687
1686
1688
1685
1685
1687
1687
1679
1683
1679
1677
1676
1677
1674
1670
1669
1667
1662
1655
1654
1649
1645
1641
1640
1637
1638
1640
1637
1634
1632
1635
1631
1635
1634
1635
1630
1631
1631
1636
1635
1636
1636
1640
1641
1636
1637
1631
1635
1631
1635
1632
1634
1632
1640
1641
1643
1642
1642
1642
1640
1642
1644
1643
1641
1641
1647
1644
1643
1642
1643
1645
1643
1650
1648
1645
1644
1649
1647
1645
1644
1641
1642
1641
1643
1643
1643
1642
1643
1649
1643
1638
1640
1638
1637
1636
1641
1635
1635
1631
1634
1630
1631
1631
1632
1640
1635
1636
1630
1634
1630
1637
1635
1638
1635
1638
1636
1636
1637
1632
1635
1632
1640
1637
1638
1635
1636
1636
1638
1638
1631
1631
1636
1640
1635
1636
1624
1610
1570
1540
1483
1427
1380
1324
1309
1308
1344
1409
1479
1535
1565
1590
1612
1630
1636
1648
1655
1655
1660
1664
1664
1663
1663
1660
1662
1662
1662
1668
1669
1668
1673
1673
1675
1673
1668
1668
1673
1674
1673
1677
1674
1673
1680
1681
1676
1679
1680
1683
1681
1680
1683
1679
1679
1679
1679
1679
1676
1681
1677
1674
1672
1669
1663
1657
1655
1654
1645
1645
1640
1641
1635
1637
1636
1635
1630
1636
1640
1632
1636
1635
1636
1631
1635
1631
1635
1636
1636
1637
1644
1641
1635
1636
1631
1636
1631
1636
1630
1636
1637
1642
1638
1638
1640
1640
1648
1641
1645
1643
1645
1648
1644
1644
1642
1648
1649
1649
1649
1648
1650
1648
1654
1651
1650
1650
1650
1653
1649
1649
1648
1645
1645
1649
1634
1641
1643
1641
1640
1643
1641
1643
1641
1643
1640
1641
1635
1635
1632
1640
1642
1641
1640
1640
1643
1641
1641
1640
1638
1640
1641
1643
1643
1642
1641
1641
1643
1642
1645
1642
1643
1643
1649
1645
1643
1645
1642
1642
1644
1645
1644
1641
1640
1630
1602
1564
1513
1460
1397
1343
1313
1292
1328
1395
1466
1535
1573
1598
1621
1635
1645
1659
1662
1667
1670
1673
1679
1673
1673
1673
1679
1676
1677
1679
1675
1675
1679
1679
1679
1679
1682
1683
1686
1687
1689
1687
1683
1685
1687
1688
1690
1686
1685
1692
1688
1687
1688
1692
1692
1692
1694
1695
1685
1683
1685
1679
1673
1674
1669
1669
1669
1668
1663
1659
1651
1649
1643
1640
1636
1641
1638
1640
1640
1640
1637
1641
1643
1640
1637
1635
1640
1638
1641
1641
1641
1640
1640
1641
1638
1637
1635
1636
1641
1640
1641
1640
1644
1641
1642
1644
1641
1642
1643
1643
1643
1649
1649
1644
1645
1647
1647
1644
1643
1650
1643
1643
1647
1649
1649
1647
1650
1649
1650
1648
1647
1649
1644
1643
1640
1641
1637
1641
1640
1643
1636
1631
1634
1630
1635
1632
1638
1637
1641
1644
1641
1640
1630
1636
1636
1638
1637
1640
1641
1643
1645
1641
1638
1636
1637
1640
1641
1642
1640
1641
1638
1641
1641
1641
1640
1638
1640
1636
1624
1601
1546
1496
1445
1384
1327
1259
1257
1286
1359
1437
1511
1560
1592
1615
1636
1645
1650
1655
1663
1668
1672
1668
1669
1673
1673
1673
1673
1670
1669
1673
1676
1676
1674
1673
1679
1679
1672
1679
1679
1681
1683
1687
1687
1687
1685
1683
1683
1687
1687
1688
1686
1692
1692
1687
1680
1680
1679
1681
1680
1679
1674
1674
1675
1670
1669
1661
1657
1654
1650
1645
1647
1630
1634
1641
1641
1638
1632
1631
1632
1634
1628
1635
1635
1632
1630
1631
1630
1636
1630
1632
1631
1635
1631
1631
1630
1628
1630
1630
1631
1627
1629
1631
1634
1631
1635
1631
1635
1635
1641
1641
1640
1641
1641
1643
1640
1641
1637
1640
1638
1641
1641
1640
1643
1643
1645
1640
1636
1634
1637
1640
1641
1643
1636
1632
1637
1637
1634
1636
1631
1629
1630
1631
1629
1629
1625
1629
1625
1631
1627
1627
1627
1630
1629
1631
1631
1634
1625
1631
1630
1631
1625
1627
1624
1631
1632
1631
1634
1629
1629
1624
1627
1625
1631
1635
1630
1629
1629
1622
1622
1602
1567
1522
1469
1403
1352
1305
1281
1274
1327
1398
1469
1526
1560
1583
1606
1623
1631
1640
1645
1649
1650
1655
1655
1659
1657
1659
1660
1660
1659
1659
1659
1662
1664
1670
1668
1664
1663
1666
1664
1664
1666
1664
1668
1673
1675
1676
1677
1677
1673
1674
1674
1673
1674
1674
1674
1677
1677
1676
1670
1664
1663
1656
1655
1654
1650
1649
1650
1649
1645
1636
1638
1630
1631
1624
1627
1623
1627
1622
1627
1623
1622
1619
1621
1617
1621
1616
1625
1625
1622
1622
1624
1622
1622
1622
1627
1624
1622
1621
1622
1622
1625
1623
1627
1625
1625
1625
1627
1627
1627
1630
1631
1631
1630
1631
1636
1636
1637
1641
1635
1636
1638
1631
1635
1636
1635
1632
1636
1636
1641
1631
1631
1630
1632
1630
1631
1630
1627
1631
1631
1631
1628
1627
1623
1624
1621
1621
1622
1627
1625
1631
1631
1630
1622
1624
1624
1629
1629
1629
1630
1630
1631
1635
1630
1627
1630
1632
1629
1632
1630
1631
1627
1627
1628
1629
1627
1631
1629
1630
1631
1627
1614
1589
1559
1507
1460
1404
1337
1301
1272
1307
1359
1506
1553
1578
1597
1619
1629
1634
1640
1648
1648
1650
1654
1653
1656
1659
1660
1662
1659
1660
1664
1664
1660
1661
1660
1663
1668
1669
1670
1669
1667
1670
1673
1670
1668
1668
1672
1673
1679
1677
1679
1677
1680
1681
1677
1675
1673
1674
1673
1675
1673
1669
1667
1667
1662
1659
1650
1649
1649
1644
1643
1641
1634
1630
1629
1630
1627
1624
1622
1624
1624
1627
1629
1627
1625
1630
1631
1625
1624
1624
1627
1627
1629
1624
1622
1623
1624
1625
1629
1632
1627
1627
1629
1627
1627
1627
1629
1625
1634
1631
1635
1630
1634
1631
1634
1634
1635
1636
1635
1638
1638
1638
1631
1638
1635
1640
1636
1635
1631
1636
1636
1635
1636
1627
1627
1630
1630
1624
1627
1625
1627
1622
1624
1617
1617
1616
1619
1622
1621
1621
1624
1622
1628
1624
1627
1622
1624
1624
1627
1623
1621
1624
1624
1624
1624
1624
1627
1625
1628
1630
1630
1629
1625
1629
1627
1623
1623
1622
1617
1612
1596
1559
1524
1462
1414
1350
1307
1286
1298
1351
1411
1486
1540
1567
1592
1611
1624
1632
1641
1643
1642
1649
1655
1657
1655
1649
1656
1651
1656
1659
1654
1660
1663
1662
1666
1664
1663
1659
1662
1664
1668
1668
1668
1668
1666
1668
1673
1668
1668
1669
1669
1673
1675
1673
1673
1673
1673
1674
1668
1664
1663
1660
1660
1660
1656
1655
1654
1649
1645
1637
1636
1635
1631
1630
1630
1627
1627
1622
1627
1624
1625
1625
1624
1624
1623
1622
1624
1622
1623
1621
1629
1623
1627
1624
1629
1625
1623
1622
1629
1624
1630
1627
1631
1629
1627
1631
1636
1632
1629
1630
1631
1638
1632
1637
1635
1636
1634
1638
1635
1636
1634
1638
1643
1643
1644
1640
1641
1640
1641
1635
1637
1625
1674
1659
1653
1648
1642
1642
1637
1640
1635
1631
1624
1625
1622
1627
1624
1625
1628
1632
1634
1635
1627
1630
1631
1632
1630
1631
1631
1629
1630
1631
1634
1632
1631
1630
1636
1631
1635
1629
1634
1629
1634
1632
1630
1629
1630
1627
1629
1624
1612
1583
1540
1494
1448
1377
1313
1277
1264
1305
1378
1461
1521
1563
1592
1616
1635
1644
1650
1651
1651
1655
1655
1659
1663
1662
1662
1664
1662
1663
1670
1667
1668
1666
1664
1669
1669
1668
1672
1668
1668
1674
1676
1674
1677
1674
1679
1680
1679
1676
1679
1674
1675
1677
1677
1675
1679
1679
1676
1674
1677
1675
1672
1664
1662
1660
1653
1649
1645
1645
1643
1641
1641
1635
1636
1631
1631
1625
1629
1623
1625
1624
1624
1624
1622
1622
1630
1631
1630
1624
1630
1627
1628
1630
1629
1628
1630
1627
1629
1629
1624
1627
1631
1631
1631
1632
1630
1632
1630
1636
1638
1636
1632
1635
1635
1632
1636
1636
1638
1636
1640
1640
1638
1636
1635
1636
1637
1640
1635
1640
1636
1640
1630
1630
1627
1625
1622
1627
1625
1628
1627
1624
1629
1631
1631
1628
1631
1629
1631
1627
1631
1628
1632
1630
1630
1630
1629
1627
1632
1635
1631
1630
1631
1631
1630
1631
1631
1631
1629
1624
1619
1612
1603
1551
1518
1473
1404
1357
1296
1268
1267
1337
1406
1480
1537
1572
1592
1617
1631
1640
1643
1653
1653
1655
1655
1655
1657
1660
1662
1666
1668
1664
1664
1667
1668
1663
1662
1667
1669
1673
1675
1670
1672
1669
1674
1674
1674
1673
1673
1676
1679
1679
1679
1679
1677
1677
1679
1676
1674
1677
1675
1673
1674
1672
1668
1666
1663
1661
1650
1649
1644
1643
1641
1636
1634
1631
1629
1630
1632
1636
1634
1629
1644
1637
1638
1634
1631
1630
1631
1627
1630
1624
1627
1627
1627
1625
1630
1627
1629
1627
1634
1631
1630
1627
1630
1629
1630
1631
1634
1635
1635
1635
1636
1636
1632
1635
1634
1632
1634
1635
1635
1638
1636
1641
1643
1637
1641
1640
1640
1632
1635
1631
1635
1636
1636
1637
1631
1624
1621
1622
1621
1618
1623
1623
1627
1627
1630
1630
1627
1629
1631
1632
1627
1630
1625
1627
1627
1627
1624
1627
1627
1630
1628
1627
1627
1630
1625
1628
1625
1627
1627
1631
1630
1634
1623
1621
1608
1582
1539
1511
1445
1385
1327
1295
1270
1298
1359
1421
1492
1539
1572
1597
1619
1630
1641
1643
1643
1649
1649
1654
1659
1655
1656
1657
1655
1659
1663
1660
1662
1662
1662
1664
1668
1669
1669
1664
1668
1668
1668
1668
1669
1668
1670
1673
1673
1672
1673
1670
1681
1677
1673
1668
1672
1670
1669
1669
1664
1664
1664
1663
1662
1657
1653
1645
1645
1641
1637
1634
1629
1628
1628
1627
1622
1622
1618
1630
1624
1625
1621
1621
1618
1623
1621
1622
1619
1624
1624
1627
1624
1621
1622
1624
1622
1629
1628
1624
1622
1623
1618
1622
1617
1623
1621
1627
1627
1630
1625
1631
1630
1634
1632
1631
1630
1631
1634
1635
1640
1632
1635
1632
1634
1631
1631
1630
1631
1635
1630
1630
1630
1632
1632
1637
1631
1630
1623
1623
1622
1621
1614
1622
1621
1624
1623
1627
1621
1625
1623
1627
1627
1625
1627
1628
1627
1631
1631
1627
1628
1631
1630
1628
1629
1625
1628
1629
1630
1627
1627
1622
1627
1622
1625
1621
1612
1598
1560
1522
1477
1417
1360
1306
1282
1292
1337
1411
1480
1534
1566
1595
1611
1629
1637
1642
1645
1649
1653
1655
1659
1663
1663
1661
1663
1651
1643
1654
1654
1657
1655
1661
1662
1663
1664
1669
1663
1667
1669
1669
1673
1673
1672
1670
1673
1674
1673
1673
1674
1674
1679
1673
1670
1669
1669
1670
1672
1668
1668
1664
1662
1655
1650
1654
1645
1647
1642
1642
1635
1631
1631
1630
1628
1627
1624
1627
1627
1629
1627
1625
1630
1630
1630
1631
1627
1623
1625
1629
1627
1628
1624
1629
1627
1630
1629
1627
1627
1627
1629
1629
1629
1630
1630
1630
1635
1630
1631
1630
1634
1631
1635
1634
1631
1637
1637
1640
1636
1634
1635
1636
1635
1636
1634
1635
1631
1635
1636
1635
1634
1631
1634
1632
1638
1630
1631
1622
1624
1619
1623
1621
1624
1623
1629
1627
1631
1627
1630
1629
1635
1630
1630
1627
1624
1627
1629
1627
1627
1629
1628
1630
1631
1632
1630
1631
1630
1634
1628
1629
1627
1630
1625
1627
1624
1611
1584
1545
1512
1456
1395
1327
1295
1292
1331
1389
1455
1518
1560
1586
1605
1625
1632
1640
1643
1651
1659
1659
1657
1659
1656
1659
1659
1659
1660
1664
1664
1663
1663
1664
1667
1668
1669
1670
1669
1674
1674
1673
1673
1674
1674
1668
1676
1677
1676
1676
1675
1676
1680
1682
1676
1676
1674
1675
1674
1676
1669
1667
1663
1664
1660
1653
1650
1650
1644
1643
1642
1638
1634
1631
1630
1632
1624
1630
1628
1631
1630
1631
1631
1629
1627
1630
1631
1630
1627
1630
1631
1629
1632
1628
1630
1629
1636
1629
1634
1630
1634
1631
1636
1635
1635
1632
1634
1636
1636
1636
1636
1641
1641
1642
1643
1641
1641
1641
1645
1644
1641
1640
1641
1645
1645
1649
1641
1640
1641
1640
1643
1641
1640
1640
1644
1644
1643
1640
1640
1635
1634
1628
1629
1630
1630
1638
1635
1632
1640
1636
1636
1638
1632
1623
1624
1627
1631
1631
1634
1632
1636
1636
1640
1636
1636
1630
1632
1630
1632
1630
1634
1631
1635
1635
1638
1636
1625
1604
1570
1533
1483
1431
1366
1313
1275
1282
1343
1404
1480
1540
1578
1601
1623
1634
1645
1656
1659
1662
1664
1660
1667
1668
1673
1672
1674
1669
1673
1674
1670
1674
1673
1670
1674
1679
1673
1677
1675
1679
1680
1679
1679
1680
1680
1685
1687
1687
1686
1681
1683
1683
1683
1686
1686
1682
1683
1687
1682
1674
1674
1669
1666
1666
1664
1660
1660
1656
1655
1650
1649
1641
1641
1640
1635
1635
1634
1635
1631
1631
1634
1631
1628
1631
1634
1634
1630
1635
1636
1640
1637
1636
1634
1630
1631
1636
1635
1636
1637
1640
1638
1636
1636
1637
1635
1636
1635
1636
1636
1638
1640
1640
1644
1645
1648
1643
1645
1643
1645
1645
1644
1641
1640
1641
1644
1644
1641
1640
1643
1640
1643
1641
1643
1641
1641
1643
1643
1637
1630
1635
1631
1632
1631
1632
1635
1638
1635
1638
1638
1634
1631
1634
1635
1635
1640
1636
1637
1637
1640
1642
1638
1636
1636
1635
1634
1635
1635
1636
1636
1638
1637
1634
1634
1631
1627
1624
1605
1579
1525
1479
1429
1359
1312
1263
1276
1328
1402
1475
1538
1577
1603
1622
1640
1642
1647
1654
1655
1664
1663
1668
1668
1669
1668
1670
1667
1667
1668
1670
1673
1670
1672
1673
1673
1679
1677
1679
1677
1677
1683
1683
1681
1681
1683
1683
1681
1681
1682
1683
1683
1688
1692
1685
1683
1681
1679
1679
1679
1673
1669
1668
1667
1669
1661
1657
1654
1649
1654
1644
1641
1636
1636
1635
1640
1638
1634
1636
1638
1636
1632
1638
1638
1641
1635
1638
1635
1631
1630
1632
1631
1631
1636
1635
1627
1699
1681
1660
1653
1645
1649
1641
1642
1640
1641
1642
1640
1642
1642
1643
1638
1642
1644
1648
1645
1643
1645
1644
1648
1647
1649
1649
1644
1647
1645
1645
1643
1643
1645
1643
1645
1641
1642
1640
1636
1635
1634
1630
1631
1632
1638
1638
1643
1640
1637
1641
1640
1642
1636
1635
1636
1640
1635
1640
1637
1640
1636
1636
1638
1636
1640
1636
1641
1636
1641
1641
1640
1636
1638
1637
1635
1631
1627
1614
1589
1544
1489
1435
1370
1338
1286
1270
1302
1370
1445
1511
1556
1583
1606
1627
1635
1648
1647
1654
1660
1662
1667
1669
1667
1668
1664
1669
1669
1667
1666
1669
1672
1669
1673
1673
1672
1673
1676
1674
1675
1677
1677
1681
1681
1679
1677
1680
1679
1679
1681
1680
1681
1681
1683
1679
1681
1675
1674
1668
1669
1669
1668
1664
1662
1659
1654
1651
1648
1648
1645
1641
1640
1635
1632
1623
1629
1625
1630
1627
1630
1631
1631
1632
1631
1630
1627
1630
1631
1631
1628
1630
1631
1632
1635
1636
1631
1631
1627
1630
1631
1630
1629
1630
1635
1632
1638
1638
1640
1636
1638
1638
1638
1641
1637
1641
1643
1642
1641
1645
1643
1642
1645
1641
1640
1643
1640
1636
1638
1641
1637
1640
1636
1643
1636
1629
1630
1630
1624
1627
1627
1625
1629
1630
1635
1635
1635
1632
1638
1635
1638
1631
1635
1636
1637
1636
1636
1632
1630
1632
1636
1636
1638
1638
1635
1634
1636
1636
1635
1634
1634
1636
1636
1634
1635
1627
1608
1586
1546
1486
1435
1361
1339
1300
1306
1345
1403
1473
1530
1567
1592
1611
1629
1635
1644
1649
1654
1660
1663
1663
1662
1664
1667
1668
1674
1670
1670
1663
1673
1672
1673
1670
1673
1673
1676
1679
1679
1677
1677
1674
1679
1690
1700
1689
1692
1688
1688
1688
1687
1681
1680
1680
1676
1681
1681
1675
1674
1669
1668
1669
1659
1656
1654
1651
1650
1645
1645
1641
1640
1635
1637
1630
1634
1631
1635
1636
1636
1632
1632
1642
1634
1631
1631
1631
1634
1636
1631
1636
1630
1634
1631
1641
1636
1636
1635
1635
1636
1636
1635
1635
1637
1636
1635
1636
1636
1638
1640
1642
1645
1644
1641
1643
1644
1645
1649
1645
1645
1641
1642
1642
1644
1643
1642
1641
1641
1645
1642
1643
1637
1637
1640
1636
1634
1635
1634
1636
1638
1634
1632
1630
1635
1635
1635
1631
1632
1632
1634
1634
1636
1638
1632
1635
1635
1634
1631
1635
1630
1641
1636
1637
1635
1632
1631
1632
1636
1636
1636
1636
1640
1637
1635
1631
1629
1606
1583
1546
1499
1456
1385
1339
1300
1307
1339
1399
1467
1526
1567
1588
1610
1627
1637
1649
1650
1653
1660
1660
1664
1667
1663
1663
1663
1667
1666
1663
1664
1664
1666
1674
1676
1676
1673
1673
1676
1677
1674
1674
1674
1677
1679
1676
1679
1681
1677
1679
1681
1681
1681
1682
1681
1679
1679
1680
1669
1669
1666
1663
1664
1661
1660
1660
1655
1650
1645
1638
1636
1631
1635
1635
1634
1629
1630
1625
1631
1630
1630
1630
1635
1632
1634
1630
1630
1630
1630
1632
1634
1635
1631
1635
1634
1637
1631
1635
1631
1634
1632
1632
1631
1635
1635
1642
1645
1641
1640
1642
1641
1641
1640
1642
1641
1642
1640
1647
1647
1641
1645
1645
1650
1643
1644
1642
1645
1649
1647
1645
1638
1636
1642
1641
1641
1641
1642
1636
1635
1632
1635
1630
1634
1636
1643
1638
1637
1641
1640
1641
1640
1641
1637
1640
1640
1641
1644
1641
1641
1641
1642
1640
1642
1638
1637
1640
1642
1640
1623
1630
1636
1638
1635
1636
1634
1629
1609
1580
1534
1499
1432
1383
1300
1285
1290
1351
1415
1488
1545
1582
1601
1623
1640
1647
1656
1660
1667
1669
1674
1673
1672
1670
1673
1673
1673
1674
1679
1677
1674
1679
1680
1681
1683
1680
1676
1679
1687
1688
1688
1686
1686
1688
1688
1688
1688
1688
1693
1692
1692
1696
1693
1686
1683
1687
1686
1681
1681
1677
1679
1679
1673
1668
1662
1660
1660
1656
1657
1651
1648
1649
1642
1643
1641
1640
1634
1631
1636
1636
1640
1632
1640
1636
1641
1635
1635
1635
1636
1637
1640
1640
1640
1640
1641
1640
1638
1640
1636
1638
1638
1638
1637
1636
1643
1643
1642
1641
1641
1643
1641
1650
1648
1643
1642
1641
1643
1645
1647
1645
1648
1651
1644
1645
1643
1642
1637
1641
1641
1637
1631
1634
1634
1631
1636
1636
1634
1635
1640
1640
1636
1641
1641
1643
1643
1643
1640
1641
1638
1641
1641
1640
1641
1640
1643
1641
1643
1636
1636
1640
1638
1643
1641
1641
1643
1641
1635
1636
1635
1612
1574
1532
1488
1429
1356
1298
1267
1272
1332
1403
1477
1539
1577
1602
1622
1634
1641
1651
1653
1660
1662
1662
1664
1668
1668
1673
1668
1669
1669
1669
1667
1673
1672
1676
1676
1679
1675
1679
1676
1677
1679
1681
1681
1681
1683
1682
1681
1681
1683
1682
1683
1687
1688
1685
1687
1688
1681
1679
1683
1676
1670
1669
1667
1667
1663
1661
1660
1659
1650
1645
1642
1641
1638
1641
1637
1637
1630
1636
1635
1636
1635
1638
1636
1632
1637
1640
1640
1637
1631
1631
1636
1636
1635
1632
1631
1634
1641
1641
1636
1636
1636
1637
1641
1643
1640
1640
1640
1643
1642
1638
1643
1642
1647
1645
1649
1643
1645
1644
1643
1649
1599
1573
1593
1615
1622
1631
1641
1638
1642
1640
1643
1641
1640
1641
1642
1643
1638
1640
1631
1634
1630
1631
1635
1632
1631
1636
1635
1637
1638
1636
1638
1638
1644
1636
1640
1636
1640
1643
1643
1638
1637
1640
1635
1642
1641
1642
1636
1641
1641
1641
1637
1638
1636
1637
1638
1630
1606
1576
1532
1476
1430
1360
1313
1281
1299
1353
1416
1490
1535
1577
1601
1624
1635
1643
1649
1654
1660
1667
1667
1664
1668
1669
1673
1669
1668
1667
1669
1669
1673
1674
1670
1669
1674
1675
1676
1674
1675
1674
1683
1681
1679
1679
1679
1679
1681
1682
1681
1680
1686
1683
1682
1683
1676
1674
1672
1674
1673
1670
1668
1666
1664
1660
1659
1651
1649
1648
1644
1641
1635
1635
1630
1631
1627
1632
1627
1629
1629
1635
1634
1630
1631
1630
1634
1630
1635
1631
1634
1631
1634
1631
1634
1631
1634
1629
1629
1629
1630
1630
1630
1631
1635
1635
1634
1637
1635
1642
1641
1641
1642
1641
1641
1642
1644
1640
1641
1644
1642
1645
1643
1647
1644
1641
1645
1642
1641
1638
1643
1632
1634
1635
1637
1638
1636
1640
1632
1629
1623
1621
1629
1631
1631
1632
1627
1629
1629
1632
1630
1632
1635
1640
1644
1635
1637
1636
1638
1635
1636
1631
1631
1635
1636
1640
1637
1641
1635
1636
1637
1641
1632
1636
1637
1635
1631
1621
1593
1550
1518
1480
1423
1361
1311
1300
1309
1377
1436
1507
1548
1579
1598
1623
1641
1643
1650
1655
1657
1657
1656
1659
1667
1668
1669
1669
1668
1669
1668
1670
1672
1670
1672
1674
1677
1674
1674
1679
1673
1674
1675
1677
1677
1681
1686
1683
1688
1687
1681
1682
1681
1687
1683
1680
1677
1679
1681
1675
1674
1668
1666
1664
1667
1662
1631
1632
1637
1640
1635
1636
1638
1635
1635
1635
1636
1635
1631
1631
1636
1636
1631
1631
1631
1635
1630
1631
1634
1630
1630
1631
1630
1631
1632
1634
1634
1635
1641
1635
1635
1635
1636
1638
1637
1635
1638
1642
1640
1643
1640
1643
1640
1645
1643
1642
1641
1643
1648
1643
1653
1649
1647
1641
1645
1647
1645
1645
1643
1641
1640
1643
1644
1640
1638
1638
1645
1641
1637
1631
1636
1630
1631
1628
1634
1627
1631
1631
1635
1632
1636
1636
1634
1642
1635
1636
1634
1636
1632
1640
1635
1632
1634
1634
1636
1637
1635
1640
1636
1638
1638
1634
1627
1629
1629
1630
1635
1634
1631
1630
1618
1586
1532
1482
1434
1371
1322
1289
1298
1338
1405
1474
1537
1570
1593
1616
1635
1645
1649
1650
1655
1656
1659
1660
1663
1662
1664
1664
1669
1670
1672
1673
1672
1669
1673
1669
1669
1668
1673
1674
1677
1677
1675
1681
1681
1677
1679
1677
1679
1680
1682
1682
1682
1680
1682
1681
1681
1685
1680
1679
1677
1676
1672
1668
1660
1662
1660
1657
1654
1649
1648
1643
1644
1640
1635
1630
1631
1634
1631
1630
1631
1631
1625
1632
1636
1635
1632
1631
1630
1635
1635
1631
1635
1634
1632
1635
1635
1630
1635
1638
1640
1641
1641
1642
1641
1641
1640
1640
1640
1641
1645
1643
1648
1645
1644
1642
1643
1642
1644
1649
1645
1653
1650
1650
1650
1649
1649
1649
1654
1656
1648
1648
1645
1649
1644
1641
1649
1641
1641
1638
1645
1648
1645
1645
1644
1643
1636
1636
1631
1632
1634
1642
1643
1642
1641
1642
1641
1640
1641
1641
1644
1642
1644
1643
1641
1648
1643
1649
1645
1643
1641
1642
1642
1642
1644
1641
1645
1643
1645
1641
1643
1641
1635
1636
1617
1590
1560
1550
1473
1378
1332
1301
1286
1337
1404
1480
1544
1580
1608
1627
1645
1654
1663
1664
1669
1672
1673
1669
1673
1669
1673
1674
1680
1677
1677
1679
1679
1680
1682
1679
1683
1682
1681
1686
1688
1683
1686
1686
1688
1689
1693
1688
1693
1694
1694
1698
1696
1692
1693
1695
1688
1688
1687
1687
1686
1686
1681
1677
1676
1674
1664
1664
1660
1659
1655
1650
1649
1642
1644
1643
1643
1642
1642
1642
1641
1640
1637
1641
1640
1638
1636
1640
1643
1643
1643
1641
1641
1640
1641
1643
1641
1640
1636
1642
1643
1647
1643
1644
1641
1641
1645
1643
1643
1643
1650
1650
1645
1647
1644
1649
1648
1649
1650
1645
1650
1649
1650
1647
1645
1649
1645
1649
1648
1648
1643
1644
1644
1643
1649
1650
1644
1641
1641
1641
1635
1632
1630
1634
1638
1637
1641
1636
1638
1636
1642
1643
1648
1643
1641
1636
1641
1643
1640
1641
1637
1642
1644
1645
1645
1643
1645
1640
1642
1641
1641
1641
1641
1642
1642
1642
1635
1635
1621
1596
1559
1519
1453
1385
1326
1285
1263
1290
1370
1450
1518
1564
1589
1614
1634
1649
1657
1659
1659
1663
1667
1667
1663
1670
1669
1673
1673
1669
1673
1669
1670
1674
1674
1672
1674
1679
1679
1680
1680
1679
1681
1682
1681
1687
1687
1689
1687
1688
1686
1685
1686
1687
1688
1690
1685
1687
1687
1680
1679
1674
1669
1676
1670
1669
1669
1664
1659
1650
1645
1645
1645
1644
1638
1640
1635
1640
1636
1637
1632
1631
1634
1635
1635
1632
1635
1637
1641
1641
1638
1631
1632
1635
1638
1636
1636
1635
1635
1640
1638
1637
1638
1641
1641
1641
1640
1640
1645
1641
1644
1642
1644
1643
1643
1647
1649
1649
1644
1649
1644
1645
1645
1643
1644
1623
1638
1641
1636
1638
1641
1641
1640
1641
1640
1643
1642
1641
1645
1640
1636
1630
1636
1631
1631
1631
1636
1640
1640
1641
1638
1636
1632
1640
1641
1641
1636
1638
1638
1641
1643
1641
1641
1637
1641
1643
1645
1641
1644
1645
1641
1641
1640
1642
1638
1641
1636
1638
1631
1616
1584
1534
1487
1443
1366
1309
1272
1272
1328
1401
1475
1537
1569
1593
1617
1631
1640
1648
1654
1660
1662
1667
1669
1669
1668
1669
1673
1673
1668
1674
1673
1674
1673
1673
1674
1674
1677
1676
1676
1676
1679
1681
1683
1679
1677
1681
1683
1681
1681
1681
1682
1682
1685
1683
1683
1679
1679
1679
1679
1676
1669
1668
1662
1659
1659
1656
1654
1650
1649
1645
1645
1641
1635
1636
1631
1634
1630
1627
1628
1630
1634
1634
1635
1631
1631
1631
1635
1631
1631
1630
1635
1632
1631
1630
1630
1631
1631
1637
1636
1632
1631
1640
1635
1634
1631
1632
1634
1632
1640
1638
1641
1641
1648
1645
1644
1645
1645
1648
1645
1649
1645
1642
1645
1642
1645
1644
1641
1641
1641
1641
1641
1640
1635
1636
1636
1643
1637
1638
1631
1635
1630
1631
1630
1622
1625
1625
1627
1631
1631
1630
1636
1635
1632
1632
1631
1630
1631
1632
1635
1635
1631
1635
1631
1635
1634
1635
1632
1632
1635
1631
1635
1636
1640
1637
1638
1632
1630
1627
1622
1601
1577
1532
1489
1436
1371
1331
1290
1295
1347
1410
1479
1537
1572
1593
1615
1631
1636
1645
1650
1655
1655
1660
1668
1667
1662
1662
1662
1668
1663
1663
1669
1669
1673
1674
1674
1670
1673
1674
1679
1676
1676
1669
1674
1679
1680
1680
1683
1681
1681
1683
1683
1681
1683
1680
1679
1680
1681
1674
1679
1669
1669
1672
1668
1668
1664
1655
1629
1638
1640
1637
1635
1632
1635
1632
1631
1635
1634
1636
1634
1632
1631
1632
1634
1636
1631
1637
1634
1637
1631
1631
1631
1630
1630
1635
1638
1638
1641
1637
1641
1640
1637
1637
1638
1636
1635
1641
1641
1641
1641
1641
1645
1642
1645
1644
1649
1647
1647
1645
1643
1647
1649
1653
1650
1651
1649
1645
1645
1645
1650
1645
1648
1645
1642
1640
1641
1641
1642
1642
1641
1642
1636
1635
1631
1636
1635
1635
1640
1636
1637
1640
1644
1640
1641
1640
1643
1641
1641
1640
1636
1634
1635
1640
1635
1641
1640
1640
1644
1643
1644
1641
1642
1641
1645
1642
1641
1641
1638
1640
1635
1628
1606
1565
1512
1470
1415
1359
1300
1282
1307
1365
1431
1499
1556
1590
1611
1628
1641
1645
1657
1666
1664
1670
1669
1668
1673
1670
1669
1672
1669
1670
1676
1673
1673
1677
1681
1676
1679
1681
1679
1680
1680
1681
1680
1686
1687
1685
1688
1692
1687
1686
1686
1687
1683
1687
1688
1683
1689
1687
1685
1687
1683
1679
1674
1672
1669
1666
1663
1661
1659
1655
1650
1650
1642
1643
1641
1643
1636
1636
1635
1637
1634
1632
1636
1631
1635
1631
1638
1636
1641
1641
1641
1640
1635
1642
1637
1635
1632
1638
1638
1640
1641
1641
1640
1641
1644
1640
1640
1643
1641
1643
1644
1643
1642
1649
1650
1648
1648
1645
1650
1650
1653
1654
1648
1647
1644
1644
1648
1645
1650
1650
1655
1657
1650
1650
1643
1649
1642
1647
1650
1645
1650
1642
1645
1636
1635
1630
1636
1632
1641
1643
1643
1643
1642
1648
1645
1645
1641
1640
1643
1643
1645
1643
1647
1649
1648
1645
1645
1642
1641
1643
1643
1643
1640
1641
1645
1645
1650
1649
1644
1638
1635
1616
1583
1530
1495
1540
1527
1441
1365
1328
1374
1435
1507
1559
1586
1610
1630
1649
1655
1662
1663
1668
1675
1675
1674
1676
1677
1686
1677
1676
1679
1677
1680
1679
1679
1681
1686
1680
1683
1688
1692
1690
1693
1693
1692
1688
1693
1690
1692
1693
1695
1696
1698
1693
1695
1692
1692
1698
1694
1689
1689
1688
1683
1680
1680
1674
1673
1672
1668
1662
1660
1655
1660
1650
1648
1642
1645
1641
1638
1641
1640
1641
1640
1643
1643
1645
1643
1640
1640
1641
1643
1642
1641
1636
1641
1643
1643
1643
1643
1645
1644
1643
1641
1642
1641
1641
1648
1648
1650
1645
1645
1644
1645
1649
1645
1648
1649
1650
1650
1649
1649
1650
1649
1654
1649
1651
1649
1649
1650
1649
1648
1641
1645
1645
1645
1645
1643
1641
1636
1635
1631
1638
1636
1636
1640
1641
1643
1642
1637
1640
1643
1641
1640
1641
1638
1643
1640
1649
1641
1643
1643
1642
1644
1641
1643
1638
1640
1642
1641
1648
1643
1644
1641
1643
1642
1638
1630
1618
1582
1535
1493
1441
1388
1330
1293
1290
1328
1391
1462
1528
1565
1593
1617
1632
1643
1650
1655
1660
1662
1668
1670
1668
1669
1670
1670
1673
1673
1674
1672
1673
1672
1676
1675
1680
1679
1679
1679
1682
1683
1681
1679
1679
1686
1683
1680
1682
1690
1688
1687
1688
1692
1687
1687
1689
1692
1683
1679
1676
1673
1674
1670
1668
1663
1660
1660
1661
1655
1654
1649
1648
1641
1641
1638
1636
1636
1641
1641
1636
1638
1636
1637
1638
1636
1635
1635
1635
1638
1640
1635
1640
1636
1636
1641
1640
1644
1642
1644
1636
1643
1637
1640
1636
1638
1642
1643
1649
1644
1645
1642
1644
1649
1643
1645
1649
1654
1655
1656
1659
1654
1651
1651
1651
1654
1647
1651
1654
1627
1636
1637
1642
1641
1642
1643
1643
1643
1645
1650
1647
1644
1640
1635
1636
1634
1631
1631
1631
1636
1643
1641
1641
1641
1637
1636
1641
1644
1640
1642
1636
1643
1641
1642
1642
1645
1643
1641
1644
1647
1643
1642
1643
1643
1642
1641
1642
1643
1638
1638
1631
1610
1573
1540
1489
1416
1370
1321
1293
1296
1354
1422
1489
1545
1578
1603
1622
1635
1648
1653
1660
1664
1664
1666
1668
1664
1672
1666
1668
1673
1676
1675
1674
1676
1672
1674
1672
1676
1677
1677
1677
1679
1681
1681
1683
1681
1685
1683
1688
1688
1685
1680
1683
1683
1682
1683
1682
1681
1683
1679
1679
1679
1676
1673
1670
1668
1662
1660
1654
1651
1648
1644
1644
1641
1640
1636
1636
1636
1635
1630
1631
1634
1638
1632
1632
1634
1631
1631
1632
1630
1631
1635
1635
1636
1634
1631
1629
1631
1632
1635
1635
1637
1640
1636
1640
1638
1634
1631
1638
1640
1640
1640
1640
1643
1640
1641
1641
1640
1643
1641
1649
1643
1645
1642
1645
1649
1645
1644
1643
1640
1640
1641
1640
1638
1642
1641
1645
1634
1631
1624
1629
1627
1628
1629
1630
1631
1634
1635
1634
1636
1632
1632
1632
1640
1636
1632
1631
1631
1631
1631
1635
1634
1631
1629
1631
1631
1635
1631
1635
1636
1635
1635
1635
1630
1631
1628
1630
1617
1601
1560
1522
1480
1410
1351
1296
1281
1289
1352
1422
1492
1540
1570
1598
1617
1631
1644
1649
1654
1654
1655
1656
1660
1660
1661
1661
1662
1662
1664
1666
1673
1668
1669
1664
1663
1669
1668
1663
1668
1672
1673
1676
1674
1677
1675
1679
1677
1679
1672
1674
1675
1675
1677
1677
1679
1676
1677
1674
1673
1668
1663
1662
1657
1659
1657
1653
1650
1643
1642
1642
1687
1677
1663
1650
1645
1638
1632
1630
1631
1628
1631
1627
1623
1622
1625
1628
1629
1623
1627
1625
1627
1627
1629
1624
1624
1629
1625
1631
1631
1630
1625
1630
1629
1631
1627
1635
1634
1636
1635
1636
1635
1637
1636
1640
1635
1638
1635
1636
1644
1641
1641
1640
1636
1638
1640
1636
1638
1635
1634
1636
1638
1637
1635
1636
1631
1631
1631
1631
1630
1632
1628
1630
1627
1623
1616
1619
1621
1625
1624
1624
1622
1624
1623
1624
1622
1623
1624
1630
1630
1627
1627
1625
1624
1627
1628
1629
1629
1627
1623
1622
1623
1627
1623
1627
1627
1631
1627
1624
1623
1622
1618
1608
1578
1539
1482
1428
1380
1319
1290
1285
1322
1391
1464
1521
1556
1583
1603
1623
1631
1638
1643
1651
1655
1653
1653
1655
1649
1657
1660
1660
1653
1654
1655
1660
1657
1661
1660
1662
1664
1667
1669
1669
1667
1669
1669
1669
1672
1673
1672
1674
1676
1674
1674
1674
1668
1674
1674
1673
1672
1669
1668
1668
1668
1660
1659
1651
1657
1653
1650
1645
1644
1641
1635
1636
1630
1624
1624
1628
1624
1627
1622
1623
1621
1623
1623
1623
1622
1624
1622
1624
1624
1624
1622
1622
1619
1625
1623
1624
1624
1628
1627
1627
1624
1625
1627
1627
1627
1627
1624
1624
1631
1630
1634
1631
1635
1627
1632
1635
1635
1631
1632
1640
1637
1641
1636
1635
1631
1631
1634
1632
1634
1635
1631
1631
1634
1637
1630
1630
1632
1634
1635
1632
1635
1627
1624
1627
1624
1621
1624
1622
1625
1630
1631
1627
1629
1630
1630
1623
1630
1630
1631
1635
1635
1635
1630
1635
1634
1635
1634
1635
1630
1636
1631
1631
1629
1631
1624
1630
1629
1630
1622
1627
1617
1595
1560
1511
1451
1379
1324
1391
1363
1378
1408
1464
1530
1570
1592
1617
1627
1637
1644
1651
1650
1654
1663
1664
1660
1663
1662
1660
1662
1669
1669
1667
1663
1664
1667
1669
1669
1669
1668
1669
1669
1672
1675
1673
1674
1680
1680
1681
1681
1679
1680
1681
1682
1679
1679
1680
1679
1680
1679
1676
1679
1673
1669
1669
1668
1662
1661
1656
1654
1649
1648
1643
1641
1638
1632
1631
1629
1625
1628
1631
1629
1625
1624
1628
1624
1627
1625
1630
1629
1630
1630
1631
1630
1631
1627
1631
1627
1629
1624
1623
1624
1630
1630
1630
1629
1631
1631
1630
1630
1631
1631
1631
1634
1632
1637
1632
1636
1635
1636
1635
1638
1636
1635
1636
1636
1641
1635
1636
1634
1632
1631
1635
1629
1630
1630
1632
1628
1625
1624
1624
1624
1623
1618
1621
1622
1622
1629
1627
1624
1624
1629
1624
1629
1627
1628
1623
1624
1622
1630
1624
1624
1625
1630
1627
1629
1627
1625
1627
1627
1628
1624
1628
1629
1631
1629
1630
1621
1621
1604
1576
1544
1481
1429
1366
1319
1286
1257
1301
1366
1438
1507
1551
1578
1601
1621
1627
1635
1640
1642
1650
1653
1657
1654
1655
1655
1656
1659
1661
1662
1659
1656
1659
1662
1662
1662
1661
1662
1662
1666
1668
1669
1672
1669
1668
1673
1672
1670
1669
1669
1669
1675
1673
1672
1674
1673
1674
1673
1669
1667
1663
1660
1660
1650
1651
1649
1645
1641
1638
1635
1630
1630
1624
1625
1621
1624
1622
1624
1622
1621
1621
1621
1619
1622
1624
1621
1621
1622
1624
1624
1619
1622
1623
1629
1630
1630
1627
1628
1631
1635
1627
1627
1630
1630
1625
1630
1631
1631
1631
1631
1630
1635
1631
1634
1631
1636
1635
1632
1632
1630
1636
1635
1638
1631
1636
1630
1630
1630
1628
1631
1632
1631
1630
1631
1631
1630
1627
1629
1623
1622
1617
1608
1591
1567
1538
1498
1444
1384
1328
1303
1305
1348
1396
1469
1514
1544
1567
1593
1610
1618
1625
1632
1637
1640
1642
1645
1649
1648
1651
1649
1653
1654
1650
1650
1651
1651
1655
1657
1660
1660
1660
1662
1662
1660
1663
1662
1666
1663
1668
1669
1667
1668
1669
1669
1668
1669
1664
1668
1667
1662
1664
1660
1653
1651
1653
1655
1645
1647
1641
1643
1636
1634
1631
1628
1629
1625
1623
1624
1622
1624
1621
1619
1618
1618
1617
1617
1618
1624
1622
1622
1622
1627
1622
1627
1622
1624
1617
1624
1623
1627
1623
1624
1622
1627
1630
1630
1624
1623
1624
1627
1627
1623
1624
1627
1625
1623
1628
1624
1623
1625
1627
1624
1629
1624
1627
1624
1622
1618
1623
1621
1627
1624
1625
1619
1622
1619
1622
1624
1622
1617
1623
1618
1623
1621
1621
1618
1623
1623
1630
1629
1625
1622
1630
1627
1629
1623
1624
1619
1622
1621
1622
1621
1625
1623
1627
1623
1625
1624
1625
1621
1627
1622
1625
1619
1619
1614
1621
1621
1623
1621
1628
1622
1619
1612
1612
1609
1612
1611
1616
1612
1619
1621
1623
1622
1622
1618
1621
1621
1621
1621
1622
1617
1622
1624
1623
1621
1622
1624
1622
1623
1623
1622
1621
1621
1624
1625
1618
1619
1616
1611
1593
1559
1513
1477
1409
1364
1309
1283
1272
1327
1388
1455
1518
1556
1584
1602
1615
1629
1635
1641
1643
1648
1653
1650
1650
1648
1656
1653
1654
1657
1659
1660
1661
1660
1662
1662
1660
1662
1659
1663
1664
1664
1666
1669
1668
1669
1669
1668
1670
1672
1669
1673
1668
1673
1674
1669
1669
1669
1661
1663
1662
1663
1663
1656
1656
1649
1650
1642
1641
1631
1610
1615
1623
1629
1628
1625
1623
1622
1618
1617
1618
1617
1623
1621
1623
1617
1619
1618
1624
1624
1630
1624
1623
1622
1627
1622
1624
1619
1622
1622
1624
1623
1623
1625
1624
1625
1629
1630
1629
1628
1631
1632
1638
1636
1636
1634
1635
1636
1641
1637
1634
1640
1638
1640
1637
1637
1638
1637
1632
1641
1636
1635
1635
1638
1638
1635
1632
1631
1632
1631
1631
1631
1630
1629
1624
1629
1623
1622
1622
1624
1628
1629
1631
1630
1630
1630
1630
1627
1630
1624
1627
1627
1630
1630
1630
1629
1631
1635
1631
1630
1627
1628
1621
1629
1627
1630
1627
1631
1627
1628
1623
1622
1612
1582
1554
1527
1466
1404
1340
1298
1285
1316
1373
1441
1512
1552
1580
1602
1622
1629
1635
1638
1647
1650
1650
1657
1657
1660
1659
1660
1660
1660
1664
1662
1662
1664
1666
1664
1664
1663
1663
1669
1669
1670
1669
1668
1674
1674
1673
1672
1672
1675
1673
1676
1676
1679
1677
1676
1675
1677
1673
1664
1664
1662
1660
1662
1662
1660
1655
1657
1650
1645
1641
1635
1635
1628
1631
1631
1632
1625
1625
1624
1630
1629
1628
1624
1631
1630
1631
1630
1629
1627
1628
1629
1624
1627
1630
1630
1628
1634
1631
1631
1631
1634
1636
1632
1631
1631
1636
1631
1638
1635
1636
1635
1642
1641
1642
1641
1643
1641
1641
1643
1640
1640
1635
1640
1637
1636
1640
1641
1643
1637
1640
1638
1632
1631
1630
1631
1632
1635
1635
1636
1635
1631
1630
1629
1622
1624
1627
1631
1630
1631
1632
1636
1631
1635
1632
1636
1635
1640
1636
1634
1634
1632
1635
1636
1636
1636
1635
1635
1634
1636
1629
1638
1631
1636
1636
1636
1631
1632
1630
1629
1605
1573
1528
1482
1429
1366
1315
1275
1294
1332
1403
1480
1539
1573
1599
1625
1635
1649
1650
1653
1655
1662
1662
1660
1660
1661
1669
1672
1669
1669
1670
1669
1673
1673
1673
1673
1672
1674
1681
1681
1676
1677
1673
1679
1679
1677
1680
1681
1685
1688
1687
1686
1687
1685
1682
1683
1685
1681
1679
1676
1674
1674
1669
1669
1664
1662
1659
1653
1651
1647
1648
1644
1642
1635
1636
1634
1635
1635
1636
1636
1631
1631
1631
1631
1630
1628
1627
1627
1625
1630
1629
1631
1634
1636
1627
1631
1629
1630
1630
1631
1631
1627
1624
1630
1634
1635
1635
1635
1638
1637
1635
1636
1636
1635
1635
1636
1635
1640
1636
1641
1641
1645
1645
1641
1641
1635
1637
1636
1635
1631
1635
1637
1640
1635
1632
1640
1634
1641
1637
1635
1625
1625
1623
1624
1621
1623
1624
1629
1629
1631
1630
1629
1630
1629
1632
1631
1629
1623
1630
1624
1631
1627
1630
1630
1634
1631
1630
1627
1630
1628
1630
1630
1630
1628
1630
1629
1628
1630
1622
1602
1576
1541
1480
1423
1357
1299
1263
1267
1313
1379
1456
1520
1558
1584
1605
1615
1630
1643
1647
1657
1655
1657
1660
1654
1654
1654
1655
1660
1663
1664
1668
1664
1662
1666
1669
1666
1668
1664
1670
1669
1673
1675
1676
1672
1676
1675
1673
1669
1674
1676
1674
1677
1675
1673
1677
1676
1673
1677
1673
1673
1673
1668
1663
1661
1655
1653
1645
1649
1645
1640
1636
1634
1632
1631
1630
1627
1625
1624
1625
1624
1625
1624
1624
1627
1629
1625
1623
1622
1627
1625
1632
1630
1627
1624
1623
1622
1629
1622
1627
1624
1631
1630
1631
1632
1630
1628
1630
1630
1631
1634
1636
1636
1638
1642
1641
1640
1636
1638
1635
1635
1635
1637
1640
1638
1641
1635
1640
1635
1616
1619
1627
1630
1634
1635
1635
1636
1630
1627
1623
1630
1631
1634
1630
1630
1628
1629
1623
1623
1617
1618
1621
1625
1629
1630
1628
1630
1629
1631
1624
1629
1625
1634
1624
1629
1629
1630
1627
1634
1631
1634
1630
1631
1631
1632
1635
1631
1630
1629
1631
1631
1631
1630
1630
1616
1592
1559
1515
1456
1401
1332
1300
1272
1309
1369
1434
1502
1550
1574
1598
1617
1630
1635
1645
1649
1653
1654
1653
1655
1654
1654
1657
1656
1662
1662
1660
1661
1662
1662
1668
1662
1663
1664
1663
1672
1667
1669
1669
1669
1668
1673
1673
1669
1669
1673
1674
1676
1673
1672
1669
1672
1674
1673
1664
1662
1663
1660
1666
1662
1655
1654
1645
1644
1640
1638
1631
1628
1627
1625
1621
1624
1622
1628
1627
1627
1622
1621
1614
1622
1622
1617
1617
1622
1621
1622
1622
1624
1621
1619
1621
1622
1617
1618
1619
1622
1617
1622
1621
1624
1623
1628
1627
1630
1625
1625
1627
1630
1629
1629
1632
1631
1632
1635
1635
1629
1632
1632
1636
1636
1635
1634
1632
1631
1635
1636
1631
1631
1632
1632
1631
1631
1624
1624
1624
1630
1625
1624
1623
1627
1625
1621
1621
1619
1611
1619
1615
1622
1621
1622
1621
1625
1622
1627
1624
1624
1621
1624
1624
1623
1623
1625
1624
1629
1624
1622
1622
1625
1623
1624
1622
1624
1625
1629
1627
1627
1625
1627
1627
1624
1622
1616
1593
1563
1511
1469
1424
1356
1302
1275
1296
1350
1416
1479
1537
1570
1591
1611
1622
1631
1641
1644
1649
1650
1651
1650
1654
1657
1657
1657
1660
1660
1660
1662
1666
1659
1659
1662
1664
1669
1669
1669
1668
1667
1669
1673
1673
1672
1672
1673
1673
1673
1673
1675
1676
1676
1673
1677
1674
1657
1700
1687
1680
1673
1667
1664
1659
1655
1654
1645
1649
1645
1642
1635
1635
1629
1631
1623
1630
1624
1625
1624
1629
1629
1629
1627
1624
1624
1625
1627
1629
1629
1627
1627
1628
1630
1628
1627
1630
1630
1631
1631
1631
1631
1630
1635
1632
1630
1631
1635
1632
1638
1637
1638
1636
1641
1642
1644
1641
1638
1640
1637
1640
1642
1641
1641
1641
1641
1645
1643
1640
1643
1642
1643
1641
1640
1640
1635
1640
1638
1638
1631
1635
1638
1632
1629
1627
1624
1624
1624
1630
1631
1628
1631
1635
1636
1635
1634
1630
1631
1634
1635
1632
1635
1631
1630
1632
1631
1629
1627
1632
1629
1635
1634
1635
1631
1635
1630
1631
1629
1625
1622
1614
1592
1551
1498
1447
1404
1337
1296
1280
1309
1376
1455
1520
1559
1586
1608
1627
1640
1649
1653
1655
1660
1661
1659
1660
1661
1661
1664
1664
1662
1664
1664
1664
1670
1672
1667
1668
1668
1669
1670
1672
1673
1673
1679
1677
1677
1679
1680
1679
1676
1677
1679
1680
1677
1677
1675
1679
1674
1674
1673
1667
1669
1670
1672
1668
1663
1660
1651
1645
1643
1640
1640
1636
1638
1634
1631
1624
1629
1627
1630
1627
1627
1625
1628
1632
1629
1627
1624
1631
1631
1631
1630
1635
1636
1641
1636
1636
1632
1631
1630
1630
1632
1630
1636
1636
1643
1643
1641
1637
1638
1643
1637
1643
1640
1636
1638
1641
1643
1643
1644
1644
1649
1645
1644
1643
1641
1641
1641
1642
1643
1645
1644
1640
1641
1643
1642
1641
1641
1638
1637
1637
1635
1635
1630
1631
1630
1634
1632
1636
1636
1636
1635
1635
1635
1638
1641
1643
1644
1637
1640
1640
1641
1637
1641
1640
1636
1641
1640
1640
1636
1638
1641
1642
1641
1643
1635
1636
1635
1625
1706
1641
1579
1521
1442
1372
1307
1279
1270
1340
1409
1492
1539
1578
1603
1624
1641
1647
1650
1655
1659
1662
1668
1667
1669
1669
1669
1672
1677
1674
1673
1674
1673
1675
1676
1677
1677
1682
1680
1680
1682
1681
1686
1689
1692
1687
1692
1688
1688
1685
1688
1688
1687
1688
1693
1689
1689
1683
1687
1683
1679
1677
1672
1672
1669
1668
1662
1656
1651
1650
1649
1649
1641
1641
1636
1640
1640
1641
1636
1634
1631
1631
1635
1632
1631
1631
1635
1636
1640
1632
1635
1634
1636
1636
1635
1632
1631
1635
1636
1635
1634
1635
1631
1635
1636
1637
1636
1635
1640
1636
1641
1641
1640
1636
1644
1642
1643
1643
1643
1649
1645
1642
1641
1638
1640
1640
1643
1642
1640
1640
1641
1643
1641
1640
1638
1640
1634
1635
1627
1627
1622
1629
1630
1631
1632
1635
1636
1637
1635
1636
1635
1629
1630
1629
1631
1631
1634
1636
1637
1638
1638
1640
1635
1642
1640
1638
1634
1635
1635
1636
1638
1634
1635
1631
1631
1621
1606
1570
1527
1470
1427
1352
1305
1272
1286
1335
1404
1479
1534
1567
1593
1614
1631
1635
1641
1645
1651
1657
1660
1664
1663
1662
1663
1668
1662
1663
1667
1662
1668
1669
1668
1669
1669
1669
1676
1673
1673
1675
1679
1680
1679
1679
1674
1675
1679
1679
1680
1681
1681
1682
1681
1683
1680
1681
1676
1670
1673
1673
1673
1666
1667
1661
1659
1655
1650
1645
1642
1642
1643
1640
1631
1631
1631
1631
1630
1631
1631
1631
1630
1634
1631
1631
1631
1635
1636
1635
1636
1631
1634
1630
1635
1628
1628
1628
1636
1634
1635
1635
1636
1631
1636
1636
1634
1634
1635
1638
1640
1643
1637
1642
1644
1642
1644
1642
1641
1641
1641
1645
1645
1630
1615
1627
1635
1641
1642
1641
1638
1645
1648
1641
1641
1636
1640
1632
1636
1634
1631
1627
1631
1630
1628
1628
1631
1632
1635
1640
1635
1638
1627
1632
1632
1643
1635
1641
1634
1635
1635
1637
1636
1631
1634
1635
1638
1631
1640
1637
1640
1640
1642
1635
1635
1632
1635
1635
1636
1629
1612
1588
1551
1499
1445
1384
1328
1294
1293
1320
1385
1454
1521
1558
1584
1605
1624
1637
1649
1653
1657
1659
1660
1660
1663
1660
1662
1662
1662
1664
1672
1667
1668
1666
1667
1676
1669
1670
1673
1673
1673
1676
1677
1676
1673
1679
1679
1681
1681
1679
1677
1676
1677
1680
1683
1680
1677
1674
1676
1676
1675
1674
1669
1668
1664
1660
1659
1650
1650
1645
1643
1643
1635
1632
1629
1630
1629
1627
1623
1631
1630
1634
1631
1628
1624
1630
1629
1629
1625
1627
1630
1634
1630
1630
1629
1627
1625
1630
1629
1627
1627
1631
1631
1632
1631
1631
1629
1631
1636
1637
1636
1634
1635
1637
1641
1641
1640
1641
1641
1643
1644
1641
1641
1640
1642
1640
1641
1640
1640
1640
1638
1642
1637
1641
1636
1636
1632
1637
1636
1635
1640
1636
1638
1631
1631
1627
1631
1631
1631
1628
1630
1630
1629
1622
1623
1622
1624
1628
1629
1630
1630
1630
1629
1632
1627
1630
1627
1630
1628
1635
1631
1634
1631
1631
1634
1634
1631
1630
1634
1634
1635
1635
1636
1635
1637
1634
1635
1634
1631
1623
1604
1567
1526
1480
1427
1374
1318
1300
1318
1357
1422
1485
1541
1573
1588
1612
1628
1644
1644
1647
1653
1659
1656
1660
1662
1663
1660
1660
1664
1664
1667
1664
1668
1668
1669
1674
1676
1670
1673
1670
1677
1676
1675
1675
1674
1681
1679
1677
1676
1679
1681
1682
1681
1679
1677
1666
1673
1673
1674
1669
1669
1668
1664
1664
1660
1657
1654
1654
1650
1645
1643
1641
1641
1636
1631
1625
1630
1630
1630
1631
1631
1632
1630
1631
1631
1634
1627
1630
1630
1636
1634
1632
1630
1631
1631
1631
1631
1630
1630
1635
1634
1635
1635
1634
1635
1632
1640
1640
1640
1641
1641
1642
1641
1644
1640
1641
1641
1641
1642
1643
1640
1643
1645
1649
1648
1642
1645
1643
1645
1642
1637
1641
1640
1644
1641
1642
1640
1641
1638
1642
1640
1636
1635
1631
1638
1638
1640
1632
1634
1630
1630
1630
1629
1625
1627
1630
1632
1634
1630
1631
1634
1632
1632
1632
1629
1632
1632
1638
1634
1638
1635
1635
1631
1638
1637
1631
1631
1630
1631
1632
1634
1631
1631
1635
1631
1630
1624
1612
1593
1554
1508
1450
1385
1344
1305
1294
1319
1380
1451
1514
1563
1586
1611
1630
1640
1649
1654
1657
1662
1660
1663
1667
1666
1668
1666
1663
1668
1672
1669
1669
1669
1670
1676
1673
1673
1673
1673
1676
1676
1679
1675
1677
1677
1677
1673
1679
1680
1680
1682
1687
1682
1681
1680
1679
1679
1679
1677
1672
1669
1670
1670
1664
1662
1659
1654
1650
1650
1648
1641
1641
1640
1640
1634
1635
1631
1638
1632
1638
1636
1634
1628
1636
1638
1636
1641
1631
1636
1631
1635
1635
1635
1631
1631
1635
1636
1638
1635
1641
1637
1642
1640
1640
1640
1640
1642
1644
1645
1642
1648
1650
1648
1648
1641
1641
1637
1650
1648
1645
1650
1650
1650
1650
1650
1649
1649
1649
1649
1649
1650
1643
1641
1641
1642
1642
1643
1641
1644
1640
1640
1636
1631
1631
1640
1645
1641
1641
1641
1640
1640
1643
1644
1644
1642
1642
1643
1643
1642
1641
1643
1641
1640
1643
1629
1645
1641
1649
1647
1647
1645
1640
1641
1641
1641
1640
1641
1635
1627
1598
1564
1502
1453
1388
1327
1280
1257
1275
1347
1430
1509
1556
1590
1616
1632
1643
1650
1657
1662
1668
1672
1676
1672
1673
1676
1675
1674
1679
1679
1679
1682
1680
1681
1683
1677
1681
1680
1683
1681
1683
1688
1685
1688
1692
1690
1688
1688
1692
1688
1687
1689
1688
1685
1683
1688
1683
1686
1681
1679
1679
1677
1669
1664
1661
1656
1655
1649
1643
1640
1640
1638
1635
1630
1629
1621
1622
1617
1621
1618
1622
1622
1624
1619
1621
1619
1619
1616
1617
1617
1619
1619
1622
1622
1622
1616
1615
1615
1618
1616
1622
1619
1621
1621
1624
1624
1623
1624
1628
1627
1627
1624
1627
1625
1625
1623
1631
1629
1627
1625
1631
1629
1630
1631
1628
1629
1630
1630
1630
1629
1627
1629
1630
1631
1630
1627
1622
1624
1622
1624
1623
1625
1625
1629
1624
1629
1625
1625
1631
1636
1631
1631
1631
1635
1635
1636
1636
1634
1630
1630
1636
1638
1634
1632
1635
1635
1632
1635
1632
1635
1631
1635
1636
1631
1622
1603
1571
1528
1476
1411
1338
1283
1268
1294
1353
1411
1486
1545
1570
1597
1618
1630
1642
1650
1659
1660
1655
1661
1662
1664
1668
1668
1669
1667
1669
1673
1676
1669
1669
1673
1679
1673
1677
1677
1679
1679
1681
1681
1681
1681
1683
1686
1688
1692
1687
1685
1686
1688
1688
1686
1683
1688
1687
1686
1680
1677
1679
1674
1673
1668
1664
1660
1662
1661
1655
1645
1643
1641
1643
1640
1638
1634
1638
1637
1640
1641
1637
1641
1638
1641
1640
1637
1635
1640
1638
1638
1640
1640
1640
1638
1643
1637
1636
1636
1635
1632
1640
1643
1641
1641
1640
1640
1641
1644
1642
1643
1624
1642
1645
1645
1645
1645
1648
1648
1649
1653
1650
1648
1645
1645
1649
1642
1643
1643
1649
1649
1647
1644
1643
1647
1643
1643
1642
1640
1634
1640
1636
1635
1632
1632
1632
1636
1641
1637
1638
1638
1643
1643
1641
1641
1637
1641
1640
1648
1638
1640
1641
1643
1642
1641
1642
1640
1641
1641
1645
1643
1640
1637
1640
1640
1636
1634
1635
1629
1612
1584
1528
1492
1416
1366
1325
1294
1294
1335
1403
1473
1534
1570
1595
1612
1636
1649
1654
1655
1660
1660
1664
1669
1667
1668
1664
1668
1674
1673
1669
1674
1670
1673
1677
1674
1672
1673
1674
1679
1679
1674
1677
1679
1680
1679
1679
1681
1681
1679
1680
1686
1686
1681
1683
1683
1682
1682
1679
1672
1674
1674
1669
1666
1662
1660
1660
1653
1653
1647
1643
1641
1643
1640
1640
1636
1631
1631
1631
1631
1630
1630
1625
1631
1635
1637
1640
1641
1635
1636
1635
1635
1632
1630
1635
1636
1640
1632
1632
1634
1638
1640
1640
1640
1637
1636
1638
1641
1640
1642
1640
1641
1643
1641
1641
1643
1645
1645
1649
1648
1642
1650
1648
1650
1647
1647
1645
1644
1643
1648
1642
1644
1641
1644
1642
1641
1641
1640
1641
1638
1641
1637
1635
1630
1638
1635
1632
1635
1638
1636
1636
1638
1632
1631
1632
1640
1642
1643
1642
1636
1638
1636
1641
1638
1641
1632
1637
1641
1638
1638
1638
1641
1637
1642
1641
1638
1643
1641
1641
1638
1635
1610
1578
1535
1489
1440
1377
1319
1290
1314
1374
1429
1492
1548
1583
1606
1622
1636
1643
1650
1662
1667
1669
1668
1669
1673
1669
1673
1674
1672
1670
1676
1674
1679
1675
1676
1680
1679
1682
1680
1685
1683
1681
1683
1683
1686
1683
1686
1687
1687
1690
1688
1687
1675
1683
1683
1679
1683
1687
1683
1683
1680
1677
1674
1673
1667
1669
1663
1662
1663
1660
1655
1650
1648
1641
1637
1641
1636
1638
1634
1642
1644
1642
1640
1640
1640
1638
1641
1641
1641
1637
1640
1644
1641
1641
1638
1643
1638
1645
1643
1645
1642
1641
1641
1643
1649
1645
1649
1647
1649
1649
1648
1649
1650
1650
1655
1654
1655
1654
1653
1653
1654
1655
1654
1655
1651
1654
1657
1651
1653
1654
1654
1656
1654
1650
1643
1650
1650
1648
1650
1645
1649
1645
1641
1638
1637
1636
1638
1643
1641
1644
1644
1648
1650
1645
1645
1643
1641
1643
1648
1649
1641
1645
1645
1649
1648
1643
1643
1642
1647
1644
1650
1649
1650
1650
1645
1645
1645
1642
1643
1640
1632
1612
1572
1521
1460
1434
1357
1301
1280
1308
1370
1441
1516
1564
1597
1616
1636
1650
1657
1663
1673
1673
1673
1677
1677
1675
1676
1680
1679
1680
1677
1681
1682
1683
1683
1681
1680
1682
1686
1687
1692
1688
1687
1689
1692
1699
1692
1692
1698
1693
1696
1698
1694
1693
1692
1693
1692
1688
1687
1687
1688
1683
1680
1679
1673
1673
1669
1664
1662
1660
1655
1656
1651
1650
1645
1642
1642
1641
1640
1640
1644
1644
1640
1641
1640
1637
1637
1640
1641
1642
1640
1643
1650
1645
1644
1642
1641
1640
1641
1643
1642
1642
1644
1648
1645
1641
1641
1645
1645
1645
1650
1650
1649
1649
1648
1653
1650
1653
1654
1653
1654
1655
1653
1651
1644
1650
1650
1650
1653
1654
1654
1651
1651
1655
1653
1649
1649
1649
1645
1643
1642
1640
1641
1641
1643
1642
1641
1643
1642
1649
1648
1653
1645
1649
1648
1648
1650
1644
1648
1649
1650
1645
1649
1645
1644
1647
1648
1650
1645
1645
1648
1645
1630
1668
1662
1654
1649
1636
1615
1566
1508
1459
1382
1343
1285
1280
1286
1357
1445
1518
1567
1595
1621
1641
1648
1654
1661
1662
1664
1673
1673
1674
1677
1679
1679
1680
1679
1677
1679
1682
1677
1683
1687
1682
1680
1681
1682
1687
1688
1687
1688
1689
1694
1692
1692
1690
1693
1695
1696
1693
1688
1688
1693
1696
1693
1689
1688
1688
1683
1687
1674
1675
1674
1670
1664
1664
1657
1655
1655
1655
1653
1641
1637
1637
1640
1638
1643
1640
1637
1636
1637
1640
1635
1638
1640
1641
1638
1638
1640
1636
1638
1638
1641
1637
1636
1636
1641
1642
1643
1643
1640
1642
1643
1643
1642
1641
1641
1641
1649
1643
1648
1642
1649
1649
1654
1653
1651
1654
1650
1645
1644
1641
1642
1642
1642
1649
1648
1650
1642
1645
1642
1643
1643
1641
1638
1631
1638
1630
1631
1630
1635
1635
1637
1637
1635
1636
1636
1641
1637
1638
1635
1636
1636
1636
1638
1636
1637
1636
1641
1640
1637
1636
1638
1642
1641
1641
1636
1640
1638
1638
1635
1634
1631
1631
1610
1579
1531
1483
1411
1352
1312
1274
1269
1330
1402
1475
1534
1567
1592
1617
1628
1642
1649
1649
1654
1659
1664
1666
1664
1662
1663
1667
1667
1670
1669
1669
1669
1676
1674
1674
1674
1673
1675
1679
1677
1680
1681
1681
1680
1683
1680
1680
1681
1680
1679
1682
1682
1681
1677
1682
1685
1683
1674
1677
1673
1679
1668
1667
1664
1659
1656
1650
1654
1648
1642
1641
1643
1642
1640
1640
1629
1631
1630
1635
1631
1635
1627
1636
1635
1638
1635
1635
1636
1632
1635
1636
1635
1635
1635
1636
1638
1635
1635
1632
1636
1640
1641
1636
1640
1643
1640
1645
1641
1641
1641
1641
1642
1647
1647
1649
1649
1645
1645
1624
1629
1640
1640
1645
1647
1647
1649
1645
1648
1648
1648
1642
1643
1641
1644
1649
1644
1642
1638
1641
1630
1631
1627
1631
1631
1638
1641
1641
1635
1636
1635
1638
1643
1640
1640
1640
1640
1641
1642
1640
1640
1640
1640
1642
1635
1641
1641
1641
1640
1640
1637
1635
1638
1638
1642
1638
1638
1628
1608
1580
1545
1492
1430
1374
1333
1299
1300
1343
1404
1480
1537
1570
1592
1614
1634
1640
1650
1651
1659
1664
1667
1664
1668
1664
1664
1664
1668
1670
1673
1669
1670
1669
1668
1669
1673
1669
1674
1677
1675
1677
1676
1677
1679
1680
1677
1677
1680
1679
1680
1682
1686
1677
1676
1675
1677
1674
1674
1674
1673
1670
1669
1669
1662
1655
1655
1653
1649
1644
1643
1641
1635
1641
1635
1632
1627
1630
1627
1630
1630
1630
1627
1630
1630
1629
1628
1629
1635
1631
1635
1631
1631
1631
1630
1629
1634
1632
1631
1632
1636
1635
1634
1634
1631
1632
1631
1640
1636
1641
1643
1645
1643
1643
1641
1638
1643
1641
1643
1641
1640
1641
1641
1644
1642
1641
1641
1641
1644
1643
1645
1640
1641
1640
1641
1640
1635
1636
1634
1629
1630
1630
1627
1634
1635
1640
1634
1630
1630
1630
1631
1634
1636
1631
1636
1635
1637
1642
1641
1636
1636
1642
1638
1640
1635
1635
1636
1637
1636
1637
1635
1640
1642
1636
1636
1631
1627
1616
1586
1554
1515
1454
1395
1337
1309
1299
1340
1398
1469
1530
1572
1593
1616
1632
1645
1655
1657
1660
1660
1660
1663
1670
1668
1668
1667
1669
1674
1670
1669
1672
1669
1676
1677
1677
1674
1675
1680
1677
1677
1676
1677
1682
1681
1679
1680
1683
1683
1685
1687
1687
1685
1685
1683
1680
1681
1681
1677
1674
1674
1673
1642
1583
1608
1625
1631
1640
1640
1636
1641
1637
1642
1636
1640
1636
1640
1635
1635
1635
1636
1632
1634
1635
1635
1637
1631
1631
1635
1641
1632
1632
1631
1636
1636
1641
1640
1640
1640
1636
1640
1638
1641
1640
1643
1643
1644
1645
1643
1643
1643
1643
1644
1645
1649
1642
1650
1649
1649
1644
1649
1649
1649
1650
1645
1649
1653
1650
1654
1643
1644
1641
1641
1643
1641
1641
1637
1638
1636
1640
1636
1635
1635
1636
1638
1638
1638
1635
1638
1636
1641
1640
1642
1643
1643
1641
1641
1641
1634
1641
1635
1637
1637
1641
1643
1642
1644
1640
1638
1636
1636
1636
1640
1635
1629
1606
1578
1544
1481
1422
1350
1301
1262
1277
1340
1404
1483
1541
1582
1605
1622
1638
1645
1651
1654
1660
1667
1668
1666
1667
1673
1669
1673
1672
1673
1670
1670
1669
1672
1674
1677
1677
1677
1676
1677
1682
1679
1679
1679
1683
1683
1682
1683
1688
1680
1687
1688
1688
1683
1688
1683
1679
1681
1681
1679
1674
1674
1674
1669
1668
1662
1659
1654
1654
1653
1649
1644
1640
1640
1636
1635
1631
1634
1628
1631
1630
1635
1631
1631
1632
1636
1632
1635
1636
1637
1634
1630
1632
1634
1631
1631
1632
1631
1629
1631
1632
1638
1635
1640
1632
1635
1631
1636
1638
1638
1641
1638
1641
1640
1642
1643
1641
1637
1643
1645
1642
1641
1640
1642
1640
1643
1643
1641
1640
1638
1634
1631
1628
1629
1631
1631
1635
1636
1634
1631
1636
1638
1636
1632
1632
1641
1635
1632
1635
1636
1631
1641
1640
1640
1636
1632
1635
1638
1635
1635
1635
1635
1635
1631
1638
1635
1635
1635
1631
1622
1597
1565
1507
1461
1389
1338
1289
1256
1281
1347
1422
1496
1546
1579
1604
1622
1641
1642
1623
1634
1643
1649
1657
1660
1662
1662
1664
1667
1667
1664
1664
1669
1668
1667
1668
1669
1672
1669
1673
1673
1673
1674
1676
1674
1673
1674
1674
1679
1679
1677
1680
1681
1680
1680
1682
1681
1679
1677
1674
1674
1674
1669
1664
1663
1660
1657
1654
1648
1645
1642
1641
1641
1636
1631
1631
1631
1630
1631
1630
1629
1627
1627
1627
1630
1630
1625
1631
1630
1630
1627
1629
1624
1627
1624
1631
1629
1630
1631
1635
1635
1634
1631
1630
1631
1630
1631
1631
1630
1629
1630
1635
1635
1631
1634
1636
1641
1636
1635
1632
1634
1635
1638
1636
1634
1631
1635
1635
1634
1636
1635
1638
1634
1631
1634
1629
1629
1629
1624
1624
1624
1621
1622
1621
1622
1622
1624
1623
1627
1624
1624
1622
1624
1621
1623
1622
1624
1623
1625
1624
1630
1631
1628
1622
1623
1622
1625
1624
1624
1622
1624
1622
1627
1623
1624
1621
1622
1622
1617
1592
1556
1508
1460
1382
1337
1285
1255
1272
1333
1409
1473
1530
1563
1589
1606
1622
1630
1632
1642
1647
1654
1659
1655
1654
1655
1654
1654
1655
1656
1655
1659
1659
1660
1662
1660
1660
1667
1663
1664
1664
1662
1664
1668
1670
1669
1668
1673
1669
1672
1667
1669
1668
1668
1668
1673
1668
1669
1667
1663
1664
1660
1659
1659
1653
1649
1648
1644
1637
1638
1635
1632
1627
1622
1622
1621
1621
1619
1622
1621
1622
1627
1627
1625
1624
1624
1627
1622
1623
1622
1622
1621
1622
1624
1625
1622
1624
1627
1623
1625
1629
1625
1625
1623
1627
1627
1629
1628
1631
1631
1636
1635
1632
1634
1637
1635
1638
1635
1636
1632
1632
1640
1638
1641
1642
1643
1641
1643
1641
1635
1636
1637
1641
1638
1640
1632
1632
1634
1638
1615
1627
1624
1627
1623
1623
1617
1624
1624
1629
1627
1635
1629
1630
1629
1632
1631
1630
1628
1629
1629
1629
1631
1628
1631
1635
1638
1631
1635
1632
1635
1632
1635
1634
1635
1634
1632
1631
1631
1623
1624
1612
1593
1556
1518
1463
1389
1346
1301
1294
1302
1364
1432
1503
1551
1578
1599
1617
1630
1641
1647
1649
1650
1654
1660
1659
1664
1664
1663
1663
1662
1664
1663
1664
1667
1669
1668
1669
1669
1669
1669
1669
1669
1670
1673
1669
1674
1677
1674
1679
1679
1676
1677
1680
1679
1676
1675
1673
1674
1673
1669
1669
1668
1661
1662
1661
1657
1651
1650
1650
1643
1643
1635
1635
1634
1632
1630
1631
1624
1630
1617
1627
1624
1625
1622
1627
1624
1630
1625
1624
1627
1627
1623
1623
1627
1623
1624
1624
1628
1627
1627
1624
1630
1625
1622
1622
1629
1629
1631
1630
1636
1632
1635
1632
1637
1635
1632
1640
1636
1638
1638
1640
1642
1640
1635
1641
1641
1632
1640
1638
1637
1636
1636
1634
1636
1640
1637
1641
1638
1638
1631
1631
1627
1631
1628
1630
1631
1630
1630
1623
1622
1625
1622
1622
1619
1622
1624
1624
1631
1627
1629
1624
1630
1629
1630
1630
1630
1625
1628
1630
1631
1630
1625
1627
1629
1630
1628
1631
1635
1631
1630
1632
1629
1629
1627
1630
1624
1619
1597
1566
1515
1480
1422
1370
1316
1294
1299
1361
1430
1500
1548
1583
1601
1624
1634
1643
1648
1651
1657
1659
1659
1661
1662
1660
1662
1662
1662
1664
1666
1666
1668
1666
1674
1672
1666
1669
1667
1672
1677
1679
1677
1681
1677
1677
1676
1676
1677
1679
1681
1681
1682
1683
1686
1681
1677
1674
1670
1675
1669
1670
1668
1663
1664
1663
1655
1651
1650
1649
1643
1641
1638
1622
1635
1641
1640
1636
1634
1634
1631
1631
1631
1631
1634
1631
1632
1634
1631
1631
1634
1632
1632
1630
1634
1631
1631
1631
1636
1630
1630
1631
1631
1634
1631
1636
1635
1638
1636
1642
1640
1641
1643
1642
1641
1641
1644
1642
1645
1645
1649
1649
1645
1644
1641
1647
1643
1643
1643
1641
1641
1638
1644
1636
1641
1641
1644
1641
1641
1632
1640
1638
1636
1641
1636
1641
1636
1638
1630
1630
1625
1629
1623
1631
1630
1634
1631
1632
1631
1634
1631
1628
1636
1632
1637
1636
1635
1631
1632
1631
1631
1631
1630
1630
1631
1631
1635
1635
1630
1634
1635
1638
1635
1635
1630
1631
1624
1606
1573
1518
1473
1412
1357
1300
1270
1274
1337
1403
1483
1539
1573
1597
1619
1631
1640
1645
1655
1654
1659
1655
1656
1662
1662
1664
1667
1664
1660
1663
1664
1663
1666
1664
1663
1667
1669
1674
1677
1674
1675
1676
1673
1674
1675
1677
1679
1680
1677
1680
1679
1679
1677
1677
1679
1677
1676
1674
1672
1674
1673
1668
1662
1660
1657
1657
1653
1650
1647
1645
1638
1638
1634
1632
1627
1628
1629
1624
1627
1623
1627
1628
1627
1625
1624
1624
1627
1628
1627
1623
1627
1623
1624
1624
1627
1625
1625
1628
1629
1627
1625
1624
1631
1627
1628
1629
1631
1630
1635
1636
1638
1640
1635
1637
1637
1634
1635
1636
1636
1636
1636
1632
1636
1632
1636
1635
1635
1634
1635
1636
1631
1632
1634
1631
1631
1634
1630
1631
1628
1630
1627
1628
1627
1631
1625
1630
1630
1631
1625
1630
1629
1631
1628
1632
1635
1631
1630
1631
1631
1630
1631
1631
1634
1629
1635
1635
1638
1629
1631
1630
1636
1630
1631
1628
1630
1625
1628
1617
1593
1563
1525
1476
1402
1350
1299
1295
1332
1373
1436
1503
1546
1577
1597
1618
1627
1637
1645
1651
1657
1661
1660
1661
1662
1663
1663
1662
1661
1660
1660
1661
1668
1666
1669
1669
1669
1670
1670
1668
1668
1669
1672
1676
1677
1674
1680
1680
1681
1679
1675
1670
1679
1679
1679
1679
1676
1670
1677
1676
1669
1668
1664
1660
1660
1655
1659
1650
1649
1642
1644
1636
1631
1630
1630
1629
1629
1630
1628
1622
1622
1629
1627
1624
1625
1627
1624
1624
1625
1624
1623
1625
1630
1629
1631
1627
1630
1627
1627
1625
1624
1622
1624
1627
1631
1631
1631
1634
1631
1635
1634
1636
1634
1634
1631
1637
1638
1637
1636
1637
1641
1636
1638
1638
1641
1635
1636
1635
1635
1632
1632
1636
1635
1632
1634
1631
1627
1630
1630
1635
1630
1635
1632
1632
1624
1624
1621
1621
1619
1627
1627
1628
1624
1624
1627
1627
1627
1627
1625
1622
1625
1627
1630
1627
1635
1629
1635
1631
1634
1631
1630
1631
1629
1625
1625
1627
1627
1625
1624
1624
1624
1624
1622
1601
1578
1537
1489
1441
1378
1322
1274
1270
1313
1380
1453
1513
1554
1580
1606
1618
1631
1637
1641
1645
1649
1651
1650
1655
1660
1657
1662
1659
1659
1660
1657
1659
1662
1663
1661
1663
1668
1670
1666
1663
1664
1667
1669
1673
1673
1668
1673
1674
1674
1675
1672
1673
1673
1673
1673
1675
1669
1668
1669
1668
1664
1664
1656
1659
1650
1649
1649
1644
1636
1640
1640
1632
1631
1629
1630
1627
1627
1624
1625
1624
1627
1625
1627
1624
1630
1628
1630
1630
1628
1623
1625
1624
1624
1627
1627
1624
1627
1630
1629
1629
1624
1627
1629
1632
1634
1636
1632
1638
1636
1640
1636
1636
1638
1640
1641
1640
1641
1638
1642
1643
1643
1640
1641
1637
1635
1640
1641
1642
1640
1640
1641
1638
1636
1632
1636
1638
1638
1634
1635
1630
1635
1631
1632
1632
1631
1625
1624
1622
1624
1625
1627
1628
1629
1631
1631
1628
1630
1634
1628
1628
1629
1630
1630
1630
1634
1634
1631
1635
1631
1634
1630
1632
1635
1631
1630
1635
1632
1631
1627
1632
1627
1627
1617
1603
1572
1539
1494
1437
1373
1326
1294
1308
1351
1412
1480
1531
1563
1586
1610
1630
1636
1643
1645
1650
1655
1654
1661
1656
1657
1661
1659
1659
1662
1662
1663
1660
1660
1664
1667
1669
1669
1668
1664
1668
1669
1673
1673
1674
1676
1675
1673
1674
1676
1669
1674
1676
1674
1673
1674
1669
1673
1672
1668
1663
1662
1657
1659
1659
1654
1650
1645
1643
1640
1641
1634
1630
1627
1627
1627
1627
1622
1625
1624
1627
1624
1630
1625
1623
1624
1628
1625
1622
1622
1623
1622
1623
1622
1622
1624
1630
1634
1630
1627
1625
1629
1630
1630
1627
1635
1631
1636
1636
1638
1635
1632
1635
1635
1637
1638
1640
1636
1637
1641
1642
1637
1637
1644
1640
1642
1640
1640
1640
1635
1641
1637
1640
1629
1634
1630
1635
1634
1635
1630
1630
1624
1625
1623
1617
1622
1629
1629
1631
1630
1627
1630
1630
1634
1630
1632
1627
1631
1631
1631
1629
1629
1631
1630
1631
1637
1635
1632
1636
1636
1635
1631
1632
1630
1627
1631
1631
1629
1627
1623
1611
1578
1526
1476
1429
1369
1328
1293
1298
1341
1411
1485
1545
1577
1601
1621
1632
1643
1650
1651
1659
1659
1664
1662
1663
1664
1664
1669
1672
1669
1668
1669
1668
1674
1676
1674
1674
1674
1677
1673
1677
1679
1677
1677
1681
1686
1681
1683
1687
1683
1680
1683
1679
1683
1682
1680
1688
1687
1681
1677
1677
1718
1705
1694
1680
1674
1664
1662
1661
1650
1653
1644
1643
1640
1638
1631
1635
1637
1636
1636
1631
1630
1632
1634
1637
1638
1640
1641
1637
1637
1636
1635
1631
1631
1634
1632
1634
1637
1640
1636
1640
1638
1640
1640
1641
1643
1645
1645
1644
1650
1649
1653
1655
1654
1653
1649
1649
1649
1647
1648
1648
1653
1650
1650
1649
1645
1643
1642
1644
1644
1641
1641
1641
1645
1643
1642
1636
1641
1637
1636
1636
1634
1632
1635
1635
1631
1638
1636
1636
1636
1637
1628
1614
1589
1554
1516
1456
1393
1334
1294
1279
1302
1364
1436
1499
1540
1565
1593
1608
1624
1637
1643
1651
1662
1660
1661
1660
1660
1664
1666
1667
1668
1668
1668
1670
1669
1672
1672
1673
1674
1676
1673
1673
1674
1676
1679
1677
1677
1677
1686
1681
1680
1681
1683
1681
1683
1682
1677
1680
1681
1677
1676
1674
1673
1674
1672
1669
1663
1660
1655
1655
1654
1649
1641
1634
1636
1635
1634
1635
1636
1631
1631
1630
1636
1634
1631
1632
1631
1632
1631
1635
1631
1632
1635
1637
1636
1632
1630
1635
1636
1636
1640
1634
1636
1630
1631
1631
1634
1632
1634
1634
1638
1638
1640
1638
1637
1641
1636
1635
1636
1638
1636
1640
1640
1640
1636
1635
1638
1636
1635
1631
1634
1634
1634
1635
1631
1636
1631
1638
1636
1637
1634
1636
1635
1635
1636
1635
1635
1634
1635
1632
1636
1635
1634
1631
1635
1635
1632
1631
1635
1632
1631
1630
1629
1625
1625
1627
1627
1631
1629
1630
1629
1631
1630
1631
1629
1631
1630
1631
1631
1632
1634
1636
1640
1638
1640
1635
1635
1632
1635
1631
1635
1635
1634
1635
1638
1632
1631
1627
1616
1592
1540
1494
1438
1382
1340
1295
1260
1293
1359
1435
1496
1586
1609
1625
1641
1643
1650
1651
1654
1659
1664
1666
1667
1664
1666
1669
1669
1669
1668
1668
1668
1669
1673
1674
1670
1672
1681
1677
1674
1674
1676
1676
1679
1679
1680
1679
1679
1679
1679
1679
1679
1681
1681
1679
1683
1683
1681
1677
1674
1669
1673
1673
1672
1664
1660
1656
1653
1649
1641
1640
1641
1638
1636
1631
1631
1631
1634
1632
1635
1629
1631
1629
1630
1623
1631
1631
1631
1630
1631
1631
1624
1625
1627
1630
1629
1630
1629
1631
1631
1636
1635
1631
1635
1638
1632
1640
1635
1640
1631
1631
1635
1636
1636
1632
1643
1642
1645
1643
1644
1643
1641
1641
1641
1644
1641
1647
1643
1645
1649
1643
1643
1640
1640
1642
1643
1641
1635
1636
1634
1630
1625
1625
1624
1629
1630
1635
1632
1635
1632
1632
1631
1631
1631
1630
1634
1634
1638
1636
1635
1632
1635
1631
1631
1631
1631
1630
1634
1634
1634
1635
1635
1641
1637
1634
1627
1630
1625
1616
1582
1540
1493
1431
1376
1324
1294
1272
1319
1386
1461
1519
1559
1580
1603
1622
1634
1642
1645
1649
1659
1659
1660
1664
1660
1659
1662
1662
1660
1660
1660
1667
1669
1664
1668
1664
1668
1669
1669
1669
1669
1673
1673
1674
1673
1675
1675
1673
1672
1679
1677
1679
1681
1679
1674
1676
1672
1670
1673
1666
1668
1670
1664
1662
1661
1655
1654
1649
1648
1642
1640
1635
1637
1631
1630
1627
1629
1624
1625
1630
1630
1627
1625
1628
1624
1630
1630
1635
1631
1632
1630
1631
1631
1635
1631
1635
1631
1631
1635
1631
1634
1630
1632
1631
1637
1636
1636
1632
1636
1635
1640
1641
1638
1642
1642
1647
1645
1642
1641
1641
1643
1643
1642
1638
1642
1643
1643
1641
1643
1640
1640
1641
1622
1635
1631
1632
1637
1634
1631
1636
1629
1630
1630
1631
1629
1630
1630
1632
1629
1634
1631
1635
1631
1638
1637
1638
1640
1636
1636
1635
1638
1637
1637
1636
1635
1638
1640
1640
1638
1636
1635
1637
1638
1635
1632
1636
1631
1634
1627
1614
1574
1537
1511
1438
1378
1327
1306
1300
1352
1418
1482
1540
1573
1596
1616
1632
1644
1648
1655
1660
1662
1661
1660
1664
1667
1662
1663
1664
1668
1668
1669
1668
1668
1672
1669
1676
1674
1674
1669
1669
1673
1676
1677
1674
1676
1679
1677
1679
1681
1676
1680
1681
1683
1679
1679
1676
1676
1674
1673
1669
1672
1667
1663
1660
1659
1656
1649
1654
1649
1643
1640
1632
1634
1630
1631
1631
1631
1630
1630
1630
1630
1631
1629
1631
1634
1631
1630
1631
1625
1631
1634
1635
1635
1632
1631
1631
1631
1632
1631
1631
1631
1636
1637
1635
1635
1635
1635
1636
1640
1638
1638
1638
1641
1642
1644
1643
1642
1642
1645
1644
1645
1644
1641
1641
1645
1648
1643
1642
1638
1640
1640
1640
1640
1634
1636
1640
1643
1641
1642
1638
1640
1634
1631
1628
1627
1625
1630
1631
1631
1634
1630
1636
1635
1634
1635
1635
1637
1636
1638
1631
1636
1632
1636
1640
1638
1636
1637
1645
1641
1640
1635
1635
1631
1635
1635
1636
1637
1636
1632
1635
1624
1603
1563
1515
1461
1412
1347
1292
1272
1298
1357
1435
1512
1563
1586
1611
1627
1641
1644
1657
1659
1666
1666
1663
1667
1669
1668
1673
1673
1672
1673
1674
1676
1674
1675
1677
1676
1679
1677
1674
1681
1679
1679
1681
1687
1682
1683
1687
1688
1688
1689
1685
1685
1689
1685
1687
1688
1688
1688
1687
1683
1683
1679
1669
1669
1663
1664
1659
1659
1655
1654
1650
1650
1632
1645
1649
1644
1644
1640
1637
1635
1632
1640
1642
1635
1634
1635
1631
1636
1632
1637
1635
1636
1632
1636
1636
1638
1636
1636
1640
1638
1637
1634
1641
1638
1641
1640
1640
1641
1641
1644
1642
1649
1642
1642
1643
1647
1651
1644
1649
1650
1651
1650
1651
1650
1649
1650
1645
1649
1645
1642
1645
1645
1648
1643
1642
1643
1642
1642
1636
1636
1631
1630
1632
1636
1636
1641
1641
1641
1641
1640
1641
1638
1641
1636
1643
1640
1636
1640
1643
1645
1641
1641
1637
1641
1635
1642
1640
1637
1638
1640
1642
1641
1643
1638
1635
1635
1631
1608
1576
1540
1495
1432
1370
1305
1259
1261
1333
1405
1483
1540
1577
1598
1621
1635
1643
1650
1653
1656
1660
1662
1663
1669
1667
1668
1669
1663
1667
1664
1663
1669
1673
1669
1672
1673
1673
1676
1680
1675
1677
1679
1680
1683
1683
1677
1674
1681
1680
1676
1679
1679
1682
1683
1683
1681
1677
1677
1675
1674
1670
1669
1666
1663
1661
1655
1655
1650
1645
1641
1640
1635
1637
1631
1634
1627
1630
1629
1634
1630
1630
1631
1631
1631
1631
1630
1629
1629
1627
1628
1627
1629
1630
1632
1630
1631
1631
1634
1629
1631
1631
1631
1632
1631
1640
1632
1632
1635
1638
1635
1638
1637
1640
1641
1640
1643
1641
1638
1641
1645
1641
1643
1643
1641
1643
1643
1645
1641
1638
1641
1640
1640
1637
1641
1636
1634
1636
1640
1638
1636
1632
1630
1631
1630
1627
1627
1632
1632
1635
1635
1631
1631
1635
1636
1638
1632
1635
1635
1635
1635
1636
1635
1632
1636
1635
1636
1635
1637
1634
1638
1636
1640
1635
1630
1635
1636
1636
1634
1631
1624
1609
1584
1545
1489
1431
1366
1316
1282
1285
1324
1388
1466
1522
1567
1577
1606
1629
1641
1650
1653
1655
1657
1662
1661
1664
1662
1664
1669
1664
1669
1672
1667
1669
1672
1669
1673
1672
1672
1673
1675
1679
1680
1679
1677
1679
1675
1677
1681
1687
1683
1682
1682
1682
1679
1677
1679
1677
1681
1680
1676
1673
1673
1674
1672
1663
1662
1660
1657
1650
1648
1645
1640
1636
1636
1635
1631
1631
1630
1635
1631
1630
1630
1631
1628
1631
1630
1631
1630
1630
1629
1630
1631
1632
1631
1630
1632
1632
1635
1628
1630
1632
1631
1631
1632
1632
1634
1632
1640
1641
1638
1635
1640
1640
1636
1640
1640
1642
1643
1642
1643
1642
1641
1645
1643
1643
1642
1645
1641
1641
1642
1640
1641
1640
1641
1641
1642
1638
1643
1638
1638
1640
1636
1638
1635
1634
1629
1630
1624
1624
1623
1630
1630
1635
1635
1634
1631
1631
1635
1632
1632
1631
1635
1631
1635
1635
1636
1636
1637
1635
1635
1635
1635
1638
1635
1635
1635
1635
1632
1635
1635
1636
1631
1632
1629
1617
1591
1556
1506
1449
1397
1339
1287
1276
1319
1380
1447
1516
1553
1584
1606
1623
1640
1642
1645
1651
1655
1659
1657
1660
1660
1662
1667
1668
1664
1662
1662
1664
1669
1668
1664
1664
1664
1672
1673
1673
1672
1672
1677
1674
1676
1677
1677
1677
1674
1676
1679
1681
1677
1679
1680
1679
1681
1681
1673
1670
1673
1668
1664
1663
1657
1661
1656
1654
1650
1647
1644
1641
1643
1636
1635
1635
1634
1630
1634
1629
1634
1631
1632
1636
1641
1635
1635
1640
1638
1640
1635
1635
1636
1636
1636
1640
1637
1632
1638
1636
1636
1635
1638
1634
1641
1634
1640
1642
1637
1643
1642
1649
1645
1648
1649
1650
1650
1650
1650
1645
1645
1649
1645
1648
1642
1650
1648
1650
1653
1563
1586
1603
1618
1629
1630
1636
1640
1644
1642
1645
1642
1641
1635
1640
1642
1638
1640
1636
1641
1632
1636
1632
1634
1631
1636
1640
1640
1641
1640
1642
1638
1643
1642
1643
1641
1643
1644
1642
1641
1640
1643
1643
1641
1643
1643
1643
1642
1648
1641
1641
1640
1642
1644
1641
1641
1636
1637
1621
1593
1557
1508
1451
1397
1327
1295
1305
1348
1414
1480
1546
1582
1602
1622
1638
1649
1657
1659
1660
1666
1669
1670
1676
1674
1673
1673
1673
1677
1677
1676
1672
1674
1679
1675
1679
1680
1679
1681
1686
1683
1683
1687
1687
1686
1683
1687
1686
1683
1685
1689
1690
1687
1692
1692
1682
1681
1682
1685
1680
1683
1677
1673
1668
1664
1662
1660
1654
1655
1650
1650
1654
1650
1650
1640
1637
1634
1638
1632
1640
1635
1642
1644
1645
1643
1640
1637
1640
1643
1641
1643
1641
1640
1641
1644
1642
1641
1643
1644
1644
1645
1643
1642
1640
1643
1648
1645
1648
1643
1649
1648
1649
1650
1650
1655
1655
1655
1653
1649
1645
1645
1648
1651
1650
1653
1650
1653
1650
1654
1651
1650
1650
1654
1650
1647
1641
1643
1642
1643
1649
1645
1645
1641
1641
1640
1636
1632
1635
1635
1640
1644
1642
1644
1642
1642
1649
1649
1649
1643
1644
1647
1645
1649
1643
1648
1642
1643
1643
1641
1645
1642
1648
1654
1647
1649
1649
1648
1642
1644
1636
1636
1627
1603
1569
1521
1454
1409
1340
1292
1280
1318
1373
1454
1526
1570
1595
1617
1637
1650
1662
1673
1670
1670
1674
1674
1677
1676
1677
1677
1680
1681
1681
1680
1681
1680
1683
1686
1683
1686
1687
1688
1687
1694
1687
1692
1694
1696
1696
1698
1696
1696
1693
1693
1700
1695
1692
1693
1694
1694
1692
1688
1711
1722
1706
1700
1695
1687
1677
1670
1666
1662
1659
1655
1659
1656
1649
1654
1649
1645
1642
1644
1642
1641
1641
1643
1643
1642
1643
1640
1642
1641
1645
1645
1642
1643
1642
1647
1645
1648
1643
1645
1643
1642
1644
1643
1645
1649
1649
1653
1650
1650
1645
1649
1650
1654
1654
1650
1655
1650
1653
1653
1650
1653
1650
1655
1654
1650
1650
1647
1653
1647
1651
1648
1650
1649
1648
1650
1649
1649
1643
1643
1641
1640
1641
1638
1632
1636
1640
1640
1640
1637
1638
1641
1641
1641
1642
1643
1640
1645
1649
1641
1641
1637
1641
1640
1641
1640
1635
1643
1645
1649
1641
1641
1640
1640
1641
1640
1640
1634
1642
1629
1612
1572
1526
1477
1416
1345
1300
1281
1285
1330
1405
1487
1540
1573
1602
1622
1636
1644
1649
1656
1663
1662
1666
1664
1664
1669
1669
1673
1675
1669
1670
1676
1672
1674
1676
1676
1676
1675
1679
1680
1681
1681
1681
1679
1683
1685
1687
1683
1683
1685
1686
1683
1681
1687
1689
1685
1686
1685
1682
1677
1679
1675
1673
1669
1664
1662
1659
1653
1654
1649
1649
1649
1642
1640
1635
1634
1631
1630
1632
1636
1631
1631
1636
1640
1638
1640
1640
1641
1642
1641
1641
1640
1635
1640
1636
1641
1636
1638
1640
1638
1636
1634
1635
1631
1630
1636
1640
1636
1637
1634
1640
1638
1641
1641
1638
1640
1641
1647
1644
1643
1643
1641
1645
1641
1645
1640
1641
1638
1641
1641
1635
1638
1635
1632
1616
1589
1553
1518
1466
1425
1366
1331
1334
1385
1442
1507
1541
1567
1586
1611
1622
1631
1638
1641
1650
1655
1660
1662
1660
1662
1662
1668
1670
1669
1669
1669
1670
1672
1673
1669
1672
1676
1679
1679
1680
1675
1677
1679
1677
1677
1676
1635
1659
1667
1675
1674
1674
1677
1679
1679
1681
1680
1677
1675
1672
1673
1673
1663
1661
1660
1651
1654
1649
1649
1649
1649
1640
1641
1641
1632
1641
1636
1638
1635
1636
1636
1636
1637
1638
1641
1641
1644
1640
1641
1635
1636
1635
1638
1641
1640
1642
1641
1648
1645
1649
1645
1643
1641
1641
1643
1643
1643
1640
1643
1643
1642
1645
1643
1645
1643
1643
1643
1645
1641
1642
1643
1640
1641
1641
1643
1641
1643
1641
1643
1640
1640
1640
1636
1637
1636
1640
1637
1636
1635
1638
1638
1638
1640
1640
1640
1638
1640
1640
1641
1640
1637
1637
1635
1636
1634
1636
1636
1636
1640
1636
1635
1634
1631
1631
1635
1634
1636
1635
1635
1636
1636
1635
1634
1630
1635
1636
1636
1640
1631
1632
1630
1631
1631
1632
1632
1631
1631
1627
1627
1627
1624
1624
1629
1628
1627
1627
1630
1631
1636
1638
1641
1636
1635
1635
1634
1632
1631
1636
1634
1636
1632
1635
1634
1636
1637
1642
1638
1635
1640
1632
1636
1632
1624
1605
1573
1530
1488
1430
1370
1315
1288
1298
1345
1406
1473
1534
1570
1596
1618
1631
1644
1648
1653
1656
1662
1662
1664
1668
1668
1668
1666
1668
1667
1668
1668
1670
1673
1672
1673
1674
1676
1679
1675
1674
1675
1674
1677
1677
1681
1679
1679
1682
1679
1676
1679
1679
1681
1681
1681
1677
1677
1676
1673
1669
1673
1672
1673
1664
1660
1660
1659
1655
1650
1643
1642
1640
1636
1638
1636
1631
1631
1630
1634
1632
1635
1631
1637
1636
1636
1641
1634
1632
1634
1635
1636
1635
1634
1635
1636
1635
1638
1635
1635
1638
1641
1638
1641
1636
1638
1636
1641
1643
1643
1641
1643
1649
1649
1650
1650
1645
1649
1649
1650
1650
1650
1648
1693
1677
1667
1660
1654
1651
1653
1650
1650
1649
1649
1647
1648
1649
1645
1647
1643
1642
1642
1641
1637
1637
1637
1635
1632
1634
1640
1637
1640
1640
1643
1636
1640
1644
1643
1648
1641
1645
1648
1643
1643
1641
1641
1637
1642
1643
1645
1644
1644
1643
1641
1642
1641
1641
1640
1642
1641
1636
1627
1610
1574
1537
1480
1423
1354
1308
1294
1321
1378
1448
1518
1567
1596
1617
1635
1643
1653
1661
1662
1669
1668
1662
1669
1672
1672
1670
1673
1673
1673
1669
1672
1673
1672
1674
1681
1679
1677
1679
1681
1680
1683
1685
1686
1683
1680
1687
1688
1683
1687
1685
1686
1687
1687
1683
1682
1683
1680
1682
1679
1681
1675
1675
1668
1668
1663
1660
1657
1655
1654
1650
1645
1643
1637
1637
1641
1637
1640
1640
1641
1638
1640
1635
1638
1635
1640
1638
1641
1643
1636
1641
1640
1642
1637
1638
1638
1638
1640
1641
1642
1641
1645
1645
1647
1645
1645
1643
1643
1648
1653
1649
1650
1643
1649
1650
1649
1651
1651
1655
1655
1651
1654
1651
1650
1649
1648
1650
1648
1653
1649
1649
1648
1642
1645
1641
1645
1645
1642
1640
1638
1638
1641
1640
1641
1643
1641
1640
1645
1643
1643
1640
1643
1642
1641
1643
1644
1645
1643
1650
1653
1645
1645
1648
1650
1645
1642
1644
1643
1645
1645
1649
1645
1642
1645
1641
1636
1627
1614
1585
1539
1481
1428
1351
1298
1260
1281
1340
1416
1498
1559
1590
1618
1641
1649
1654
1660
1664
1670
1670
1667
1676
1679
1679
1686
1683
1680
1680
1681
1679
1681
1683
1681
1683
1683
1689
1686
1683
1685
1688
1688
1692
1693
1693
1693
1692
1693
1694
1695
1694
1698
1702
1695
1692
1693
1692
1687
1687
1685
1681
1677
1677
1724
1708
1692
1683
1677
1669
1668
1660
1659
1653
1653
1650
1648
1641
1640
1643
1637
1640
1640
1643
1641
1643
1643
1643
1645
1641
1645
1645
1642
1643
1643
1642
1643
1647
1649
1649
1644
1644
1650
1648
1649
1648
1648
1650
1649
1653
1648
1650
1650
1651
1655
1654
1655
1657
1659
1655
1655
1656
1653
1653
1651
1657
1659
1651
1655
1650
1655
1651
1650
1649
1647
1650
1645
1643
1641
1636
1640
1640
1644
1649
1645
1643
1644
1649
1649
1650
1645
1645
1641
1644
1648
1643
1644
1643
1650
1642
1642
1642
1638
1641
1642
1650
1650
1649
1647
1648
1645
1641
1643
1641
1629
1608
1573
1528
1485
1414
1353
1292
1275
1287
1351
1416
1488
1546
1579
1601
1624
1636
1645
1654
1659
1661
1669
1667
1669
1672
1669
1670
1673
1669
1673
1674
1673
1677
1677
1677
1679
1681
1676
1680
1681
1683
1682
1683
1683
1688
1687
1688
1690
1687
1683
1688
1687
1685
1686
1687
1686
1687
1688
1685
1681
1679
1680
1679
1674
1669
1663
1660
1659
1661
1659
1654
1649
1643
1643
1641
1641
1635
1635
1636
1635
1638
1636
1636
1636
1638
1640
1637
1635
1636
1638
1635
1638
1636
1636
1637
1636
1638
1638
1637
1634
1638
1631
1637
1638
1641
1642
1643
1645
1641
1643
1643
1648
1645
1644
1649
1648
1648
1650
1650
1653
1648
1647
1645
1651
1651
1651
1650
1648
1649
1650
1650
1645
1649
1650
1644
1645
1647
1647
1645
1641
1645
1638
1636
1631
1636
1634
1640
1638
1641
1641
1640
1641
1641
1643
1641
1645
1643
1644
1644
1643
1645
1644
1644
1643
1643
1640
1640
1641
1640
1645
1642
1645
1643
1647
1645
1648
1641
1640
1640
1631
1616
1590
1554
1511
1463
1397
1353
1308
1357
1371
1425
1488
1540
1574
1599
1621
1637
1645
1655
1660
1667
1669
1669
1662
1664
1666
1668
1673
1673
1669
1669
1674
1672
1676
1673
1672
1674
1679
1679
1681
1680
1682
1680
1683
1682
1682
1683
1687
1690
1687
1692
1690
1686
1685
1689
1688
1683
1683
1682
1686
1679
1676
1674
1673
1669
1669
1664
1662
1657
1650
1648
1645
1641
1642
1641
1641
1640
1642
1641
1636
1635
1638
1636
1638
1636
1636
1637
1637
1641
1640
1640
1638
1638
1636
1640
1636
1637
1636
1636
1640
1636
1637
1632
1640
1637
1638
1636
1638
1638
1637
1643
1644
1643
1642
1649
1650
1648
1649
1647
1645
1648
1644
1649
1649
1650
1645
1649
1645
1641
1644
1644
1647
1645
1647
1647
1643
1648
1641
1645
1640
1640
1641
1640
1643
1638
1636
1630
1631
1625
1631
1631
1629
1631
1632
1635
1631
1636
1635
1640
1637
1643
1638
1636
1636
1638
1640
1638
1644
1638
1641
1641
1640
1641
1635
1640
1635
1640
1631
1636
1634
1640
1635
1642
1635
1622
1592
1557
1512
1473
1398
1350
1308
1290
1332
1386
1455
1518
1560
1589
1610
1628
1640
1641
1649
1653
1659
1659
1655
1659
1663
1663
1662
1667
1667
1663
1667
1667
1668
1667
1664
1669
1673
1670
1676
1674
1673
1674
1679
1676
1674
1674
1677
1679
1680
1676
1676
1680
1681
1677
1677
1677
1674
1676
1676
1670
1667
1669
1664
1662
1657
1657
1650
1649
1649
1645
1644
1634
1632
1636
1635
1631
1632
1631
1635
1631
1631
1630
1629
1630
1630
1631
1631
1632
1630
1632
1630
1635
1625
1632
1624
1632
1630
1635
1631
1636
1635
1632
1631
1631
1631
1631
1634
1631
1635
1631
1638
1636
1640
1641
1647
1645
1642
1642
1642
1643
1642
1642
1638
1621
1632
1635
1635
1632
1640
1641
1643
1638
1636
1636
1638
1638
1636
1636
1635
1638
1641
1641
1638
1634
1630
1631
1627
1627
1625
1624
1628
1627
1625
1629
1628
1630
1631
1635
1635
1636
1635
1636
1636
1632
1632
1630
1634
1632
1635
1635
1635
1632
1631
1632
1636
1636
1630
1631
1631
1631
1631
1624
1610
1579
1548
1518
1453
1395
1335
1302
1285
1333
1395
1464
1526
1563
1589
1609
1624
1631
1638
1643
1648
1651
1654
1649
1653
1654
1654
1654
1650
1653
1655
1655
1657
1656
1660
1659
1660
1662
1662
1661
1660
1662
1663
1667
1668
1674
1673
1670
1674
1669
1668
1669
1668
1670
1674
1668
1672
1666
1667
1664
1666
1659
1659
1650
1654
1648
1643
1642
1641
1641
1635
1636
1631
1630
1623
1623
1621
1622
1622
1624
1624
1624
1621
1622
1621
1621
1621
1622
1621
1624
1618
1622
1624
1627
1622
1627
1624
1629
1624
1623
1624
1623
1622
1624
1627
1636
1624
1625
1630
1630
1630
1629
1630
1629
1628
1628
1631
1631
1632
1637
1636
1632
1635
1640
1638
1635
1632
1635
1631
1632
1630
1631
1631
1632
1630
1635
1631
1635
1630
1630
1627
1630
1629
1623
1622
1622
1619
1621
1621
1625
1625
1622
1624
1624
1622
1621
1624
1624
1627
1627
1630
1629
1634
1627
1631
1629
1630
1624
1627
1628
1630
1631
1623
1625
1627
1629
1628
1629
1625
1630
1630
1631
1622
1603
1570
1527
1476
1421
1340
1292
1250
1267
1322
1398
1477
1532
1567
1593
1616
1630
1635
1645
1649
1654
1656
1656
1660
1660
1663
1667
1664
1664
1667
1662
1664
1667
1667
1668
1669
1668
1674
1673
1672
1674
1675
1676
1677
1673
1676
1677
1679
1679
1683
1679
1675
1676
1679
1677
1680
1679
1679
1672
1650
1655
1660
1659
1655
1655
1650
1653
1642
1645
1640
1643
1640
1636
1635
1631
1631
1630
1630
1625
1625
1628
1629
1624
1624
1622
1624
1623
1627
1622
1627
1623
1629
1624
1628
1625
1630
1627
1635
1632
1635
1632
1635
1630
1635
1632
1636
1634
1631
1631
1635
1635
1631
1637
1636
1643
1636
1641
1641
1642
1637
1641
1644
1640
1635
1636
1640
1638
1640
1635
1641
1641
1642
1638
1635
1634
1630
1631
1631
1631
1627
1623
1627
1627
1627
1630
1627
1630
1630
1630
1630
1631
1629
1631
1629
1632
1634
1630
1629
1631
1631
1631
1629
1631
1631
1631
1635
1632
1629
1628
1631
1628
1630
1629
1631
1631
1631
1628
1629
1611
1593
1551
1512
1453
1393
1321
1282
1269
1281
1350
1411
1489
1537
1571
1592
1612
1621
1631
1641
1641
1649
1654
1655
1657
1659
1659
1660
1653
1659
1659
1657
1663
1660
1660
1662
1661
1664
1664
1663
1667
1669
1664
1672
1667
1668
1670
1673
1675
1673
1666
1669
1674
1669
1670
1673
1669
1669
1669
1668
1667
1663
1657
1662
1656
1655
1651
1643
1642
1640
1636
1629
1629
1622
1624
1624
1623
1617
1623
1618
1622
1621
1622
1617
1617
1621
1623
1622
1622
1618
1624
1621
1625
1621
1622
1619
1622
1621
1624
1621
1622
1621
1622
1619
1628
1625
1625
1624
1630
1629
1630
1625
1630
1631
1635
1636
1634
1631
1632
1635
1631
1632
1631
1634
1634
1636
1636
1638
1636
1632
1636
1634
1636
1634
1635
1636
1636
1631
1632
1629
1628
1627
1631
1625
1625
1622
1623
1619
1624
1621
1625
1622
1627
1629
1627
1627
1630
1630
1630
1630
1631
1629
1624
1624
1629
1628
1631
1631
1631
1631
1631
1631
1631
1629
1627
1631
1631
1629
1624
1630
1627
1628
1655
1668
1636
1592
1554
1507
1443
1379
1309
1282
1282
1333
1395
1463
1522
1564
1592
1610
1624
1632
1640
1645
1649
1653
1654
1655
1657
1655
1655
1660
1659
1660
1664
1663
1666
1664
1663
1669
1669
1663
1668
1668
1668
1673
1670
1673
1673
1669
1674
1679
1675
1673
1673
1674
1676
1677
1674
1674
1673
1673
1674
1669
1664
1661
1661
1660
1657
1654
1659
1645
1649
1640
1641
1636
1630
1627
1629
1629
1623
1622
1622
1622
1625
1623
1627
1624
1625
1629
1627
1624
1627
1627
1629
1630
1629
1623
1623
1624
1622
1624
1619
1622
1624
1627
1623
1629
1627
1630
1629
1632
1631
1631
1624
1630
1631
1631
1634
1636
1636
1635
1636
1636
1636
1635
1636
1636
1635
1632
1636
1638
1636
1632
1631
1635
1630
1627
1630
1631
1632
1631
1631
1631
1625
1627
1627
1627
1627
1630
1631
1629
1628
1621
1622
1617
1622
1622
1622
1624
1625
1624
1624
1625
1628
1627
1627
1629
1631
1624
1624
1629
1630
1624
1629
1627
1629
1631
1631
1635
1631
1631
1630
1627
1625
1627
1623
1625
1630
1622
1618
1602
1573
1527
1495
1440
1371
1324
1286
1285
1337
1401
1473
1526
1564
1586
1612
1627
1635
1642
1643
1650
1655
1654
1654
1657
1659
1659
1657
1655
1660
1660
1664
1664
1664
1663
1663
1667
1669
1668
1663
1667
1669
1673
1673
1673
1670
1669
1673
1676
1675
1676
1669
1676
1676
1673
1675
1677
1673
1670
1670
1669
1667
1662
1663
1662
1655
1653
1645
1645
1640
1638
1640
1635
1631
1631
1631
1628
1624
1631
1631
1631
1632
1634
1632
1624
1627
1627
1631
1630
1630
1630
1632
1630
1634
1628
1630
1627
1632
1625
1629
1627
1630
1635
1635
1640
1638
1635
1631
1635
1635
1632
1627
1634
1631
1635
1640
1640
1642
1642
1643
1642
1643
1640
1641
1638
1641
1641
1641
1641
1640
1641
1642
1644
1641
1642
1642
1640
1640
1638
1637
1631
1636
1631
1631
1634
1636
1637
1640
1638
1640
1631
1627
1624
1627
1628
1627
1627
1631
1631
1632
1636
1635
1635
1635
1640
1632
1632
1635
1634
1634
1635
1632
1635
1634
1635
1636
1636
1635
1631
1630
1634
1636
1630
1635
1635
1632
1628
1627
1617
1597
1563
1524
1466
1412
1350
1305
1275
1289
1356
1422
1495
1546
1578
1602
1622
1635
1642
1645
1657
1655
1660
1659
1657
1659
1667
1662
1666
1663
1663
1668
1664
1669
1668
1668
1669
1672
1669
1669
1672
1669
1669
1674
1674
1676
1672
1674
1674
1677
1670
1673
1676
1675
1677
1679
1679
1673
1677
1672
1672
1667
1662
1661
1659
1654
1659
1650
1650
1648
1645
1643
1636
1638
1631
1632
1631
1635
1630
1630
1629
1631
1627
1625
1624
1625
1623
1628
1629
1631
1630
1625
1627
1627
1627
1630
1630
1630
1631
1632
1635
1630
1631
1629
1630
1631
1631
1631
1635
1632
1634
1635
1634
1635
1631
1638
1636
1638
1634
1640
1638
1637
1636
1636
1640
1636
1637
1640
1641
1635
1635
1635
1638
1640
1635
1636
1636
1638
1632
1635
1629
1631
1630
1635
1631
1634
1624
1627
1624
1625
1625
1624
1624
1629
1627
1627
1630
1627
1629
1630
1634
1640
1631
1630
1631
1631
1635
1635
1636
1631
1630
1631
1635
1631
1630
1627
1627
1630
1630
1630
1631
1630
1631
1631
1625
1612
1589
1551
1507
1454
1393
1333
1289
1272
1314
1357
1428
1502
1551
1577
1602
1621
1630
1640
1643
1649
1651
1654
1656
1660
1662
1660
1662
1666
1663
1664
1666
1662
1662
1662
1664
1672
1653
1689
1686
1674
1677
1675
1675
1673
1672
1674
1677
1679
1677
1674
1676
1676
1677
1679
1674
1675
1676
1674
1672
1673
1667
1664
1662
1659
1656
1650
1649
1645
1642
1641
1637
1631
1630
1630
1630
1625
1627
1625
1624
1629
1630
1631
1627
1629
1630
1628
1629
1629
1623
1624
1623
1627
1624
1627
1624
1627
1629
1627
1624
1627
1625
1627
1627
1630
1623
1622
1625
1630
1634
1636
1636
1634
1629
1635
1640
1632
1635
1635
1638
1635
1641
1635
1635
1634
1635
1637
1638
1636
1634
1635
1630
1631
1629
1631
1630
1630
1631
1631
1627
1629
1625
1628
1625
1629
1627
1630
1624
1623
1621
1622
1619
1621
1621
1624
1621
1625
1623
1622
1624
1625
1622
1622
1622
1624
1621
1622
1622
1621
1621
1627
1624
1625
1622
1622
1622
1622
1621
1622
1622
1622
1622
1623
1624
1624
1618
1617
1605
1583
1539
1501
1442
1377
1319
1285
1270
1302
1370
1435
1502
1544
1577
1601
1619
1627
1634
1640
1642
1642
1649
1649
1654
1654
1654
1657
1650
1659
1660
1659
1662
1662
1659
1660
1657
1660
1662
1659
1663
1662
1660
1668
1669
1667
1669
1663
1667
1669
1668
1668
1669
1670
1669
1673
1669
1666
1664
1664
1667
1663
1662
1659
1653
1650
1650
1648
1645
1641
1642
1631
1636
1627
1628
1623
1624
1622
1625
1623
1622
1621
1625
1622
1624
1625
1624
1622
1624
1622
1624
1621
1622
1622
1623
1621
1624
1622
1623
1623
1627
1622
1627
1627
1629
1631
1630
1627
1629
1623
1627
1628
1628
1631
1631
1636
1635
1635
1631
1632
1631
1634
1636
1641
1635
1636
1636
1640
1637
1632
1631
1636
1636
1630
1632
1631
1631
1628
1631
1628
1629
1630
1635
1630
1631
1630
1631
1630
1627
1630
1615
1635
1636
1631
1631
1631
1624
1624
1615
1623
1618
1621
1619
1622
1627
1624
1622
1622
1624
1624
1624
1629
1630
1628
1624
1625
1629
1631
1624
1625
1624
1625
1624
1625
1624
1627
1625
1632
1629
1629
1624
1625
1624
1621
1609
1579
1539
1499
1474
1402
1333
1288
1289
1324
1390
1459
1518
1551
1579
1598
1618
1623
1631
1638
1644
1650
1651
1654
1651
1654
1657
1655
1653
1655
1657
1660
1659
1661
1663
1662
1662
1660
1662
1663
1664
1666
1672
1667
1668
1668
1664
1669
1669
1669
1674
1668
1673
1676
1674
1670
1669
1670
1663
1664
1662
1657
1657
1654
1653
1649
1649
1649
1641
1640
1635
1636
1629
1627
1621
1624
1622
1623
1621
1622
1622
1623
1621
1625
1622
1623
1619
1622
1619
1621
1618
1622
1622
1623
1627
1625
1622
1624
1622
1623
1622
1624
1622
1624
1623
1624
1622
1622
1622
1625
1627
1625
1625
1632
1634
1631
1632
1631
1634
1629
1631
1632
1638
1632
1632
1635
1635
1636
1631
1627
1629
1631
1629
1627
1627
1631
1630
1631
1631
1634
1630
1630
1627
1630
1629
1627
1624
1624
1621
1621
1622
1621
1619
1623
1622
1624
1619
1621
1615
1616
1612
1616
1617
1621
1624
1625
1624
1623
1621
1624
1623
1624
1623
1627
1624
1623
1624
1625
1622
1623
1627
1631
1629
1631
1630
1630
1630
1630
1630
1624
1624
1625
1627
1623
1617
1603
1571
1530
1470
1422
1348
1300
1272
1295
1352
1418
1492
1546
1576
1601
1618
1629
1637
1641
1650
1655
1659
1661
1660
1659
1663
1662
1662
1662
1662
1662
1669
1667
1668
1669
1667
1668
1669
1670
1673
1673
1674
1676
1680
1679
1679
1677
1677
1675
1680
1674
1675
1679
1681
1681
1682
1680
1679
1679
1674
1674
1669
1654
1631
1641
1644
1649
1643
1645
1641
1642
1641
1632
1631
1632
1631
1627
1624
1623
1622
1623
1622
1622
1624
1623
1623
1627
1629
1625
1623
1622
1627
1628
1624
1622
1621
1623
1624
1627
1622
1624
1623
1627
1629
1630
1630
1631
1634
1630
1635
1635
1632
1635
1637
1636
1640
1638
1637
1636
1637
1640
1640
1636
1636
1640
1637
1636
1638
1638
1635
1636
1638
1640
1640
1636
1638
1641
1640
1636
1638
1636
1635
1631
1634
1632
1632
1635
1635
1635
1632
1636
1630
1628
1629
1630
1624
1622
1622
1627
1627
1630
1630
1632
1634
1638
1638
1632
1634
1630
1631
1631
1630
1625
1631
1631
1638
1636
1638
1635
1634
1634
1632
1632
1634
1631
1635
1632
1631
1630
1624
1618
1596
1554
1507
1462
1385
1338
1289
1272
1295
1359
1431
1505
1556
1583
1603
1623
1635
1650
1649
1650
1656
1655
1656
1661
1663
1664
1664
1663
1668
1669
1668
1668
1668
1668
1673
1674
1669
1669
1673
1676
1676
1674
1673
1677
1681
1679
1681
1677
1679
1681
1679
1679
1680
1683
1681
1679
1681
1676
1679
1672
1663
1668
1668
1661
1663
1660
1651
1645
1641
1643
1634
1631
1627
1631
1624
1627
1621
1625
1619
1623
1617
1616
1611
1616
1616
1621
1616
1621
1617
1621
1617
1617
1619
1619
1616
1621
1619
1619
1616
1618
1621
1621
1622
1624
1622
1624
1624
1623
1627
1622
1623
1623
1627
1627
1628
1627
1627
1631
1631
1631
1629
