ROILimits_1,ROILimits_2,Value
229,253,P
260,286,QRS
326,371,T
443,468,P
480,500,QRS
540,584,T
672,696,P
710,735,QRS
771,815,T
908,930,P
945,971,QRS
1004,1049,T
1140,1167,P
1178,1197,QRS
1238,1283,T
1378,1401,P
1416,1441,QRS
1477,1523,T
1620,1645,P
1658,1677,QRS
1717,1787,T
1854,1879,P
1891,1915,QRS
1949,1996,T
2081,2105,P
2121,2146,QRS
2180,2227,T
2310,2335,P
2349,2387,QRS
2410,2456,T
2524,2547,P
2561,2586,QRS
2621,2663,T
2735,2759,P
2772,2792,QRS
2831,2878,T
2950,2974,P
2987,3007,QRS
3048,3094,T
3191,3213,P
3228,3248,QRS
3287,3334,T
3442,3466,P
3477,3498,QRS
3537,3581,T
3685,3712,P
3719,3747,QRS
3784,3829,T
3927,3951,P
3967,3993,QRS
4026,4075,T
4163,4194,P
4200,4224,QRS
4258,4303,T
4380,4402,P
4418,4443,QRS
4475,4522,T
4587,4609,P
4625,4651,QRS
4685,4730,T
4794,4819,P
4833,4853,QRS
4893,4937,T
5004,5027,P
5041,5061,QRS
5100,5144,T
5230,5254,P
5267,5290,QRS
5326,5372,T
5466,5491,P
5505,5532,QRS
5565,5612,T
5688,5718,P
5734,5753,QRS
5794,5839,T
5923,5946,P
5959,5979,QRS
6018,6065,T
6152,6179,P
6182,6210,QRS
6250,6299,T
6389,6412,P
6427,6451,QRS
6487,6532,T
6618,6641,P
6655,6680,QRS
6715,6760,T
6842,6867,P
6880,6904,QRS
6940,6985,T
7069,7092,P
7107,7132,QRS
7167,7213,T
7294,7318,P
7332,7357,QRS
7392,7437,T
7515,7538,P
7552,7576,QRS
7611,7656,T
7737,7760,P
7774,7794,QRS
7835,7880,T
7951,7976,P
7990,8016,QRS
8049,8098,T
8165,8189,P
8202,8222,QRS
8263,8306,T
8390,8404,P
8417,8436,QRS
8476,8522,T
8619,8642,P
8657,8681,QRS
8716,8764,T
8851,8874,P
8889,8913,QRS
8949,8998,T
9080,9104,P
9118,9137,QRS
9178,9221,T
9318,9344,P
9355,9375,QRS
9416,9461,T
9571,9597,P
9609,9628,QRS
9670,9716,T
9822,9845,P
9859,9884,QRS
9920,9965,T
10050,10074,P
10088,10112,QRS
10148,10193,T
10268,10292,P
10306,10325,QRS
10367,10412,T
10496,10519,P
10533,10553,QRS
10596,10640,T
10727,10750,P
10764,10791,QRS
10824,10867,T
10951,10975,P
10988,11015,QRS
11048,11096,T
11174,11199,P
11212,11232,QRS
11273,11317,T
11404,11427,P
11442,11461,QRS
11502,11548,T
11638,11664,P
11675,11702,QRS
11737,11781,T
11874,11896,P
11910,11935,QRS
11970,12018,T
12112,12137,P
12150,12170,QRS
12210,12257,T
12335,12358,P
12373,12399,QRS
12433,12480,T
12544,12570,P
12582,12601,QRS
12643,12688,T
12753,12779,P
12791,12811,QRS
12851,12897,T
12974,12999,P
13012,13036,QRS
13073,13120,T
13211,13235,P
13248,13273,QRS
13308,13353,T
13439,13463,P
13479,13504,QRS
13538,13586,T
13664,13688,P
13702,13722,QRS
13762,13809,T
13890,13914,P
13928,13948,QRS
13989,14034,T
14123,14146,P
14160,14179,QRS
14220,14265,T
14361,14385,P
14399,14423,QRS
14461,14507,T
14591,14614,P
14629,14655,QRS
14693,14735,T
14813,14837,P
14851,14870,QRS
14911,14955,T
15030,15054,P
15068,15087,QRS
15128,15173,T
15250,15274,P
15288,15312,QRS
15348,15394,T
15466,15489,P
15505,15531,QRS
15565,15611,T
15682,15706,P
15719,15739,QRS
15779,15823,T
15882,15899,P
15931,15950,QRS
15990,16035,T
16115,16138,P
16152,16188,QRS
16213,16260,T
16339,16361,P
16376,16401,QRS
16435,16484,T
16554,16580,P
16592,16617,QRS
16652,16696,T
16762,16785,P
16789,16823,QRS
16858,16904,T
16974,16998,P
17012,17031,QRS
17073,17119,T
17187,17211,P
17225,17249,QRS
17284,17331,T
17395,17417,P
17432,17458,QRS
17492,17535,T
17594,17618,P
17630,17651,QRS
17694,17734,T
17788,17816,P
17830,17850,QRS
17889,17936,T
17983,18020,P
18026,18053,QRS
18092,18139,T
18190,18219,P
18233,18259,QRS
18292,18336,T
18392,18415,P
18429,18449,QRS
18489,18533,T
18578,18595,P
18628,18647,QRS
18688,18732,T
18796,18820,P
18834,18858,QRS
18890,18939,T
18998,19020,P
19036,19060,QRS
19094,19139,T
19186,19215,P
19229,19248,QRS
19290,19332,T
19380,19406,P
19420,19440,QRS
19481,19525,T
19574,19597,P
19612,19632,QRS
19673,19716,T
19761,19783,P
19799,19818,QRS
19856,19901,T
19945,19971,P
19981,20002,QRS
20039,20082,T
20143,20167,P
20180,20199,QRS
20237,20284,T
20361,20385,P
20399,20424,QRS
20459,20507,T
20583,20604,P
20620,20644,QRS
20678,20723,T
20801,20824,P
20838,20863,QRS
20896,20942,T
21014,21037,P
21052,21078,QRS
21111,21157,T
21229,21252,P
21267,21287,QRS
21326,21373,T
21444,21468,P
21481,21501,QRS
21540,21591,T
21655,21678,P
21692,21711,QRS
21750,21796,T
21865,21885,P
21888,21927,QRS
21962,22009,T
22079,22102,P
22116,22140,QRS
22173,22222,T
22287,22313,P
22324,22352,QRS
22383,22428,T
22489,22511,P
22525,22550,QRS
22582,22629,T
22686,22708,P
22724,22743,QRS
22791,22828,T
22886,22911,P
22924,22944,QRS
22983,23030,T
23091,23114,P
23128,23147,QRS
23185,23231,T
23290,23311,P
23326,23350,QRS
23381,23428,T
23480,23507,P
23520,23544,QRS
23579,23626,T
23677,23702,P
23715,23735,QRS
23775,23819,T
23880,23904,P
23917,23936,QRS
23976,24020,T
24091,24115,P
24127,24146,QRS
24185,24231,T
24289,24308,P
24338,24366,QRS
24400,24442,T
24503,24526,P
24539,24559,QRS
24595,24644,T
24704,24728,P
24742,24762,QRS
24801,24846,T
24904,24931,P
24946,24967,QRS
25006,25051,T
25113,25144,P
25159,25194,QRS
25221,25266,T
25326,25361,P
25374,25393,QRS
25434,25479,T
25553,25577,P
25591,25610,QRS
25648,25694,T
25771,25798,P
25808,25827,QRS
25866,25912,T
25992,26019,P
26031,26055,QRS
26086,26141,T
26202,26227,P
26234,26266,QRS
26298,26348,T
26407,26432,P
26445,26464,QRS
26502,26550,T
26611,26634,P
26648,26667,QRS
26706,26752,T
26823,26846,P
26859,26885,QRS
26919,26994,T
27043,27067,P
27081,27106,QRS
27138,27187,T
27263,27287,P
27299,27324,QRS
27360,27405,T
27481,27505,P
27517,27536,QRS
27573,27622,T
27698,27721,P
27736,27760,QRS
27795,27844,T
27916,27940,P
27954,27979,QRS
28012,28058,T
28128,28151,P
28165,28196,QRS
28222,28268,T
28334,28358,P
28372,28391,QRS
28429,28475,T
28541,28566,P
28578,28603,QRS
28638,28685,T
28747,28770,P
28783,28811,QRS
28842,28887,T
28939,28964,P
28977,29002,QRS
29035,29079,T
29128,29156,P
29169,29189,QRS
29228,29273,T
29335,29359,P
29373,29391,QRS
29430,29478,T
29560,29584,P
29598,29617,QRS
29655,29703,T
29790,29813,P
29827,29846,QRS
29885,29930,T
30018,30042,P
30053,30074,QRS
30114,30159,T
30247,30271,P
30285,30310,QRS
30344,30390,T
30459,30484,P
30498,30523,QRS
30556,30603,T
30660,30683,P
30698,30721,QRS
30757,30800,T
30856,30880,P
30892,30913,QRS
30952,30997,T
31054,31079,P
31092,31112,QRS
31152,31192,T
31260,31284,P
31297,31316,QRS
31354,31400,T
31491,31504,P
31507,31526,QRS
31564,31611,T
31686,31709,P
31723,31747,QRS
31790,31827,T
31910,31933,P
31947,31967,QRS
32007,32053,T
32112,32143,P
32158,32182,QRS
32216,32260,T
32317,32342,P
32356,32374,QRS
32413,32458,T
32515,32540,P
32552,32572,QRS
32609,32657,T
32715,32739,P
32754,32773,QRS
32812,32860,T
32917,32940,P
32955,32980,QRS
33012,33057,T
33115,33139,P
33152,33171,QRS
33209,33253,T
33314,33338,P
33352,33371,QRS
33411,33455,T
33526,33550,P
33563,33583,QRS
33622,33669,T
33741,33767,P
33780,33799,QRS
33838,33883,T
33956,33980,P
33993,34012,QRS
34050,34095,T
34166,34188,P
34204,34230,QRS
34263,34308,T
34370,34394,P
34410,34434,QRS
34468,34514,T
34581,34606,P
34620,34640,QRS
34679,34722,T
34795,34814,P
34829,34849,QRS
34887,34932,T
35009,35037,P
35048,35067,QRS
35105,35152,T
35232,35257,P
35271,35290,QRS
35328,35395,T
35456,35480,P
35494,35516,QRS
35551,35597,T
35674,35701,P
35712,35736,QRS
35770,35817,T
35890,35913,P
35927,35946,QRS
35988,36031,T
36101,36126,P
36138,36159,QRS
36199,36243,T
36311,36335,P
36348,36367,QRS
36406,36450,T
36516,36540,P
36553,36573,QRS
36612,36658,T
36724,36749,P
36762,36782,QRS
36823,36868,T
36929,36953,P
36968,36995,QRS
37028,37071,T
37124,37151,P
37163,37198,QRS
37220,37265,T
37319,37345,P
37358,37377,QRS
37416,37461,T
37529,37554,P
37567,37586,QRS
37626,37671,T
37764,37788,P
37793,37827,QRS
37861,37908,T
38005,38031,P
38043,38062,QRS
38101,38147,T
38238,38262,P
38275,38299,QRS
38334,38380,T
38464,38487,P
38502,38527,QRS
38562,38607,T
38674,38701,P
38713,38737,QRS
38773,38819,T
38879,38904,P
38917,38937,QRS
38975,39018,T
39081,39109,P
39121,39140,QRS
39179,39224,T
39295,39319,P
39333,39352,QRS
39391,39437,T
39501,39515,P
39546,39571,QRS
39603,39649,T
39723,39746,P
39760,39779,QRS
39819,39862,T
39940,39964,P
39977,39996,QRS
40037,40081,T
40168,40199,P
40206,40226,QRS
40266,40311,T
40397,40421,P
40434,40453,QRS
40499,40537,T
40611,40634,P
40643,40674,QRS
40707,40753,T
40817,40839,P
40856,40880,QRS
40915,40961,T
41024,41047,P
41062,41082,QRS
41122,41167,T
41231,41257,P
41270,41289,QRS
41328,41372,T
41444,41470,P
41482,41501,QRS
41539,41587,T
41656,41681,P
41695,41714,QRS
41753,41800,T
41870,41894,P
41909,41928,QRS
41966,42013,T
42083,42108,P
42122,42141,QRS
42181,42224,T
42291,42314,P
42328,42347,QRS
42387,42431,T
42495,42521,P
42534,42553,QRS
42592,42638,T
42694,42718,P
42732,42756,QRS
42791,42834,T
42886,42910,P
42924,42947,QRS
42982,43026,T
43070,43094,P
43109,43128,QRS
43167,43210,T
43248,43280,P
43295,43314,QRS
43354,43397,T
43429,43465,P
43480,43499,QRS
43536,43583,T
43628,43652,P
43666,43685,QRS
43722,43768,T
43826,43848,P
43862,43887,QRS
43920,43965,T
44031,44054,P
44069,44099,QRS
44126,44172,T
44241,44263,P
44279,44302,QRS
44337,44384,T
44452,44475,P
44489,44508,QRS
44547,44592,T
44657,44684,P
44689,44717,QRS
44754,44799,T
44872,44895,P
44909,44928,QRS
44968,45007,T
45084,45109,P
45123,45146,QRS
45181,45228,T
45295,45322,P
45336,45360,QRS
45394,45439,T
45505,45528,P
45542,45561,QRS
45600,45645,T
45709,45733,P
45739,45771,QRS
45803,45849,T
45907,45933,P
45937,45970,QRS
46002,46049,T
46103,46128,P
46142,46161,QRS
46197,46243,T
46298,46322,P
46335,46354,QRS
46393,46435,T
46489,46515,P
46529,46548,QRS
46585,46633,T
46693,46717,P
46724,46755,QRS
46787,46835,T
46887,46915,P
46929,46955,QRS
46984,47029,T
47079,47109,P
47124,47143,QRS
47178,47228,T
47279,47303,P
47317,47337,QRS
47373,47419,T
47480,47505,P
47518,47537,QRS
47575,47622,T
47677,47701,P
47715,47734,QRS
47773,47819,T
47869,47893,P
47906,47925,QRS
47963,48010,T
48052,48078,P
48090,48109,QRS
48147,48193,T
48233,48256,P
48271,48295,QRS
48328,48374,T
48413,48438,P
48451,48475,QRS
48507,48553,T
48593,48614,P
48630,48649,QRS
48685,48730,T
48773,48796,P
48810,48829,QRS
48866,48910,T
48963,48988,P
49001,49025,QRS
49058,49102,T
49164,49186,P
49201,49225,QRS
49260,49304,T
49372,49395,P
49408,49428,QRS
49465,49510,T
49572,49595,P
49609,49634,QRS
49665,49709,T
49767,49792,P
49807,49826,QRS
49864,49908,T
49972,49995,P
50011,50030,QRS
50068,50116,T
50183,50207,P
50221,50243,QRS
50276,50325,T
50393,50414,P
50429,50448,QRS
50485,50533,T
50609,50635,P
50647,50671,QRS
50703,50750,T
50826,50849,P
50863,50888,QRS
50921,50967,T
51038,51064,P
51077,51096,QRS
51135,51180,T
51250,51274,P
51288,51307,QRS
51345,51389,T
51458,51481,P
51495,51514,QRS
51553,51597,T
51670,51695,P
51708,51733,QRS
51767,51812,T
51881,51908,P
51920,51939,QRS
51979,52024,T
52092,52116,P
52129,52148,QRS
52186,52231,T
52288,52321,P
52334,52361,QRS
52394,52436,T
52494,52517,P
52533,52559,QRS
52592,52636,T
52696,52720,P
52734,52753,QRS
52793,52836,T
52897,52923,P
52935,52954,QRS
52991,53036,T
53094,53126,P
53142,53165,QRS
53198,53245,T
53313,53337,P
53352,53376,QRS
53410,53455,T
53522,53546,P
53559,53579,QRS
53617,53662,T
53729,53753,P
53767,53792,QRS
53823,53868,T
53928,53953,P
53967,53994,QRS
54023,54071,T
54123,54146,P
54162,54182,QRS
54221,54265,T
54303,54341,P
54356,54375,QRS
54413,54457,T
54498,54530,P
54544,54564,QRS
54602,54645,T
54699,54723,P
54737,54756,QRS
54795,54838,T
54895,54925,P
54940,54965,QRS
54997,55045,T
55107,55130,P
55146,55165,QRS
55202,55249,T
55315,55338,P
55352,55372,QRS
55409,55455,T
55523,55548,P
55563,55582,QRS
55620,55666,T
55743,55766,P
55781,55805,QRS
55840,55887,T
55961,55987,P
56001,56020,QRS
56057,56102,T
56181,56206,P
56218,56237,QRS
56276,56321,T
56392,56425,P
56439,56458,QRS
56496,56543,T
56628,56652,P
56666,56691,QRS
56724,56772,T
56858,56881,P
56896,56915,QRS
56953,57003,T
57080,57103,P
57117,57142,QRS
57175,57219,T
57302,57323,P
57337,57360,QRS
57394,57442,T
57516,57540,P
57555,57574,QRS
57614,57660,T
57728,57753,P
57760,57794,QRS
57824,57868,T
57928,57951,P
57966,57985,QRS
58023,58069,T
58127,58153,P
58166,58186,QRS
58224,58269,T
58334,58357,P
58372,58392,QRS
58429,58474,T
58552,58575,P
58590,58609,QRS
58647,58692,T
58771,58800,P
58800,58829,QRS
58868,58913,T
58994,59017,P
59031,59050,QRS
59088,59135,T
59210,59234,P
59248,59273,QRS
59306,59353,T
59415,59437,P
59452,59477,QRS
59509,59553,T
59616,59640,P
59653,59706,QRS
59712,59757,T
59819,59845,P
59857,59877,QRS
59915,60003,T
60029,60053,P
60067,60086,QRS
60124,60168,T
60242,60267,P
60279,60312,QRS
60336,60381,T
60451,60475,P
60488,60507,QRS
60545,60590,T
60661,60684,P
60699,60718,QRS
60756,60803,T
60872,60897,P
60911,60930,QRS
60968,61014,T
61078,61101,P
61107,61140,QRS
61172,61216,T
61269,61294,P
61309,61329,QRS
61367,61411,T
61466,61490,P
61504,61523,QRS
61562,61609,T
61665,61689,P
61704,61724,QRS
61760,61805,T
61872,61896,P
61910,61929,QRS
61965,62010,T
62087,62112,P
62126,62145,QRS
62183,62233,T
62311,62337,P
62349,62369,QRS
62406,62453,T
62528,62553,P
62566,62590,QRS
62622,62669,T
62729,62753,P
62768,62787,QRS
62824,62874,T
62929,62952,P
62962,62986,QRS
63025,63068,T
63132,63152,P
63163,63194,QRS
63228,63272,T
63339,63365,P
63378,63398,QRS
63435,63481,T
63548,63570,P
63586,63628,QRS
63640,63688,T
63760,63784,P
63790,63823,QRS
63854,63900,T
63967,63995,P
64011,64029,QRS
64067,64116,T
64183,64214,P
64221,64241,QRS
64279,64324,T
64400,64423,P
64438,64457,QRS
64496,64538,T
64625,64649,P
64662,64681,QRS
64720,64766,T
64841,64867,P
64882,64902,QRS
64940,64987,T
65054,65078,P
65092,65116,QRS
65149,65195,T
65260,65286,P
65298,65317,QRS
65355,65398,T
65462,65486,P
65501,65520,QRS
65558,65603,T
65667,65692,P
65698,65726,QRS
65765,65811,T
65874,65899,P
65912,65936,QRS
65969,66014,T
66076,66099,P
66113,66132,QRS
66170,66214,T
66279,66303,P
66317,66337,QRS
66375,66421,T
66490,66513,P
66528,66553,QRS
66584,66632,T
66700,66723,P
66737,66762,QRS
66794,66840,T
66899,66930,P
66942,66966,QRS
66998,67043,T
67100,67123,P
67139,67163,QRS
67195,67241,T
67300,67324,P
67338,67358,QRS
67396,67442,T
67495,67527,P
67540,67559,QRS
67597,67642,T
67710,67732,P
67747,67766,QRS
67806,67849,T
67921,67943,P
67958,67978,QRS
68015,68061,T
68137,68161,P
68175,68195,QRS
68234,68279,T
68353,68378,P
68391,68411,QRS
68449,68495,T
68558,68581,P
68595,68619,QRS
68653,68696,T
68753,68778,P
68792,68812,QRS
68850,68895,T
68950,68975,P
68989,69008,QRS
69046,69092,T
69147,69170,P
69185,69204,QRS
69242,69286,T
69344,69371,P
69383,69402,QRS
69439,69483,T
69549,69573,P
69586,69610,QRS
69645,69689,T
69762,69786,P
69802,69822,QRS
69860,69905,T
69984,70008,P
70021,70041,QRS
70079,70124,T
70203,70224,P
70240,70259,QRS
70297,70341,T
70416,70440,P
70454,70478,QRS
70513,70557,T
70628,70651,P
70666,70692,QRS
70723,70769,T
70831,70859,P
70871,70898,QRS
70927,70973,T
71028,71052,P
71065,71109,QRS
71121,71166,T
71216,71240,P
71254,71274,QRS
71312,71355,T
71401,71429,P
71445,71465,QRS
71503,71546,T
71591,71616,P
71629,71649,QRS
71686,71732,T
71775,71799,P
71813,71832,QRS
71869,71914,T
71966,71991,P
72004,72029,QRS
72061,72105,T
72170,72197,P
72210,72229,QRS
72268,72311,T
72379,72402,P
72417,72436,QRS
72474,72520,T
72588,72621,P
72625,72644,QRS
72680,72727,T
72799,72822,P
72836,72855,QRS
72892,72939,T
73011,73035,P
73049,73073,QRS
73107,73153,T
73227,73251,P
73265,73289,QRS
73322,73369,T
73435,73460,P
73473,73492,QRS
73529,73574,T
73637,73660,P
73673,73700,QRS
73733,73776,T
73833,73856,P
73871,73895,QRS
73929,73974,T
74029,74052,P
74067,74086,QRS
74124,74168,T
74221,74245,P
74259,74278,QRS
74314,74359,T
74422,74445,P
74460,74479,QRS
74515,74561,T
74633,74657,P
74671,74695,QRS
74728,74776,T
74849,74872,P
74887,74906,QRS
74944,74988,T
75064,75089,P
75101,75120,QRS
75158,75202,T
75277,75300,P
75314,75333,QRS
75371,75416,T
75487,75510,P
75524,75549,QRS
75581,75627,T
75694,75716,P
75732,75757,QRS
75789,75833,T
75891,75917,P
75930,75949,QRS
75987,76031,T
76089,76112,P
76127,76146,QRS
76184,76229,T
76292,76318,P
76330,76350,QRS
76388,76432,T
76505,76534,P
76547,76566,QRS
76604,76649,T
76727,76752,P
76765,76784,QRS
76822,76867,T
76939,76966,P
76978,77002,QRS
77034,77080,T
77146,77172,P
77187,77211,QRS
77245,77291,T
77352,77386,P
77391,77419,QRS
77457,77500,T
77574,77597,P
77610,77630,QRS
77667,77708,T
77789,77813,P
77827,77846,QRS
77883,77928,T
78004,78032,P
78047,78067,QRS
78106,78152,T
78226,78249,P
78264,78283,QRS
78320,78367,T
78433,78456,P
78469,78494,QRS
78525,78572,T
78625,78655,P
78668,78693,QRS
78724,78770,T
78827,78851,P
78866,78885,QRS
78924,78969,T
79029,79053,P
79067,79087,QRS
79124,79169,T
79234,79257,P
79271,79290,QRS
79327,79370,T
79441,79464,P
79472,79504,QRS
79535,79581,T
79655,79679,P
79693,79713,QRS
79751,79812,T
79864,79889,P
79903,79929,QRS
79960,80005,T
80068,80092,P
80106,80131,QRS
80164,80207,T
80270,80294,P
80307,80327,QRS
80365,80407,T
80469,80494,P
80508,80532,QRS
80565,80613,T
80671,80697,P
80709,80735,QRS
80768,80812,T
80878,80901,P
80916,80935,QRS
80973,81014,T
81083,81106,P
81121,81140,QRS
81180,81224,T
81298,81313,P
81337,81357,QRS
81395,81442,T
81512,81537,P
81552,81576,QRS
81612,81653,T
81719,81743,P
81758,81777,QRS
81815,81860,T
81924,81948,P
81962,81987,QRS
82020,82065,T
82122,82147,P
82162,82187,QRS
82216,82265,T
82325,82349,P
82363,82383,QRS
82421,82465,T
82523,82546,P
82561,82580,QRS
82617,82662,T
82728,82755,P
82766,82790,QRS
82822,82870,T
82939,82962,P
82970,83000,QRS
83033,83082,T
83148,83172,P
83186,83215,QRS
83244,83289,T
83348,83371,P
83386,83412,QRS
83440,83486,T
83542,83568,P
83581,83600,QRS
83638,83683,T
83745,83769,P
83783,83803,QRS
83840,83886,T
83956,83978,P
83993,84013,QRS
84050,84097,T
84171,84197,P
84209,84229,QRS
84267,84314,T
84385,84409,P
84422,84441,QRS
84479,84524,T
84600,84623,P
84638,84663,QRS
84696,84741,T
84811,84835,P
84849,84875,QRS
84912,84953,T
85016,85040,P
85055,85074,QRS
85110,85157,T
85208,85239,P
85254,85274,QRS
85312,85356,T
85421,85444,P
85459,85483,QRS
85515,85562,T
85627,85650,P
85665,85690,QRS
85722,85767,T
85828,85850,P
85866,85891,QRS
85921,85966,T
86024,86048,P
86063,86087,QRS
86120,86165,T
86227,86250,P
86266,86285,QRS
86322,86367,T
86439,86461,P
86477,86496,QRS
86533,86579,T
86657,86680,P
86695,86720,QRS
86751,86797,T
86876,86899,P
86913,86937,QRS
86970,87019,T
87098,87124,P
87138,87158,QRS
87196,87242,T
87322,87345,P
87360,87379,QRS
87417,87461,T
87534,87558,P
87572,87596,QRS
87629,87673,T
87740,87762,P
87778,87803,QRS
87836,87917,T
87941,87965,P
87979,88004,QRS
88037,88083,T
88138,88161,P
88176,88196,QRS
88234,88278,T
88334,88356,P
88371,88390,QRS
88427,88471,T
88539,88563,P
88576,88595,QRS
88633,88678,T
88745,88779,P
88787,88813,QRS
88851,88897,T
88971,88996,P
89010,89034,QRS
89068,89109,T
89191,89213,P
89227,89246,QRS
89285,89328,T
89406,89428,P
89442,89467,QRS
89500,89544,T
89621,89646,P
89659,89679,QRS
89717,89762,T
89841,89864,P
89878,89898,QRS
89936,89980,T
90062,90090,P
90094,90119,QRS
90157,90202,T
90283,90307,P
90321,90341,QRS
90379,90426,T
90499,90524,P
90538,90557,QRS
90608,90641,T
90714,90738,P
90752,90777,QRS
90809,90854,T
90917,90944,P
90957,90977,QRS
91014,91060,T
91126,91150,P
91164,91187,QRS
91221,91269,T
91335,91359,P
91372,91398,QRS
91429,91476,T
91536,91558,P
91574,91598,QRS
91631,91677,T
91729,91754,P
91768,91793,QRS
91825,91868,T
91919,91944,P
91958,91982,QRS
92014,92060,T
92112,92133,P
92147,92167,QRS
92203,92249,T
92297,92319,P
92334,92363,QRS
92390,92436,T
92492,92515,P
92529,92552,QRS
92586,92629,T
92701,92725,P
92739,92759,QRS
92797,92841,T
92935,92960,P
92974,92994,QRS
93033,93080,T
93178,93202,P
93216,93234,QRS
93271,93313,T
93400,93426,P
93439,93465,QRS
93496,93542,T
93609,93646,P
93657,93677,QRS
93715,93761,T
93835,93860,P
93874,93893,QRS
93931,93977,T
94049,94074,P
94086,94105,QRS
94142,94188,T
94257,94280,P
94294,94319,QRS
94352,94397,T
94460,94482,P
94498,94523,QRS
94556,94602,T
94666,94689,P
94704,94723,QRS
94762,94805,T
94869,94893,P
94907,94926,QRS
94964,95009,T
95070,95096,P
95109,95135,QRS
95165,95211,T
95268,95295,P
95309,95336,QRS
95367,95408,T
95467,95492,P
95505,95524,QRS
95562,95608,T
95661,95683,P
95699,95718,QRS
95755,95799,T
95848,95871,P
95885,95905,QRS
95940,95985,T
96033,96058,P
96072,96092,QRS
96129,96173,T
96223,96255,P
96271,96296,QRS
96326,96375,T
96428,96456,P
96472,96491,QRS
96528,96572,T
96633,96656,P
96670,96690,QRS
96727,96772,T
96840,96866,P
96879,96898,QRS
96937,96982,T
97062,97086,P
97100,97124,QRS
97158,97205,T
97280,97304,P
97318,97337,QRS
97375,97420,T
97495,97518,P
97533,97552,QRS
97590,97636,T
97709,97734,P
97747,97771,QRS
97803,97850,T
97920,97944,P
97958,97977,QRS
98015,98061,T
98126,98150,P
98164,98190,QRS
98221,98266,T
98320,98345,P
98359,98386,QRS
98412,98461,T
98515,98541,P
98554,98573,QRS
98611,98656,T
98719,98742,P
98756,98775,QRS
98814,98857,T
98937,98961,P
98975,98995,QRS
99032,99077,T
99178,99202,P
99215,99234,QRS
99271,99313,T
99422,99444,P
99459,99478,QRS
99517,99563,T
99663,99686,P
99700,99724,QRS
99757,99803,T
99893,99916,P
99920,99949,QRS
99987,100033,T
100118,100142,P
100155,100179,QRS
100214,100260,T
100340,100364,P
100379,100403,QRS
100437,100483,T
100555,100579,P
100593,100613,QRS
100651,100698,T
100760,100783,P
100797,100818,QRS
100853,100899,T
100958,100984,P
100996,101024,QRS
101053,101099,T
101161,101186,P
101200,101220,QRS
101258,101303,T
101373,101399,P
101411,101431,QRS
101468,101514,T
101604,101630,P
101641,101665,QRS
101697,101744,T
101837,101861,P
101874,101899,QRS
101933,101980,T
102074,102098,P
102113,102137,QRS
102171,102217,T
102300,102322,P
102338,102364,QRS
102396,102441,T
102508,102530,P
102546,102571,QRS
102602,102649,T
102710,102735,P
102750,102769,QRS
102808,102853,T
102913,102936,P
102951,102971,QRS
103008,103054,T
103112,103136,P
103151,103178,QRS
103208,103253,T
103320,103345,P
103358,103382,QRS
103414,103461,T
103536,103559,P
103573,103593,QRS
103631,103678,T
103758,103782,P
103797,103816,QRS
103854,103900,T
103983,104011,P
104021,104045,QRS
104078,104122,T
104205,104228,P
104243,104269,QRS
104301,104346,T
104420,104445,P
104460,104485,QRS
104519,104564,T
104643,104668,P
104681,104700,QRS
104738,104783,T
104866,104888,P
104903,104922,QRS
104960,105007,T
105089,105113,P
105127,105147,QRS
105186,105231,T
105308,105332,P
105348,105374,QRS
105405,105452,T
105519,105541,P
105556,105581,QRS
105614,105658,T
105721,105744,P
105758,105777,QRS
105815,105862,T
105920,105943,P
105958,105977,QRS
106014,106061,T
106128,106151,P
106168,106187,QRS
106223,106271,T
106346,106373,P
106385,106410,QRS
106443,106486,T
106564,106587,P
106602,106621,QRS
106659,106704,T
106788,106811,P
106816,106846,QRS
106885,106931,T
107034,107056,P
107072,107097,QRS
107130,107176,T
107263,107293,P
107307,107331,QRS
107364,107436,T
107497,107521,P
107535,107555,QRS
107593,107639,T
107718,107756,P
107771,107791,QRS
107829,107876,T
107976,108000,P
108014,108033,QRS
108073,108119,T
108214,108236,P
108251,108270,QRS
108309,108354,T
108438,108462,P
108477,108502,QRS
108535,108582,T
108659,108684,P
108698,108718,QRS
108757,108802,T
108875,108899,P
108913,108932,QRS
108970,109017,T
109080,109111,P
109124,109149,QRS
109182,109229,T
109295,109319,P
109332,109357,QRS
109390,109437,T
109499,109523,P
109537,109562,QRS
109595,109641,T
109705,109731,P
109743,109763,QRS
109799,109845,T
109915,109939,P
109953,109972,QRS
110011,110056,T
110134,110158,P
110173,110192,QRS
110231,110277,T
110356,110382,P
110396,110423,QRS
110454,110500,T
110569,110595,P
110601,110632,QRS
110664,110717,T
110772,110796,P
110811,110837,QRS
110868,110915,T
110973,110998,P
111012,111031,QRS
111070,111116,T
111174,111200,P
111212,111232,QRS
111270,111312,T
111380,111403,P
111417,111436,QRS
111474,111518,T
111589,111616,P
111626,111647,QRS
111685,111731,T
111812,111834,P
111850,111870,QRS
111910,111954,T
112036,112060,P
112075,112099,QRS
112131,112178,T
112249,112271,P
112286,112313,QRS
112344,112388,T
112449,112473,P
112488,112507,QRS
112546,112591,T
112652,112675,P
112689,112709,QRS
112749,112793,T
112855,112878,P
112893,112917,QRS
112951,112997,T
113059,113083,P
113097,113116,QRS
113154,113198,T
113263,113286,P
113301,113321,QRS
113359,113405,T
113472,113495,P
113510,113535,QRS
113567,113615,T
113685,113708,P
113718,113749,QRS
113781,113826,T
113893,113916,P
113931,113957,QRS
113988,114031,T
114095,114120,P
114134,114158,QRS
114190,114236,T
114298,114334,P
114337,114357,QRS
114397,114443,T
114503,114526,P
114541,114565,QRS
114600,114645,T
114704,114727,P
114742,114766,QRS
114798,114843,T
114900,114924,P
114938,114963,QRS
114995,115041,T
115091,115118,P
115131,115156,QRS
115189,115236,T
115289,115314,P
115328,115347,QRS
115386,115431,T
115494,115518,P
115525,115551,QRS
115589,115633,T
115712,115735,P
115749,115774,QRS
115806,115853,T
115935,115957,P
115973,115998,QRS
116030,116078,T
116159,116184,P
116197,116217,QRS
116255,116301,T
116380,116403,P
116417,116441,QRS
116475,116521,T
116597,116624,P
116628,116660,QRS
116694,116740,T
116817,116841,P
116855,116880,QRS
116914,116960,T
117023,117038,P
117070,117090,QRS
117128,117173,T
117243,117266,P
117280,117306,QRS
117338,117383,T
117445,117472,P
117487,117514,QRS
117544,117591,T
117651,117677,P
117692,117716,QRS
117750,117796,T
117855,117881,P
117896,117924,QRS
117954,117999,T
118067,118091,P
118105,118124,QRS
118161,118205,T
118290,118314,P
118329,118348,QRS
118386,118432,T
118528,118554,P
118567,118592,QRS
118626,118673,T
118750,118773,P
118789,118822,QRS
118847,118891,T
118967,118991,P
119006,119025,QRS
119063,119107,T
119194,119218,P
119233,119252,QRS
119291,119338,T
119421,119446,P
119461,119481,QRS
119521,119564,T
119643,119667,P
119681,119706,QRS
119733,119784,T
119856,119880,P
119894,119918,QRS
119951,119997,T
120067,120092,P
120106,120125,QRS
120164,120211,T
120281,120306,P
120319,120338,QRS
120377,120422,T
120497,120521,P
120534,120554,QRS
120591,120636,T
120712,120736,P
120750,120775,QRS
120809,120854,T
120927,120962,P
120976,121001,QRS
121035,121081,T
121160,121182,P
121197,121224,QRS
121254,121300,T
121378,121403,P
121417,121441,QRS
121473,121521,T
121598,121620,P
121635,121660,QRS
121692,121739,T
121813,121834,P
121851,121876,QRS
121909,121956,T
122030,122053,P
122068,122087,QRS
122128,122170,T
122246,122270,P
122284,122313,QRS
122341,122386,T
122456,122481,P
122494,122519,QRS
122552,122598,T
122661,122685,P
122700,122719,QRS
122757,122802,T
122867,122891,P
122905,122925,QRS
122962,123006,T
123079,123101,P
123115,123140,QRS
123172,123220,T
123291,123315,P
123329,123355,QRS
123389,123433,T
123511,123535,P
123550,123569,QRS
123608,123653,T
123744,123769,P
123782,123801,QRS
123839,123884,T
123980,124004,P
124018,124038,QRS
124076,124123,T
124209,124231,P
124249,124274,QRS
124308,124354,T
124435,124459,P
124473,124492,QRS
124530,124576,T
124657,124680,P
124694,124714,QRS
124751,124798,T
124881,124904,P
124919,124943,QRS
124977,125024,T
125099,125129,P
125131,125164,QRS
125195,125244,T
125309,125332,P
125348,125372,QRS
125405,125450,T
125516,125540,P
125554,125573,QRS
125610,125655,T
125724,125749,P
125763,125782,QRS
125820,125869,T
125939,125964,P
125978,125997,QRS
126037,126084,T
126157,126182,P
126194,126219,QRS
126251,126327,T
126369,126395,P
126409,126433,QRS
126465,126513,T
126584,126606,P
126621,126647,QRS
126681,126726,T
126791,126816,P
126830,126856,QRS
126887,126929,T
126990,127013,P
127027,127051,QRS
127084,127128,T
127180,127203,P
127218,127237,QRS
127274,127319,T
127373,127401,P
127412,127431,QRS
127469,127514,T
127578,127603,P
127617,127636,QRS
127673,127719,T
127797,127819,P
127836,127854,QRS
127891,127937,T
128020,128045,P
128058,128077,QRS
128115,128160,T
128249,128272,P
128287,128307,QRS
128346,128392,T
128483,128509,P
128521,128546,QRS
128578,128624,T
128710,128733,P
128748,128767,QRS
128806,128851,T
128932,128956,P
128969,128994,QRS
129028,129071,T
129148,129173,P
129187,129212,QRS
129245,129325,T
129363,129388,P
129402,129421,QRS
129460,129505,T
129569,129593,P
129607,129636,QRS
129664,129710,T
129764,129791,P
129805,129830,QRS
129861,129908,T
129969,129994,P
130008,130027,QRS
130065,130112,T
130171,130195,P
130210,130229,QRS
130267,130313,T
130376,130401,P
130414,130439,QRS
130469,130515,T
130584,130607,P
130621,130646,QRS
130678,130725,T
130793,130817,P
130831,130857,QRS
130890,130936,T
131006,131035,P
131049,131069,QRS
131105,131153,T
131232,131256,P
131269,131289,QRS
131327,131375,T
131452,131476,P
131490,131513,QRS
131546,131593,T
131672,131695,P
131711,131732,QRS
131768,131816,T
131894,131919,P
131933,131957,QRS
131990,132034,T
132107,132130,P
132145,132164,QRS
132202,132248,T
132314,132340,P
132352,132376,QRS
132410,132457,T
132521,132546,P
132559,132584,QRS
132628,132664,T
132720,132744,P
132759,132784,QRS
132816,132861,T
132910,132942,P
132957,132976,QRS
133013,133059,T
133117,133140,P
133155,133174,QRS
133211,133258,T
133329,133355,P
133367,133386,QRS
133425,133471,T
133534,133564,P
133580,133603,QRS
133637,133681,T
133753,133776,P
133790,133833,QRS
133848,133894,T
133957,133982,P
133998,134022,QRS
134056,134102,T
134172,134196,P
134211,134231,QRS
134269,134314,T
134385,134409,P
134422,134449,QRS
134479,134524,T
134600,134623,P
134637,134656,QRS
134696,134738,T
134816,134839,P
134854,134877,QRS
134912,134959,T
135025,135063,P
135077,135096,QRS
135135,135182,T
135254,135278,P
135292,135311,QRS
135349,135395,T
135461,135484,P
135498,135523,QRS
135556,135601,T
135660,135684,P
135699,135725,QRS
135756,135803,T
135865,135889,P
135904,135923,QRS
135962,136006,T
136064,136089,P
136102,136122,QRS
136159,136204,T
136260,136283,P
136298,136322,QRS
136356,136399,T
136459,136483,P
136497,136521,QRS
136554,136600,T
136660,136684,P
136699,136719,QRS
136757,136803,T
136874,136901,P
136906,136932,QRS
136970,137016,T
137093,137116,P
137130,137149,QRS
137186,137233,T
137313,137337,P
137352,137371,QRS
137409,137455,T
137536,137561,P
137574,137598,QRS
137633,137677,T
137753,137776,P
137790,137814,QRS
137847,137892,T
137955,137978,P
137993,138020,QRS
138050,138098,T
138158,138180,P
138196,138215,QRS
138253,138298,T
138358,138382,P
138397,138416,QRS
138455,138499,T
138560,138583,P
138597,138631,QRS
138654,138699,T
138756,138779,P
138794,138818,QRS
138851,138896,T
138960,138982,P
138997,139017,QRS
139055,139100,T
139173,139198,P
139212,139236,QRS
139271,139316,T
139392,139415,P
139429,139449,QRS
139486,139530,T
139605,139628,P
139643,139668,QRS
139700,139747,T
139811,139832,P
139850,139877,QRS
139909,139958,T
140015,140037,P
140053,140072,QRS
140108,140155,T
140210,140235,P
140247,140267,QRS
140304,140349,T
140391,140422,P
140436,140464,QRS
140492,140539,T
140587,140612,P
140627,140651,QRS
140684,140730,T
140780,140803,P
140818,140838,QRS
140875,140921,T
140966,140990,P
141005,141024,QRS
141062,141106,T
141149,141173,P
141188,141208,QRS
141244,141289,T
141331,141362,P
141377,141403,QRS
141432,141479,T
141535,141560,P
141576,141600,QRS
141638,141680,T
141739,141764,P
141778,141797,QRS
141835,141879,T
141930,141964,P
141979,141998,QRS
142035,142080,T
142144,142169,P
142183,142207,QRS
142240,142287,T
142345,142370,P
142380,142412,QRS
142443,142491,T
142548,142573,P
142587,142612,QRS
142645,142689,T
142745,142770,P
142785,142804,QRS
142840,142886,T
142945,142967,P
142983,143006,QRS
143039,143085,T
143148,143171,P
143186,143211,QRS
143244,143289,T
143354,143379,P
143393,143418,QRS
143447,143496,T
143559,143583,P
143597,143621,QRS
143652,143698,T
143768,143793,P
143805,143830,QRS
143863,143907,T
143972,143996,P
144011,144041,QRS
144068,144115,T
144184,144208,P
144223,144242,QRS
144280,144324,T
144395,144420,P
144433,144453,QRS
144488,144535,T
144608,144632,P
144636,144670,QRS
144703,144750,T
144822,144846,P
144861,144886,QRS
144927,144964,T
145035,145058,P
145073,145097,QRS
145130,145177,T
145239,145263,P
145270,145304,QRS
145332,145379,T
145437,145460,P
145475,145501,QRS
145533,145577,T
145635,145659,P
145674,145694,QRS
145733,145777,T
145832,145854,P
145869,145889,QRS
145926,145969,T
146029,146053,P
146066,146086,QRS
146122,146167,T
146226,146251,P
146265,146289,QRS
146319,146365,T
146424,146448,P
146463,146487,QRS
146520,146566,T
146626,146651,P
146665,146684,QRS
146732,146766,T
146829,146853,P
146866,146892,QRS
146922,146967,T
147032,147059,P
147072,147096,QRS
147128,147173,T
147242,147269,P
147282,147308,QRS
147340,147386,T
147458,147482,P
147497,147522,QRS
147553,147599,T
147666,147691,P
147705,147730,QRS
147762,147805,T
147880,147904,P
147918,147937,QRS
147975,148020,T
148099,148124,P
148137,148157,QRS
148195,148239,T
148327,148354,P
148366,148385,QRS
148424,148468,T
148550,148574,P
148587,148611,QRS
148644,148688,T
148769,148793,P
148808,148828,QRS
148866,148912,T
148992,149015,P
149030,149056,QRS
149088,149136,T
149209,149233,P
149247,149272,QRS
149305,149350,T
149420,149446,P
149458,149482,QRS
149515,149562,T
149625,149649,P
149664,149688,QRS
149720,149769,T
149825,149850,P
149865,149889,QRS
149923,149967,T
150025,150051,P
150065,150084,QRS
150121,150165,T
150226,150249,P
150263,150283,QRS
150318,150364,T
150438,150463,P
150477,150497,QRS
150534,150580,T
150669,150693,P
150707,150731,QRS
150766,150812,T
150897,150923,P
150935,150959,QRS
150993,151037,T
151121,151145,P
151153,151187,QRS
151218,151263,T
151327,151357,P
151373,151399,QRS
151430,151475,T
151539,151566,P
151581,151600,QRS
151639,151683,T
151747,151770,P
151785,151805,QRS
151844,151888,T
151954,151979,P
151993,152012,QRS
152051,152095,T
152168,152193,P
152207,152231,QRS
152264,152311,T
152382,152406,P
152421,152440,QRS
152477,152525,T
152594,152617,P
152632,152656,QRS
152687,152737,T
152806,152830,P
152844,152868,QRS
152899,152944,T
153016,153038,P
153054,153079,QRS
153111,153158,T
153223,153247,P
153262,153290,QRS
153318,153363,T
153423,153448,P
153461,153487,QRS
153518,153561,T
153621,153646,P
153660,153679,QRS
153717,153761,T
153827,153851,P
153866,153885,QRS
153922,153969,T
154049,154077,P
154088,154107,QRS
154144,154190,T
154274,154298,P
154312,154335,QRS
154369,154417,T
154492,154516,P
154530,154554,QRS
154588,154633,T
154708,154732,P
154748,154773,QRS
154805,154853,T
154917,154941,P
154956,154981,QRS
155013,155057,T
155117,155139,P
155155,155175,QRS
155212,155256,T
155314,155337,P
155352,155371,QRS
155408,155453,T
155514,155539,P
155553,155573,QRS
155610,155655,T
155723,155750,P
155763,155782,QRS
155820,155864,T
155934,155958,P
155972,155997,QRS
156027,156073,T
156145,156168,P
156183,156208,QRS
156239,156334,T
156359,156384,P
156398,156418,QRS
156456,156502,T
156580,156605,P
156618,156646,QRS
156675,156721,T
156803,156826,P
156840,156864,QRS
156897,156943,T
157025,157048,P
157064,157089,QRS
157122,157167,T
157252,157276,P
157291,157315,QRS
157349,157396,T
157471,157494,P
157509,157534,QRS
157566,157612,T
157680,157704,P
157718,157743,QRS
157776,157820,T
157890,157916,P
157929,157949,QRS
157988,158034,T
158107,158131,P
158144,158165,QRS
158204,158250,T
158329,158352,P
158367,158386,QRS
158422,158468,T
158552,158575,P
158589,158609,QRS
158645,158691,T
158777,158804,P
158817,158841,QRS
158875,158921,T
159006,159031,P
159044,159069,QRS
159102,159150,T
159221,159244,P
159258,159286,QRS
159314,159362,T
159431,159454,P
159468,159488,QRS
159525,159571,T
159639,159664,P
159679,159699,QRS
159737,159783,T
159855,159878,P
159893,159917,QRS
159950,159996,T
160062,160086,P
160100,160124,QRS
160155,160200,T
160261,160285,P
160299,160319,QRS
160355,160400,T
160461,160485,P
160500,160540,QRS
160558,160606,T
160669,160692,P
160708,160734,QRS
160766,160811,T
160868,160900,P
160913,160932,QRS
160969,161014,T
161083,161107,P
161121,161141,QRS
161177,161224,T
161300,161324,P
161339,161366,QRS
161395,161440,T
161522,161546,P
161560,161584,QRS
161617,161663,T
161739,161766,P
161778,161797,QRS
161836,161879,T
161961,161987,P
161999,162024,QRS
162058,162105,T
162181,162206,P
162220,162246,QRS
162279,162325,T
162395,162419,P
162433,162458,QRS
162490,162537,T
162603,162626,P
162637,162660,QRS
162698,162743,T
162811,162835,P
162849,162874,QRS
162908,162954,T
163020,163045,P
163059,163083,QRS
163116,163163,T
163228,163252,P
163266,163291,QRS
163322,163368,T
163431,163453,P
163469,163495,QRS
163525,163571,T
163634,163657,P
163671,163695,QRS
163729,163773,T
163837,163860,P
163877,163896,QRS
163935,163980,T
164048,164073,P
164087,164107,QRS
164143,164190,T
164261,164284,P
164298,164324,QRS
164355,164401,T
164473,164500,P
164513,164532,QRS
164571,164615,T
164691,164716,P
164730,164755,QRS
164788,164834,T
164909,164932,P
164947,164973,QRS
165004,165052,T
165119,165142,P
165157,165181,QRS
165213,165259,T
165331,165353,P
165369,165393,QRS
165426,165472,T
165544,165572,P
165585,165610,QRS
165643,165689,T
165762,165786,P
165799,165819,QRS
165856,165938,T
165971,165995,P
166008,166033,QRS
166065,166111,T
166179,166202,P
166218,166253,QRS
166274,166324,T
166385,166409,P
166424,166451,QRS
166481,166528,T
166591,166615,P
166630,166649,QRS
166686,166733,T
166789,166814,P
166828,166854,QRS
166883,166930,T
166990,167016,P
167029,167054,QRS
167085,167133,T
167199,167224,P
167238,167258,QRS
167296,167340,T
167406,167429,P
167434,167464,QRS
167502,167546,T
167625,167650,P
167663,167688,QRS
167721,167767,T
167839,167861,P
167877,167902,QRS
167934,167979,T
168048,168071,P
168086,168111,QRS
168144,168188,T
168256,168282,P
168295,168314,QRS
168350,168396,T
168463,168486,P
168500,168526,QRS
168559,168603,T
168667,168692,P
168706,168730,QRS
168763,168810,T
168877,168900,P
168915,168935,QRS
168972,169017,T
169084,169107,P
169122,169145,QRS
169178,169223,T
169286,169311,P
169326,169351,QRS
169382,169430,T
169493,169516,P
169530,169554,QRS
169586,169635,T
169701,169727,P
169740,169760,QRS
169797,169840,T
169907,169929,P
169944,169963,QRS
169999,170044,T
170105,170128,P
170145,170168,QRS
170201,170246,T
170307,170332,P
170345,170369,QRS
170401,170448,T
170513,170538,P
170551,170576,QRS
170608,170654,T
170722,170743,P
170746,170779,QRS
170815,170860,T
170931,170955,P
170969,170989,QRS
171025,171071,T
171140,171166,P
171178,171203,QRS
171236,171282,T
171343,171373,P
171388,171412,QRS
171445,171491,T
171558,171581,P
171596,171622,QRS
171652,171698,T
171756,171779,P
171793,171819,QRS
171849,171896,T
171949,171971,P
171987,172013,QRS
172044,172089,T
172142,172165,P
172181,172201,QRS
172233,172283,T
172328,172352,P
172367,172395,QRS
172422,172466,T
172512,172538,P
172552,172576,QRS
172606,172650,T
172694,172719,P
172733,172752,QRS
172789,172832,T
172875,172899,P
172914,172933,QRS
172970,173015,T
173057,173083,P
173097,173116,QRS
173151,173197,T
173243,173275,P
173288,173313,QRS
173344,173389,T
173440,173470,P
173482,173502,QRS
173539,173584,T
173646,173670,P
173685,173704,QRS
173739,173785,T
173856,173879,P
173894,173919,QRS
173951,173996,T
174070,174095,P
174107,174127,QRS
174164,174208,T
174280,174304,P
174318,174348,QRS
174374,174419,T
174499,174525,P
174537,174562,QRS
174594,174640,T
174713,174737,P
174751,174776,QRS
174808,174854,T
174921,174945,P
174960,174985,QRS
175015,175060,T
175125,175150,P
175163,175182,QRS
175220,175265,T
175342,175367,P
175383,175403,QRS
175439,175546,T
175593,175617,P
175631,175655,QRS
175687,175734,T
175858,175886,P
175889,175922,QRS
175955,176000,T
176100,176124,P
176138,176163,QRS
176198,176243,T
176331,176356,P
176364,176399,QRS
176428,176475,T
176556,176580,P
176593,176617,QRS
176649,176694,T
176773,176803,P
176812,176838,QRS
176870,176916,T
176977,177009,P
177023,177047,QRS
177082,177125,T
177185,177216,P
177231,177250,QRS
177290,177334,T
177395,177427,P
177442,177462,QRS
177499,177544,T
177621,177645,P
177661,177680,QRS
177718,177766,T
177854,177880,P
177893,177913,QRS
177953,178000,T
178089,178113,P
178129,178148,QRS
178183,178235,T
178323,178346,P
178361,178384,QRS
178416,178465,T
178543,178567,P
178582,178607,QRS
178640,178687,T
178767,178792,P
178797,178825,QRS
178863,178911,T
178982,179005,P
179021,179045,QRS
179078,179123,T
179195,179219,P
179233,179257,QRS
179292,179337,T
179410,179434,P
179449,179472,QRS
179506,179553,T
179628,179653,P
179667,179692,QRS
179725,179770,T
179848,179870,P
179886,179910,QRS
179942,179988,T
180067,180092,P
180105,180130,QRS
180163,180209,T
180286,180311,P
180325,180349,QRS
180383,180430,T
180505,180529,P
180544,180568,QRS
180601,180644,T
180719,180743,P
180757,180781,QRS
180813,180859,T
180926,180953,P
180965,180991,QRS
181021,181068,T
181127,181150,P
181167,181192,QRS
181224,181270,T
181330,181354,P
181370,181389,QRS
181427,181470,T
181539,181560,P
181576,181595,QRS
181631,181677,T
181763,181785,P
181800,181824,QRS
181858,181905,T
181992,182017,P
182032,182055,QRS
182089,182136,T
182224,182249,P
182263,182287,QRS
182319,182366,T
182442,182473,P
182487,182511,QRS
182543,182589,T
182671,182695,P
182710,182751,QRS
182769,182816,T
182890,182914,P
182929,182954,QRS
182987,183033,T
183096,183120,P
183135,183159,QRS
183191,183236,T
183296,183321,P
183335,183354,QRS
183391,183437,T
183501,183526,P
183540,183559,QRS
183597,183648,T
183720,183746,P
183759,183778,QRS
183816,183862,T
183947,183969,P
183984,184003,QRS
184042,184087,T
184172,184195,P
184210,184230,QRS
184267,184313,T
184396,184419,P
184434,184458,QRS
184492,184538,T
184620,184644,P
184659,184683,QRS
184716,184762,T
184835,184860,P
184875,184899,QRS
184932,184977,T
185050,185074,P
185087,185106,QRS
185146,185190,T
185260,185285,P
185300,185324,QRS
185356,185404,T
185466,185489,P
185503,185528,QRS
185559,185605,T
185664,185688,P
185703,185722,QRS
185760,185805,T
185863,185887,P
185900,185920,QRS
185957,186053,T
186071,186096,P
186110,186136,QRS
186167,186214,T
186288,186313,P
186326,186345,QRS
186382,186428,T
186500,186524,P
186538,186557,QRS
186594,186638,T
186719,186744,P
186758,186777,QRS
186815,186862,T
186944,186970,P
186984,187004,QRS
187042,187087,T
187169,187192,P
187206,187234,QRS
187263,187311,T
187375,187403,P
187417,187443,QRS
187473,187520,T
187590,187615,P
187628,187648,QRS
187686,187732,T
187800,187824,P
187838,187862,QRS
187896,187941,T
188009,188035,P
188047,188066,QRS
188104,188146,T
188216,188238,P
188253,188276,QRS
188309,188354,T
188420,188443,P
188447,188477,QRS
188516,188561,T
188626,188650,P
188665,188691,QRS
188722,188770,T
188828,188851,P
188866,188891,QRS
188921,188966,T
189047,189061,P
189064,189084,QRS
189121,189167,T
189225,189247,P
189262,189286,QRS
189317,189364,T
189433,189456,P
189470,189490,QRS
189529,189573,T
189646,189667,P
189682,189701,QRS
189739,189783,T
189860,189884,P
189897,189916,QRS
189950,189999,T
190078,190100,P
190116,190140,QRS
190173,190219,T
190289,190313,P
190329,190354,QRS
190386,190432,T
190499,190524,P
190537,190556,QRS
190592,190640,T
190699,190724,P
190739,190759,QRS
190795,190840,T
190902,190925,P
190939,190964,QRS
190996,191042,T
191098,191123,P
191136,191162,QRS
191194,191239,T
191296,191320,P
191335,191355,QRS
191390,191437,T
191494,191523,P
191537,191557,QRS
191593,191641,T
191713,191735,P
191749,191775,QRS
191806,191854,T
191927,191952,P
191966,191990,QRS
192021,192070,T
192142,192166,P
192180,192199,QRS
192236,192281,T
192364,192388,P
192402,192422,QRS
192460,192505,T
192589,192613,P
192627,192653,QRS
192685,192732,T
192818,192842,P
192856,192881,QRS
192913,192954,T
193041,193067,P
193079,193104,QRS
193136,193182,T
193241,193263,P
193294,193320,QRS
193352,193398,T
193463,193488,P
193502,193528,QRS
193561,193608,T
193673,193698,P
193712,193731,QRS
193769,193849,T
193883,193909,P
193922,193946,QRS
193977,194025,T
194094,194117,P
194133,194154,QRS
194190,194237,T
194299,194324,P
194339,194364,QRS
194396,194442,T
194507,194533,P
194547,194566,QRS
194604,194648,T
194721,194744,P
194748,194778,QRS
194816,194860,T
194946,194970,P
194985,195004,QRS
195049,195088,T
195182,195207,P
195221,195241,QRS
195279,195325,T
195413,195436,P
195451,195475,QRS
195509,195554,T
195636,195658,P
195673,195698,QRS
195729,195776,T
195850,195873,P
195888,195913,QRS
195944,195992,T
196066,196089,P
196104,196129,QRS
196162,196208,T
196277,196300,P
196314,196340,QRS
196372,196417,T
196481,196504,P
196520,196546,QRS
196577,196622,T
196687,196712,P
196727,196752,QRS
196783,196855,T
196902,196927,P
196941,196960,QRS
196996,197045,T
197133,197159,P
197171,197195,QRS
197227,197274,T
197368,197390,P
197406,197430,QRS
197464,197510,T
197597,197621,P
197636,197665,QRS
197693,197757,T
197820,197844,P
197859,197884,QRS
197916,197962,T
198038,198062,P
198076,198095,QRS
198134,198178,T
198258,198281,P
198296,198315,QRS
198355,198400,T
198483,198507,P
198522,198541,QRS
198580,198625,T
198708,198732,P
198747,198771,QRS
198802,198850,T
198923,198954,P
198956,198982,QRS
199019,199065,T
199138,199161,P
199177,199200,QRS
199234,199281,T
199349,199373,P
199388,199414,QRS
199445,199493,T
199549,199578,P
199592,199611,QRS
199648,199693,T
199756,199778,P
199793,199813,QRS
199850,199894,T
199963,199987,P
200001,200025,QRS
200059,200104,T
200183,200210,P
200222,200247,QRS
200280,200326,T
200400,200423,P
200439,200459,QRS
200495,200541,T
200617,200640,P
200654,200674,QRS
200711,200755,T
200840,200865,P
200880,200905,QRS
200939,200985,T
201066,201089,P
201104,201128,QRS
201161,201206,T
201289,201315,P
201326,201346,QRS
201384,201429,T
201512,201539,P
201553,201572,QRS
201612,201655,T
201749,201773,P
201788,201812,QRS
201847,201892,T
201973,201996,P
202011,202036,QRS
202069,202114,T
202188,202211,P
202226,202245,QRS
202283,202328,T
202404,202428,P
202443,202462,QRS
202500,202561,T
202621,202646,P
202660,202683,QRS
202717,202763,T
202833,202859,P
202872,202897,QRS
202929,202974,T
203037,203061,P
203076,203101,QRS
203131,203179,T
203244,203268,P
203282,203302,QRS
203340,203386,T
203453,203476,P
203484,203516,QRS
203550,203595,T
203665,203689,P
203703,203728,QRS
203762,203805,T
203878,203902,P
203916,203935,QRS
203973,204018,T
204095,204119,P
204134,204153,QRS
204192,204238,T
204324,204359,P
204363,204387,QRS
204419,204467,T
204545,204570,P
204583,204608,QRS
204639,204686,T
204762,204785,P
204800,204819,QRS
204858,204903,T
204989,205014,P
205028,205053,QRS
205087,205133,T
205211,205235,P
205251,205276,QRS
205308,205355,T
205425,205449,P
205464,205488,QRS
205521,205566,T
205638,205663,P
205677,205697,QRS
205735,205780,T
205861,205884,P
205901,205925,QRS
205959,206006,T
206088,206111,P
206127,206152,QRS
206184,206230,T
206306,206330,P
206345,206370,QRS
206403,206448,T
206528,206553,P
206566,206590,QRS
206625,206670,T
206739,206761,P
206778,206804,QRS
206835,206882,T
206945,206969,P
206984,207009,QRS
207041,207085,T
207153,207177,P
207191,207211,QRS
207248,207352,T
207354,207374,P
207406,207425,QRS
207465,207513,T
207587,207614,P
207626,207651,QRS
207684,207730,T
207803,207829,P
207841,207865,QRS
207898,207942,T
208020,208045,P
208058,208078,QRS
208118,208161,T
208247,208269,P
208285,208304,QRS
208342,208390,T
208479,208503,P
208518,208542,QRS
208575,208623,T
208706,208729,P
208745,208768,QRS
208801,208852,T
208924,208948,P
208963,208986,QRS
209021,209066,T
209139,209167,P
209178,209206,QRS
209236,209285,T
209346,209371,P
209387,209414,QRS
209456,209490,T
209553,209577,P
209591,209610,QRS
209648,209693,T
209758,209780,P
209796,209815,QRS
209853,209898,T
209973,209997,P
210013,210040,QRS
210072,210119,T
210198,210223,P
210237,210263,QRS
210294,210340,T
210414,210438,P
210452,210471,QRS
210509,210555,T
210630,210655,P
210668,210687,QRS
210725,210772,T
210855,210878,P
210894,210918,QRS
210956,210997,T
211078,211102,P
211116,211140,QRS
211173,211219,T
211294,211318,P
211333,211357,QRS
211390,211437,T
211510,211534,P
211550,211574,QRS
211608,211655,T
211726,211750,P
211765,211785,QRS
211823,211870,T
211939,211962,P
211975,212000,QRS
212032,212078,T
212141,212162,P
212179,212198,QRS
212236,212283,T
212343,212366,P
212381,212401,QRS
212439,212485,T
212549,212573,P
212588,212612,QRS
212645,212691,T
212755,212779,P
212794,212813,QRS
212850,212896,T
212960,212985,P
212997,213023,QRS
213054,213099,T
213166,213190,P
213203,213229,QRS
213262,213308,T
213369,213396,P
213411,213435,QRS
213469,213514,T
213585,213610,P
213624,213644,QRS
213682,213726,T
213809,213833,P
213847,213866,QRS
213904,213950,T
214045,214068,P
214084,214109,QRS
214142,214190,T
214277,214304,P
214318,214343,QRS
214376,214421,T
214495,214519,P
214533,214564,QRS
214589,214633,T
214691,214720,P
214734,214758,QRS
214792,214837,T
214895,214922,P
214934,214953,QRS
214992,215038,T
215095,215119,P
215134,215154,QRS
215191,215236,T
215297,215319,P
215334,215353,QRS
215391,215460,T
215503,215527,P
215542,215567,QRS
215600,215645,T
215722,215746,P
215761,215785,QRS
215819,215865,T
215953,215976,P
215991,216010,QRS
216048,216094,T
216182,216204,P
216220,216240,QRS
216277,216323,T
216415,216439,P
216454,216473,QRS
216510,216559,T
216642,216677,P
216691,216714,QRS
216749,216796,T
216879,216902,P
216917,216940,QRS
216973,217020,T
217094,217119,P
217132,217155,QRS
217189,217234,T
217308,217332,P
217347,217371,QRS
217404,217452,T
217522,217545,P
217561,217585,QRS
217620,217665,T
217733,217756,P
217770,217796,QRS
217827,217874,T
217938,217962,P
217977,218002,QRS
218035,218080,T
218141,218161,P
218180,218206,QRS
218238,218285,T
218347,218372,P
218387,218406,QRS
218445,218490,T
218550,218573,P
218588,218612,QRS
218644,218690,T
218755,218779,P
218793,218817,QRS
218849,218894,T
218965,218990,P
219004,219029,QRS
219063,219108,T
219185,219210,P
219223,219243,QRS
219280,219325,T
219411,219437,P
219449,219467,QRS
219504,219551,T
219640,219658,P
219678,219704,QRS
219735,219782,T
219866,219891,P
219905,219930,QRS
219961,220010,T
220089,220112,P
220127,220153,QRS
220183,220230,T
220298,220325,P
220337,220357,QRS
220395,220440,T
220509,220532,P
220547,220567,QRS
220604,220650,T
220722,220746,P
220760,220786,QRS
220817,220860,T
220930,220953,P
220968,220992,QRS
221025,221070,T
221134,221157,P
221172,221192,QRS
221230,221274,T
221343,221366,P
221380,221400,QRS
221438,221485,T
221566,221589,P
221605,221624,QRS
221661,221708,T
221793,221815,P
221830,221849,QRS
221887,221934,T
222016,222039,P
222054,222073,QRS
222110,222158,T
222239,222263,P
222277,222301,QRS
222333,222384,T
222456,222480,P
222495,222519,QRS
222552,222598,T
222666,222691,P
222706,222730,QRS
222763,222808,T
222870,222894,P
222909,222933,QRS
222965,223012,T
223078,223101,P
223116,223135,QRS
223173,223220,T
223286,223308,P
223324,223350,QRS
223384,223428,T
223493,223517,P
223531,223563,QRS
223587,223633,T
223701,223724,P
223738,223758,QRS
223796,223840,T
223925,223949,P
223964,223983,QRS
224021,224067,T
224159,224189,P
224202,224227,QRS
224260,224306,T
224398,224420,P
224435,224461,QRS
224491,224539,T
224619,224644,P
224657,224677,QRS
224715,224757,T
